 # Molecular potential
 # R (nm)   Energy shift (MHz)
   1.3102251219453129E-004   0.0000000000000000     
   4.3922743894531162E-004   0.0000000000000000     
   9.2363287318388161E-004   0.0000000000000000     
   1.5842009964314168E-003   0.0000000000000000     
   2.4209246954721001E-003   0.0000000000000000     
   3.4338014496284393E-003   0.0000000000000000     
   4.6228297900816019E-003   0.0000000000000000     
   5.9880085059511078E-003   0.0000000000000000     
   7.5293364074326737E-003   0.0000000000000000     
   9.2468122404951759E-003   0.0000000000000000     
   1.1140434651612463E-002   0.0000000000000000     
   1.3210202171687510E-002   0.0000000000000000     
   1.5456113207998510E-002   0.0000000000000000     
   1.7878166039993225E-002   0.0000000000000000     
   2.0476358816841591E-002   0.0000000000000000     
   2.3250689556090606E-002   0.0000000000000000     
   2.6201156142746287E-002   0.0000000000000000     
   2.9327756328718351E-002   0.0000000000000000     
   3.2630487732473304E-002   0.0000000000000000     
   3.6109347838722293E-002   0.0000000000000000     
   3.9764333998272373E-002   0.0000000000000000     
   4.3595443427848171E-002   0.0000000000000000     
   4.7602673209961248E-002   0.0000000000000000     
   5.1786020292852765E-002   0.0000000000000000     
   5.6145481490355198E-002   0.0000000000000000     
   6.0681053481846665E-002   0.0000000000000000     
   6.5392732812150009E-002   0.0000000000000000     
   7.0280515891473105E-002   0.0000000000000000     
   7.5344398995351697E-002   0.0000000000000000     
   8.0584378264530646E-002   0.0000000000000000     
   8.6000449704957030E-002   0.0000000000000000     
   9.1592609187660198E-002   0.0000000000000000     
   9.7360852448698645E-002   0.0000000000000000     
  0.10330517508909022        0.0000000000000000     
  0.10942557257472584        0.0000000000000000     
  0.11572204023631119        0.0000000000000000     
  0.12219457326925992        0.0000000000000000     
  0.12884316673364085        0.0000000000000000     
  0.13566781555408897        0.0000000000000000     
  0.14266851451971285        0.0000000000000000     
  0.14984525828401110        0.0000000000000000     
  0.15719804136480420        0.0000000000000000     
  0.16472685814410468        0.0000000000000000     
  0.17243170286807352        0.0000000000000000     
  0.18031256964688927        0.0000000000000000     
  0.18836945245465792        0.0000000000000000     
  0.19660234512933888        0.0000000000000000     
  0.20501124137260890        0.0000000000000000     
  0.21359613474978645        0.0000000000000000     
  0.22235701868972019        0.0000000000000000     
  0.23129388648467386        0.0000000000000000     
  0.24040673129022636        0.0000000000000000     
  0.24969554612514863        0.0000000000000000     
  0.25916032387131593        0.0000000000000000     
  0.26880105727356385        0.0000000000000000     
  0.27861773893957381        0.0000000000000000     
  0.28861036133977946        0.0000000000000000     
  0.29877891680721225        0.0000000000000000     
  0.30912339753740004        0.0000000000000000     
  0.31964379558822476        0.0000000000000000     
  0.33034010287980031        0.0000000000000000     
  0.34121231119434797        0.0000000000000000     
  0.35226041217605464        0.0000000000000000     
  0.36348439733093996        0.0000000000000000     
  0.37488425802672004        0.0000000000000000     
  0.38645998549266697        0.0000000000000000     
  0.39821157081946468        0.0000000000000000     
  0.41013900495907407        0.0000000000000000     
  0.42224227872457470        0.0000000000000000     
  0.43452138279002217        0.0000000000000000     
  0.44697630769030167        0.0000000000000000     
  0.45960704382096479        0.0000000000000000     
  0.47241358143809470        0.0000000000000000     
  0.48539591065811599        0.0000000000000000     
  0.49855402145766559        0.0000000000000000     
  0.51188790367342007        0.0000000000000000     
  0.52539754700193353        0.0000000000000000     
  0.53908294099947052        0.0000000000000000     
  0.55294407508183518        0.0000000000000000     
  0.56698093852420450        0.0000000000000000     
  0.58119352046095540        0.0000000000000000     
  0.59558180988548992        0.0000000000000000     
  0.61014579565006233        0.0000000000000000     
  0.62488546646559617        0.0000000000000000     
  0.63980081090149699        0.0000000000000000     
  0.65489181738548774        0.0000000000000000     
  0.67015847420338814        0.0000000000000000     
  0.68560076949898185        0.0000000000000000     
  0.70121869127376757        0.0000000000000000     
  0.71701222738680626        0.0000000000000000     
  0.73298136555451066        0.0000000000000000     
  0.74912609335046410        0.0000000000000000     
  0.76544639820518401        0.0000000000000000     
  0.78194226740597805        0.0000000000000000     
  0.79861368809668698        0.0000000000000000     
  0.81546064727751422        0.0000000000000000     
  0.83248313180481193        0.0000000000000000     
  0.84968112839085885        0.0000000000000000     
  0.86705462360365071        0.0000000000000000     
  0.88460360386670356        0.0000000000000000     
  0.90232805545882355        0.0000000000000000     
  0.92022796451388178        0.0000000000000000     
  0.93830331702061776        0.0000000000000000     
  0.95655409882238618        0.0000000000000000     
  0.97498029561696453        0.0000000000000000     
  0.99358189295629340        0.0000000000000000     
   5.6250907136514794        484.32911783113673     
   5.6694057875584436        433.18442325943033     
   5.7138923052826120        396.21605884211289     
   5.7585502266787669        374.12916150542395     
   5.8033795113965780        366.58010679615086     
   5.8483801188800433        372.64580270891719     
   5.8935520083669353        390.81477885884931     
   5.9388951388882427        418.93471332317603     
   5.9844094692675815        454.78276255952989     
   6.0300949581206682        495.53939322592066     
   6.7358875235661841        470.18328577332693     
   6.7843057478510866        419.47397377147786     
   6.8328943947073926        370.87134556845189     
   6.8816534189092078        326.53542185801138     
   6.9305827750115965        288.08542440438583     
   6.9796824173499479        256.85163108348632     
   7.0289523000393732        233.78366703023022     
   7.0783923769741044        219.26094500694813     
   7.1280026018268634        213.33798946791953     
   7.1777829280482601        215.57512029308648     
   7.2277333088661635        225.17520063184116     
   7.2778536972850860        241.09803252336999     
   7.3281440460855674        262.00107754935237     
   7.3786043078235499        286.42214106266681     
   7.4292344348297350        312.88820494335982     
   7.4800343792089752        339.68882234554957     
   7.5310040928396376        365.51641329108838     
   7.5821435273729616        388.71000991821990     
   7.6334526342324471        408.19318708133835     
   7.6849313646131767        422.77829116925602     
   7.7365796694812401        431.59744426024838     
   7.7883974995730281        434.25642437082621     
   7.8403848053946188        430.24257374945307     
   7.8925415372211551        419.92599870673064     
   7.9448676450961528        403.48281631342360     
   7.9973630788308769        381.73689952963952     
   8.0500277880036908        355.71891377196863     
   8.1028617219593979        326.45375858929845     
   8.1558648298085910        295.50101545841216     
   8.2090370604269758        264.04195222565932     
   8.2623783624547542        233.54762744218260     
   8.3158886842959010        205.26720054573408     
   8.3695679741175670        180.20169720723354     
   8.4234161798493634        159.33896456233273     
   8.4774332491827149        143.21396093205783     
   8.5316191295701795        132.25026597613908     
   8.5859737682248038        126.57203248966854     
   8.6404971121194087        126.06324644273165     
   8.6951891079859447        130.39902327012476     
   8.7500497023148114        139.07752092122732     
   8.8050788413541436        151.41864708882963     
   8.8602764711091879        166.56037499430761     
   8.9156425373415598        183.65901121423633     
   8.9711769855686008        201.62267512955330     
   9.0268797610626628        219.45639027022403     
   9.0827508088504345        236.19416639292294     
   9.1387900737122454        250.75069221994104     
   9.1949975001813637        262.43045548961749     
   9.2513730325433094        270.49849290733812     
   9.3079166148351504        274.42791270334828     
   9.3646281908448028        274.13369216429169     
   9.4215077041103399        269.46613108562872     
   9.4785550979192656        260.70829113720191     
   9.5357703153078219        248.37034492951196     
   9.5931532990603010        232.90329447029421     
   9.6507039917082800        215.14786280970935     
   9.7084223355299635        195.88591678058896     
   9.7663082725494359        175.85453954519667     
   9.8243617445359703        155.98552229609925     
   9.8825826930032878        136.99318547334227     
   9.9409710592088487        119.56316183966129     
   9.9995267841531188        104.38843947027409     
   10.058249808578859        91.929363044579986     
   10.117140072970402        82.593307361008399     
   10.176197517552898        76.661190216417367     
   10.235422082291615        74.218268905500182     
   10.294813706891192        75.223236514860218     
   10.354372330794904        79.447887242586930     
   10.414097893183918        86.536227873397593     
   10.473990332976580        95.965426689581562     
   10.534049588827646        107.08609330798728     
   10.594275599127558        119.25486260420394     
   10.654668302001697        131.71276664950790     
   10.715227635309633        143.72396927959787     
   10.775953536644380        154.71081686242024     
   10.836845943331630        164.05289348695169     
   10.897904792429038        171.26625010532175     
   10.959130020725427        176.10017559888701     
   11.020521564740056        178.27637292134750     
   11.082079360721854        177.67128835796564     
   11.143803344648669        174.39371627894829     
   11.205693452226498        168.51162678280227     
   11.267749618888711        160.22169655368137     
   11.329971779795311        149.93447028009652     
   11.392359869832159        138.01946918121541     
   11.454913823610195        124.92911303794003     
   11.517633575464661        111.28133496430665     
   11.580519059454351        97.630835027783192     
   11.643570209360815        84.521115991320343     
   11.706786958687596        72.548903701240818     
   11.770169240659431        62.188891720496954     
   11.833716988221500        53.801478503260952     
   11.897430134038609        47.685552513238342     
   11.961308610494429        43.991464988593385     
   12.025352349690706        42.737554097151886     
   12.089561283446466        43.846010888326717     
   12.153935343297222        47.123491944798239     
   12.218474460494187        52.309754895123305     
   12.283178566003476        59.076713125720374     
   12.348047590505317        67.011143128478238     
   12.413081464393247        75.698576770990812     
   12.478280117773309        84.707980664978265     
   12.543643480463258        93.535239138816479     
   12.609171481991751        101.71686673394160     
   12.674864051597542        108.86238016712643     
   12.740721118228665        114.55886567757165     
   12.806742610541656        118.46590543795402     
   12.872928456900706        120.41757558698387     
   12.939278585376856        120.30931328600185     
   13.005792923747201        118.09721701727979     
   13.072471399494059        113.92256294824529     
   13.139313939804145        108.02891979831627     
   13.206320471567761        100.65714964755074     
   13.273490921377968        92.133295223117770     
   13.340825215529776        82.868399624937894     
   13.408323280019296        73.232776371860382     
   13.475985040542918        63.576566492150718     
   13.543810422496504        54.293535650795860     
   13.611799350974513        45.749030909149425     
   13.679951750769208        38.239645847250017     
   13.748267546369796        32.042677616318045     
   13.816746661961616        27.396903113316466     
   13.885389021425260        24.449891398955543     
   13.954194548335781        23.269453780453009     
   14.023163165961796        23.845840932432125     
   14.092294797264696        26.071019030184335     
   14.161589364897763        29.761784304943177     
   14.231046791205342        34.677518398170591     
   14.300666998221974        40.510814796005555     
   14.370449907671551        46.927346871219122     
   14.440395440966478        53.611398061798873     
   14.510503519206789        60.239199716025730     
   14.580774063179334        66.473640720763996     
   14.651206993356853        72.027504427042174     
   14.721802229897188        76.668299235918781     
   14.792559692642373        80.163273048907143     
   14.863479301117790        82.307385491703741     
   14.934560974531292        82.993402282869880     
   15.005804631772346        82.187509791631683     
   15.077210191411172        79.885400897869246     
   15.148777571697829        76.160767495443153     
   15.220506690561418        71.202379054614795     
   15.292397465609124        65.252959696634449     
   15.364449814125388        58.564181229495702     
   15.436663653071042        51.426926151435751     
   15.509038899082380        44.168747846354059     
   15.581575468470325        37.092078470269165     
   15.654273277219511        30.454613294030356     
   15.727132240987423        24.498987851695532     
   15.800152275103493        19.448267639994256     
   15.873333294568232        15.474339851634486     
   15.946675214052320        12.698852212089335     
   16.020177947895707        11.205910411218502     
   16.093841410106773        11.027361051202533     
   16.167665514361371        12.129443668795570     
   16.241650174001951        14.421944351466413     
   16.315795302036683        17.760073887161145     
   16.390100811138534        21.939687793082463     
   16.464566613644372        26.719654690171659     
   16.539192621554072        31.853402985303880     
   16.613978746529590        37.089805215091509     
   16.688924899894083        42.169055476074057     
   16.764030992631000        46.851603738993013     
   16.839296935383121        50.943774941160392     
   16.914722638451735        54.279056770428816     
   16.990308011795644        56.697660192488314     
   17.066052965030298        58.071662734065555     
   17.141957407426865        58.335682822739599     
   17.218021247911310        57.473885843698525     
   17.294244395063483        55.499186024562476     
   17.370626757116177        52.472903086367296     
   17.447168241954248        48.531032161017720     
   17.523868757113643        43.865297415714963     
   17.600728209780513        38.683944242205364     
   17.677746506790253        33.203319969914503     
   17.754923554626622        27.656989794732034     
   17.832259259420752        22.280441549309401     
   17.909753526950251        17.281420200687037     
   17.987406262638267        12.833918189322457     
   18.065217371552563        9.0914379567004726     
   18.143186758404550        6.1869788667499499     
   18.221314327548384        4.2183809522778475     
   18.299599982979998        3.2421689839762400     
   18.378043628336172        3.2765226757011798     
   18.456645166893605        4.2967617534004701     
   18.535404501567939        6.2274106959534743     
   18.614321534912868        8.9479641515069961     
   18.693396169119119        12.307807868188643     
   18.772628306013548        16.133041335401451     
   18.852017847058203        20.229357857358576     
   18.931564693349333        24.397299780864241     
   19.011268745616466        28.452730531133572     
   19.091129904221436        32.229827307381612     
   19.171148069157436        35.568997594425014     
   19.251323140048065        38.316465217943261     
   19.331655016146360        40.342845643450701     
   19.412143596333845        41.556930431009533     
   19.492788779119572        41.900403680763553     
   19.573590462639121        41.342194710806886     
   19.654548544653700        39.891046690274720     
   19.735662922549132        37.611726615155831     
   19.816933493334904        34.619331222045084     
   19.898360153643196        31.055292823757121     
   19.979942799727898        27.071167377636581     
   20.061681327463678        22.829080564185134     
   20.143575632344955        18.501772709671364     
   20.225625609484982        14.260389870303552     
   20.307831153614828        10.261276892637746     
   20.390192159082407        6.6452946253391785     
   20.472708519851526        3.5434332978660041     
   20.555380129500879        1.0737317796315446     
   20.638206881223088      -0.67124102665456564     
   20.721188667823682       -1.6341150231214725     
   20.804325381720169       -1.7941577673263616     
   20.887616914941013       -1.1666710272046055     
   20.971063159124665       0.19604058052282827     
   21.054664005518550        2.2079023182754907     
   21.138419344978114        4.7599067250067639     
   21.222329067965820        7.7309506124988836     
   21.306393064550154        10.990360596368143     
   21.390611224404612        14.395776963412409     
   21.474983436806767        17.796377414134746     
   21.559509590637205        21.042524120351224     
   21.644189574378569        23.993030010045789     
   21.729023276114567        26.516001894018046     
   21.814010583528930        28.491189491874497     
   21.899151383904474        29.821680100704214     
   21.984445564122041        30.449147351692158     
   22.069893010659523        30.358949354455476     
   22.155493609590884        29.571189146548548     
   22.241247246585104        28.128565612147828     
   22.327153806905219        26.092230561498724     
   22.413213175407279        23.544028735325096     
   22.499425236539356        20.585622291717417     
   22.585789874340545        17.331419322237970     
   22.672306972439941        13.902041377876291     
   22.758976414055624        10.424053630534981     
   22.845798081993657        7.0319170898199710     
   22.932771858647065        3.8636714359336137     
   23.019897625994826        1.0488235351952870     
   23.107175265600855       -1.3041321824510246     
   23.194604658612988       -3.1134440835927606     
   23.282185685761938       -4.3237308368084975     
   23.369918227360326       -4.9046849991077472     
   23.457802163301626       -4.8509982215782683     
   23.545837373059129       -4.1813886265950284     
   23.634023735684984       -2.9356073410742951     
   23.722361129809094       -1.1721497437769113     
   23.810849433638158        1.0307339409061556     
   23.899488524954606        3.5730645501008689     
   23.988278281115594        6.3356981392979890     
   24.077218579051952        9.1894538217753041     
   24.166309295267205        12.006426423445436     
   24.255550305836472        14.667516337313169     
   24.344941486405499        17.065085279699119     
   24.434482712189599        19.104530448285356     
   24.524173857972631        20.707605384901136     
   24.614014798105934        21.815657459203965     
   24.704005406507349        22.389403156077911     
   24.794145556660126        22.405786329823993     
   24.884435121611954        21.856764689015414     
   24.974873973973850        20.753573014503946     
   25.065461985919168        19.133862749792904     
   25.156199029182556        17.064882041520455     
   25.247084975058904        14.638447036856633     
   25.338119694402312        11.960218293512160     
   25.429303057625052        9.1396757781768692     
   25.520634934696510        6.2848040612051665     
   25.612115195142163        3.5003857819825059     
   25.703743708042516       0.88652247510364135     
   25.795520342032063       -1.4641150019134674     
   25.887444965298275       -3.4691826949436200     
   25.979517445580502       -5.0585869198498887     
   26.071737650168931       -6.1763276899375219     
   26.164105445903594       -6.7839103581354179     
   26.256620699173254       -6.8649668079526727     
   26.349283275914392       -6.4281895634824027     
   26.442093041610146       -5.5058861999241140     
   26.535049861289274       -4.1486590766892517     
   26.628153599525060       -2.4196520245756634     
   26.721404120434325      -0.39146255406087432     
   26.814801287676332        1.8542364319163798     
   26.908344964451725        4.2268519573855716     
   27.002035013501509        6.6290403077503850     
   27.095871297105983        8.9609457438505160     
   27.189853677083640        11.125059413996398     
   27.283982014790212        13.030771994626308     
   27.378256171117485        14.598999405588904     
   27.472676006492353        15.767257038107360     
   27.567241380875693        16.493984300045224     
   27.661952153761337        16.759779264348083     
   27.756808184174989        16.564410127541553     
   27.851809330673191        15.921445116305973     
   27.946955451342244        14.854346735602537     
   28.042246403797154        13.396783801170224     
   28.137682045180568        11.596398061492454     
   28.233262232161703        9.5182281581316222     
   28.328986820935310        7.2439820743280343     
   28.424855667220598        4.8663016610136527     
   28.520868626260150        2.4805260413971242     
   28.617025552818863       0.17756389984360715     
   28.713326301182931       -1.9601035268567613     
   28.809770725158710       -3.8597171738378200     
   28.906358678071712       -5.4585306161351603     
   29.003090012765501       -6.7044101230016908     
   29.099964581600631       -7.5570420130888083     
   29.196982236453593       -7.9895153332733333     
   29.294142828715746       -7.9901202715063793     
   29.391446209292244       -7.5641915657049159     
   29.488892228600960       -6.7353139103005226     
   29.586480736571431       -5.5446999908659818     
   29.684211582643773       -4.0479586591261851     
   29.782084615767651       -2.3099403490695058     
   29.880099684401156      -0.39980125132240735     
   29.978256636509759        1.6115443954072792     
   30.076555319565259        3.6511410251613738     
   30.174995580544678        5.6427061717409970     
   30.273577265929219        7.5072037755385219     
   30.372300221703185        9.1670169081872963     
   30.471164293352889        10.552895473064460     
   30.570169325865617        11.610714861688013     
   30.669315163728548        12.304990505902159     
   30.768601650927643        12.618102776520976     
   30.868028630946608        12.546734224718037     
   30.967595946765858        12.098275975413465     
   31.067303440861338        11.289273135766372     
   31.167150955203581        10.146158679821744     
   31.267138331256511        8.7069563310928508     
   31.367265409976465        7.0222048276837290     
   31.467532031811086        5.1540085255783152     
   31.567938036698209        3.1731496013088551     
   31.668483264064857        1.1549274963407350     
   31.769167552826129      -0.82537999166289755     
   31.869990741384147       -2.6966150871426287     
   31.970952667626932       -4.3947552633619029     
   32.072053168927411       -5.8645010557411510     
   32.173292082142247       -7.0596068760456268     
   32.274669243610887       -7.9427262656407391     
   32.376184489154369       -8.4858249870271862     
   32.477837654074293       -8.6718070719044533     
   32.579628573151801       -8.4969743188053464     
   32.681557080646407       -7.9729387152330178     
   32.783623010295003       -7.1264566522599395     
   32.885826195310727       -5.9966772349733128     
   32.988166468381948       -4.6308914060508952     
   33.090643661671137       -3.0808543429702846     
   33.193257606813845       -1.4013106108716047     
   33.296008134917578       0.34929016559058168     
   33.398895076560763        2.1076197594425068     
   33.501918261791651        3.8061592635227481     
   33.605077520127274        5.3770209419998647     
   33.708372680552337        6.7580795472137831     
   33.811803571518183        7.8988359124277689     
   33.915370020941680        8.7633223361882706     
   34.019071856204192        9.3290666538710028     
   34.122908904150471        9.5835038632567588     
   34.226880991087590        9.5206391846245637     
   34.330987942783906        9.1403336535608570     
   34.435229584467983        8.4506661894865953     
   34.539605740827454        7.4716788151426163     
   34.644116236008045        6.2377778801854458     
   34.748760893612456        4.7967881208410503     
   34.853539536699273        3.2056531741550942     
   34.958451987781949        1.5247040778310292     
   35.063498068827712      -0.18698247696114395     
   35.168677601256483       -1.8736155635821523     
   35.273990405939848       -3.4823814151571217     
   35.379436303199924       -4.9624414981701452     
   35.485015112808355       -6.2650618624318195     
   35.590726653985250       -7.3457005515294274     
   35.696570745398041       -8.1674274698168272     
   35.802547205160494       -8.7041032049486553     
   35.908655850831614       -8.9418882221467264     
   36.014896499414590       -8.8787124260771098     
   36.121268967355725       -8.5225150015585047     
   36.227773070543350       -7.8895711478891668     
   36.334408624306825       -7.0038091475803101     
   36.441175443415418       -5.8970678761012598     
   36.548073342077252       -4.6094186544025950     
   36.655102133938264       -3.1884955868990543     
   36.762261632081149       -1.6873300337096737     
   36.869551649024274      -0.16108642111920854     
   36.976971996720621        1.3362531615852065     
   37.084522486556793        2.7542278986634035     
   37.192202929351815        4.0468772023561099     
   37.300013135356274        5.1727939144753154     
   37.407952914251084        6.0951566737187379     
   37.516022075146516        6.7825143131992540     
   37.624220426581147        7.2104870361649320     
   37.732547776520782        7.3638573144465731     
   37.841003932357431        7.2381631950241649     
   37.949588700908208        6.8400776861528154     
   38.058301888414327        6.1864333463564085     
   38.167143300540012        5.3023677026311518     
   38.276112742371510        4.2193621201982161     
   38.385210018415975        2.9737886453843392     
   38.494434932600456        1.6061109458627216     
   38.603787288270837       0.16040957035887898     
   38.713266888190809       -1.3163129919423677     
   38.822873534540818       -2.7754530902512449     
   38.932607028917012       -4.1687798343554334     
   39.042467172330205       -5.4507106113981596     
   39.152453765204818       -6.5803748749060960     
   39.262566607377920       -7.5230784360866121     
   39.372805498098046       -8.2510881827142946     
   39.483170236024314       -8.7439490222091099     
   39.593660619225247       -8.9886589902100873     
   39.704276445177847       -8.9799271131931580     
   39.815017510766488       -8.7205112347498961     
   39.925883612281957       -8.2214295265971415     
   40.036874545420332       -7.5017803153554485     
   40.147990105282034       -6.5880164765173292     
   40.259230086370700       -5.5127271802614510     
   40.370594282592272       -4.3131548692026191     
   40.482082487253905       -3.0297208592950429     
   40.593694493062912       -1.7047348942045986     
   40.705430092125795      -0.38129264370328675     
   40.817289075947208       0.89777423695341052     
   40.929271235428935        2.0910609608521273     
   41.041376360868831        3.1599419249243823     
   41.153604241959862        4.0700382423124823     
   41.265954667789067        4.7926018791116176     
   41.378427426836495        5.3055893592791747     
   41.491022306974287        5.5942790024425557     
   41.603739095465535        5.6514291321883352     
   41.716577578963410        5.4771030904035012     
   41.829537543510021        5.0783368547688879     
   41.942618774535532        4.4687801562817935     
   42.055821056857027        3.6683366631642702     
   42.169144174677612        2.7027252907832957     
   42.282587911585331        1.6028386216854067     
   42.396152050552224       0.40380719279921973     
   42.509836373933297      -0.85623082950746177     
   42.623640663465501       -2.1375555730607556     
   42.737564700266795       -3.4003298560442885     
   42.851608264835086       -4.6059531077179683     
   42.965771137047277       -5.7182194513594391     
   43.080053096158252       -6.7042761849711985     
   43.194453920799901       -7.5354366173505030     
   43.308973388980135       -8.1879102849887353     
   43.423611278081850       -8.6434766549856761     
   43.538367364862026       -8.8900712455919706     
   43.653241425450638       -8.9222093343108906     
   43.768233235349804       -8.7411660692659279     
   43.883342569432692       -8.3548657997052924     
   43.998569201942558       -7.7774898016695539     
   44.113912906491869       -7.0288622383613397     
   44.229373456061182       -6.1336962658489869     
   44.344950622998297       -5.1207691453827433     
   44.460644179017223       -4.0220586303570203     
   44.576453895197204       -2.8718348891668803     
   44.692379541981808       -1.7056835523513998     
   44.808420889177881      -0.55944540861554670     
   44.924577705954668       0.53190907329514669     
   45.040849760842804        1.5354140900742719     
   45.157236821733377        2.4211713380695463     
   45.273738655876940        3.1632630778185971     
   45.390355029882627        3.7404646348858397     
   45.507085709717103        4.1367456269511615     
   45.623930460703711        4.3415841434183671     
   45.740889047521456        4.3501338522152517     
   45.857961234204126        4.1632765000194851     
   45.975146784139255        3.7875684776624547     
   46.092445460067282        3.2350639830145731     
   46.209857024080556        2.5229828942255810     
   46.327381237622426        1.6731965836629907     
   46.445017861486299       0.71152796071105773     
   46.562766655814691      -0.33310672054259438     
   46.680627380098336       -1.4296603526233860     
   46.798599793175228       -2.5459565347343451     
   46.916683653229732       -3.6496718832237502     
   47.034878717791614       -4.7092610435738500     
   47.153184743735167       -5.6948100306209541     
   47.271601487278296       -6.5788203728608812     
   47.390128703981567       -7.3369304984045582     
   47.508766148747313       -7.9485721940563900     
   47.627513575818746       -8.3975447691170721     
   47.746370738779056       -8.6724763191381911     
   47.865337390550465       -8.7671374105556961     
   47.984413283393337       -8.6805803589958170     
   48.103598168905343       -8.4170944439328022     
   48.222891798020484       -7.9859874062625860     
   48.342293921008242       -7.4012191479321370     
   48.461804287472702       -6.6809198492567070     
   48.581422646351633       -5.8468211898272147     
   48.701148745915596       -4.9236195862344765     
   48.820982333767155       -3.9382801801257172     
   48.940923156839879       -2.9192851182965796     
   49.060970961397516       -1.8958321685198696     
   49.181125493033157      -0.89699893373928807     
   49.301386496668314        4.9100183136645388E-002
   49.421753716552082       0.91612781305183244     
   49.542226896260303        1.6802692952320537     
   49.662805778694612        2.3208769291679450     
   49.783490106081679        2.8209915860052246     
   49.904279619972307        3.1677346558001727     
   50.025174061240619        3.3525749285931785     
   50.146173170083159        3.3714807255256800     
   50.267276686018057        3.2249666788187192     
   50.388484347884237        2.9180389622896707     
   50.509795893840533        2.4600361738185983     
   50.631211061364851        1.8643593063097073     
   50.752729587253391        1.1480857974677603     
   50.874351207619760       0.33146973926641693     
   50.996075657894139      -0.56265907793753578     
   51.117902672822545       -1.5095739182007051     
   51.239831986465916       -2.4833768952488704     
   51.361863332199363       -3.4577390958118897     
   51.483996442711330       -4.4066259004583017     
   51.606231050002776       -5.3049857190611922     
   51.728566885386400       -6.1293886045683443     
   51.851003679485807       -6.8586075488761775     
   51.973541162234753       -7.4741379752705051     
   52.096179062876296       -7.9606499074055161     
   52.218917109962071       -8.3063639149513850     
   52.341755031351425       -8.5033384718651295     
   52.464692554210707       -8.5476550319171150     
   52.587729405012439       -8.4394892562504307     
   52.710865309534569       -8.1830624032633832     
   52.834099992859691       -7.7864746111693011     
   52.957433179374249       -7.2614296309385873     
   53.080864592767846       -6.6228665024486588     
   53.204393956032362       -5.8885164688278389     
   53.328020991461308       -5.0784029910846202     
   53.451745420649047       -4.2143000371516388     
   53.575566964490015       -3.3191604919092770     
   53.699485343177955       -2.4165241913985160     
   53.823500276205259       -1.5299147676385130     
   53.947611482362163      -0.68223632648643873     
   54.071818679736019       0.10481581778786937     
   54.196121585710607       0.81131293696815343     
   54.320519916965324        1.4196000641032762     
   54.445013389474575        1.9147341191634872     
   54.569601718506981        2.2848379253479849     
   54.694284618624657        2.5213604355836385     
   54.819061803682530        2.6192396337459707     
   54.943932986827647        2.5769700833544258     
   55.068897880498461        2.3965808714742831     
   55.193956196424111        2.0835312803333950     
   55.319107645623731        1.6465311901972777     
   55.444351938405845        1.0972918336504975     
   55.569688784367536       0.45021119529084075     
   55.695117892393881      -0.27800194051200044     
   55.820638970657257       -1.0687600242787196     
   55.946251726616630       -1.9020768461430611     
   56.071955867016868       -2.7570841186695958     
   56.197751097888222       -3.6125694951296570     
   56.323637124545471       -4.4475186275741825     
   56.449613651587420       -5.2416432743696886     
   56.575680382896152       -5.9758787904176724     
   56.701837021636486       -6.6328372089052321     
   56.828083270255199       -7.1972058079284906     
   56.954418830480542       -7.6560846787106644     
   57.080843403321488       -7.9992596512244427     
   57.207356689067183       -8.2194086127593131     
   57.333958387286266       -8.3122398279272787     
   57.460648196826305       -8.2765607532464980     
   57.587425815813155       -8.1142756563256935     
   57.714290941650361       -7.8303107018962770     
   57.841243271018548       -7.4324664450543239     
   57.968282499874839       -6.9311999314863755     
   58.095408323452205       -6.3393415589760140     
   58.222620436258971       -5.6717549667021592     
   58.349918532078220       -4.9449508815683672     
   58.477302303967065       -4.1766675604093457     
   58.604771444256301       -3.3854309766783026     
   58.732325644549661       -2.5901072714628799     
   58.859964595723355       -1.8094585549668836     
   58.987687987925483       -1.0617113930761974     
   59.115495510575421      -0.36414573405704620     
   59.243386852363372       0.26728902921250780     
   59.371361701249796       0.81832458697907873     
   59.499419744464809        1.2766844673491042     
   59.627560668507734        1.6323483778477241     
   59.755784159146494        1.8777634316960461     
   59.884089901417198        2.0079960696072687     
   60.012477579623521        2.0208197809823614     
   60.140946877336219        1.9167357913039775     
   60.269497477392669        1.6989264921094174     
   60.398129061896327        1.3731441739430343     
   60.526841312216234       0.94754016319981560     
   60.655633908986545       0.43244140886026483     
   60.784506532106029      -0.15991728477581638     
   60.913458860737606      -0.81569683445558938     
   61.042490573307838       -1.5197850003875202     
   61.171601347506538       -2.2561474166422344     
   61.300790860286206       -3.0081915430284565     
   61.430058787861682       -3.7591369717721110     
   61.559404805709562       -4.4923855761574831     
   61.688828588567930       -5.1918846928383040     
   61.818329810435706       -5.8424760389114994     
   61.947908144572438       -6.4302226188469849     
   62.077563263497680       -6.9427057299879200     
   62.207294838990691       -7.3692845259646678     
   62.337102542089980       -7.7013115316841523     
   62.466986043092867       -7.9322989737726743     
   62.596945011555157       -8.0580326329273220     
   62.726979116290643       -8.0766318988888219     
   62.857088025370793       -7.9885565650473822     
   62.987271406124357       -7.7965624343683615     
   63.117528925136909       -7.5056089104564823     
   63.247860248250539       -7.1227224145179768     
   63.378265040563548       -6.6568197949096790     
   63.508742966429914       -6.1184960368513819     
   63.639293689459080       -5.5197807057540462     
   63.769916872515566       -4.8738678053633668     
   63.900612177718585       -4.1948241696434181     
   64.031379266441775       -3.4972821184018272     
   64.162217799312828       -2.7961227980011256     
   64.293127436213155       -2.1061572528837980     
   64.424107836277557       -1.4418126778834233     
   64.555158657893998      -0.81683135300216025     
   64.686279558703163      -0.24398939843267675     
   64.817470195598332       0.26515828303374267     
   64.948730224724898       0.70050160081912061     
   65.080059301480233        1.0535634087945200     
   65.211457080513298        1.3176494771244505     
   65.342923215724483        1.4879587921882775     
   65.474457360265191        1.5616536462998027     
   65.606059166537747        1.5378897029945311     
   65.737728286195036        1.4178067249439310     
   65.869464370140236        1.2044810057094648     
   66.001267068526730       0.90284085477207721     
   66.133136030757626       0.51954684626810088     
   66.265070905485771        6.2839026652348251E-002
   66.397071340613408      -0.45764609012307739     
   66.529136983291991       -1.0310851556087923     
   66.661267479921918       -1.6456998579248854     
   66.793462476152513       -2.2890058852038231     
   66.925721616881546       -2.9480732364527236     
   67.058044546255360       -3.6097917797212880     
   67.190430907668443       -4.2611358974982174     
   67.322880343763416       -4.8894222990431322     
   67.455392496430761       -5.4825555778504445     
   67.587967006808739       -6.0292567738137759     
   67.720603515283230       -6.5192709709104673     
   67.853301661487535       -6.9435507314199727     
   67.986061084302321       -7.2944128666693064     
   68.118881421855377       -7.5656666306290692     
   68.251762311521659       -7.7527118987848453     
   68.384703389923033       -7.8526062784371744     
   68.517704292928229       -7.8641004493870454     
   68.650764655652694       -7.7876414016374866     
   68.783884112458594       -7.6253436729856316     
   68.917062296954640       -7.3809292195418283     
   69.050298841996025       -7.0596371767855661     
   69.183593379684396       -6.6681054597660800     
   69.316945541367815       -6.2142268571372972     
   69.450354957640542       -5.7069829327177466     
   69.583821258343193       -5.1562595967113030     
   69.717344072562540       -4.5726485976695033     
   69.850923028631655       -3.9672393875269147     
   69.984557754129639       -3.3514058241189417     
   70.118247875881877       -2.7365920215810395     
   70.251993019959826       -2.1341013810478104     
   70.385792811681071       -1.5548924831555475     
   70.519646875609396       -1.0093851505663256     
   70.653554835554687      -0.50727963270425147     
   70.787516314573082       -5.7391549375941001E-002
   70.921530934966881       0.33249504140272845     
   71.055598318284666       0.65575432733619499     
   71.189718085321289       0.90702329153256822     
   71.323889856117972        1.0822825086943968     
   71.458113249962366        1.1789118939352958     
   71.592387885388575        1.1957205125446511     
   71.726713380177259        1.1329500434999709     
   71.861089351355744       0.99225204265324396     
   71.995515415198128       0.77663974607980879     
   72.129991187225286       0.49041575158360290     
   72.264516282205065       0.13907747460898484     
   72.399090314152431      -0.27079724512697040     
   72.533712896329476      -0.73168163765133987     
   72.668383641245683       -1.2352455997057699     
   72.803102160657986       -1.7725122716642037     
   72.937868065570939       -2.3340224559631269     
   73.072680966236916       -2.9100038090003473     
   73.207540472156225       -3.4905418652377564     
   73.342446192077318       -4.0657501064289630     
   73.477397733996924       -4.6259364467793569     
   73.612394705160355       -5.1617636519021142     
   73.747436712061614       -5.6644013413819270     
   73.882523360443585       -6.1256673479710688     
   74.017654255298368       -6.5381563344694733     
   74.152829000867357       -6.8953537203444428     
   74.288047200641643       -7.1917331618139579     
   74.423308457362140       -7.4228360748359270     
   74.558612373019812       -7.5853319962443493     
   74.693958548856074       -7.6770589413659289     
   74.829346585362984       -7.6970433233837570     
   74.964776082283464       -7.6454994334087552     
   75.100246638611708       -7.5238089134343404     
   75.235757852593395       -7.3344810653848826     
   75.371309321726045       -7.0810952045839723     
   75.506900642759277       -6.7682265699156634     
   75.642531411695231       -6.4013575371383009     
   75.778201223788756       -5.9867760459147616     
   75.913909673547934       -5.5314632519266693     
   76.049656354734267       -5.0429724651768550     
   76.185440860363158       -4.5293014485064571     
   76.321262782704196       -3.9987601413274962     
   76.457121713281552       -3.4598358539141891     
   76.593017242874467       -2.9210579547235747     
   76.728948961517474       -2.3908640489324293     
   76.864916458500943       -1.8774696172724361     
   77.000919322371487       -1.3887430430579086     
   77.136957140932310      -0.93208789144228987     
   77.273029501243713      -0.51433421031927995     
   77.409135989623479      -0.14164048544729521     
   77.545276191647403       0.18059229694106027     
   77.681449692149670       0.44779325159863675     
   77.817656075223397       0.65627989403791287     
   77.953894924221089       0.80330146411652537     
   78.090165821755107       0.88706690510923791     
   78.226468349698237       0.90675743619819438     
   78.362802089184072       0.86252394800878984     
   78.499166620607710       0.75546971581984823     
   78.635561523626123       0.58761915418760946     
   78.771986377158782       0.36187352584107202     
   78.908440759388213        8.1954666237210566E-002
   79.044924247760477      -0.24766210306211225     
   79.181436418985854      -0.62182461776171027     
   79.317976849039312       -1.0347887580048667     
   79.454545113161132       -1.4803102229113598     
   79.591140785857561       -1.9517418012575447     
   79.727763440901370       -2.4421347166621112     
   79.864412651332444       -2.9443425987105494     
   80.001087989458469       -3.4511266089262889     
   80.137789026855557       -3.9552602368709846     
   80.274515334368786       -4.4496322820928649     
   80.411266482113120       -4.9273465583172067     
   80.548042039473771       -5.3818169026665226     
   80.684841575107072       -5.8068561488551351     
   80.821664656941095       -6.1967578295278658     
   80.958510852176332       -6.5463695135749607     
   81.095379727286513       -6.8511568407937355     
   81.232270848019184       -7.1072575083541389     
   81.369183779396522       -7.3115246522314701     
   81.506118085716025       -7.4615592697997579     
   81.643073330551303       -7.5557315239253944     
   81.780049076752832       -7.5931909527958812     
   81.917044886448664       -7.5738657767782609     
   82.054060321045313       -7.4984516408171551     
   82.191094941228457       -7.3683902570938846     
   82.328148306963783       -7.1858385195416430     
   82.465219977497767       -6.9536287501807834     
   82.602309511358527       -6.6752208130043504     
   82.739416466356658       -6.3546468951015722     
   82.876540399585991       -5.9964498120346121     
   83.013680867424654       -5.6056157463687368     
   83.150837425535656       -5.1875023759206957     
   83.288009628867940       -4.7477633912934509     
   83.425197031657319       -4.2922704388752493     
   83.562399187427147       -3.8270335531316317     
   83.699615648989493       -3.3581211572016563     
   83.836845968445800       -2.8915807111383063     
   83.974089697188049       -2.4333610686973248     
   84.111346385899580       -1.9892375660267749     
   84.248615584556006       -1.5647408074710083     
   84.385896842426234       -1.1650900364916696     
   84.523189708073446      -0.79513188552775904     
   84.660493729356062      -0.45928519097255210     
   84.797808453428686      -0.16149244256221229     
   84.935133426743192        9.4821685085583668E-002
   85.072468195049694       0.30678439274921782     
   85.209812303397598       0.47210120060430122     
   85.347165296136581       0.58907467879009268     
   85.484526716917699       0.65661546928015413     
   85.621896108694472       0.67424569555908187     
   85.759273013723814       0.64209493825780806     
   85.896656973567289       0.56088902726273571     
   86.034047529092135       0.43193196530379074     
   86.171444220472253       0.25708135631686313     
   86.308846587189535        3.8717765618282697E-002
   86.446254168034869      -0.22029151058905011     
   86.583666501109235      -0.51663374078091673     
   86.721083123824940      -0.84659654745728941     
   86.858503572906741       -1.2061175760770175     
   86.995927384393042       -1.5908373905710351     
   87.133354093637053       -1.9961549092067370     
   87.270783235307960       -2.4172846688674019     
   87.408214343392146       -2.8493151894530002     
   87.545646951194513       -3.2872677046924621     
   87.683080591339504       -3.7261545323503014     
   87.820514795772553       -4.1610363759382683     
   87.957949095761180       -4.5870778822152394     
   88.095383021896325       -4.9996008211044902     
   88.232816104093629       -5.3941343088879892     
   88.370247871594685       -5.7664615560222066     
   88.507677852968357       -6.1126626881551474     
   88.645105576112101       -6.4291532590232441     
   88.782530568253236       -6.7127181450394344     
   88.919952355950372       -6.9605405814688002     
   89.057370465094650       -7.1702261674469874     
   89.194784420911134       -7.3398217306477189     
   89.332193747960204       -7.4678290015815545     
   89.469597970138906       -7.5532131017902167     
   89.606996610682359       -7.5954059007383590     
   89.744389192165187       -7.5943043421135714     
   89.881775236502833       -7.5502638837248375     
   90.019154264953102       -7.4640872357716486     
   90.156525798117542       -7.3370086211253271     
   90.293889355942909       -7.1706738185689201     
   90.431244457722585       -6.9671162858124021     
   90.568590622098114       -6.7287296933308767     
   90.705927367060710       -6.4582372321284227     
   90.843254209952605       -6.1586580877134534     
   90.980570667468740       -5.8332714979758773     
   91.117876255658246       -5.4855788332652970     
   91.255170489925817       -5.1192641520518096     
   91.392452885033492       -4.7381536941678197     
   91.529722955102031       -4.3461747754460269     
   91.666980213612646       -3.9473145422664060     
   91.804224173408372       -3.5455790323124239     
   91.941454346695878       -3.1449529691033464     
   92.078670245046965       -2.7493606933331405     
   92.215871379400156       -2.3626286047521523     
   92.353057260062414       -1.9884494551796941     
   92.490227396710736       -1.6303487977580893     
   92.627381298393757       -1.2916538601383858     
   92.764518473533542      -0.97546507220527601     
   92.901638429927203      -0.68463044146240237     
   93.038740674748539      -0.42172293342637951     
   93.175824714549790      -0.18902097980808383     
   93.312890055263409        1.1507795489897362E-002
   93.449936202203631       0.17821957354528159     
   93.586962660068437       0.30980403116071059     
   93.723968932941119       0.40529072363360302     
   93.860954524292126       0.46405218497483663     
   93.997918936980810       0.48580379713571381     
   94.134861673257305       0.47060050552473254     
   94.271782234764174       0.41883048292963360     
   94.408680122538399       0.33120586894795978     
   94.545554837013086       0.20875073575640379     
   94.682405878019324        5.2786454292143958E-002
   94.819232744788138      -0.13508534331561325     
   94.956034935952204      -0.35300198916274966     
   95.092811949547780      -0.59886095915970017     
   95.229563283016745      -0.87034275806765504     
   95.366288433208197       -1.1649352494246874     
   95.502986896380705       -1.4799591613490968     
   95.639658168203979       -1.8125944958048388     
   95.776301743760996       -2.1599075642122165     
   95.912917117549782       -2.5188783833540760     
   96.049503783485548       -2.8864281621145191     
   96.186061234902468       -3.2594466274577889     
   96.322588964556004       -3.6348189466408760     
   96.459086464624434       -4.0094520186624818     
   96.595553226711360       -4.3802999244232694     
   96.731988741847360       -4.7443883428480706     
   96.868392500492263       -5.0988377587195917     
   97.004763992537093       -5.4408853066918894     
   97.141102707306160       -5.7679051145891416     
   97.277408133559206       -6.0774270273877455     
   97.413679759493348       -6.3671536108408020     
   97.549917072745316       -6.6349753511697100     
   97.686119560393593       -6.8789839831921871     
   97.822286708960391       -7.0974838956295088     
   97.958418004413986       -7.2890015775029493     
   98.094512932170701       -7.4522930846600701     
   98.230570977097202       -7.5863495202836875     
   98.366591623512633       -7.6904005378616906     
   98.502574355190788       -7.7639158896003488     
   98.638518655362404       -7.8066050576258039     
   98.774424006717283       -7.8184150195024369     
   98.910289891406578       -7.7995262133871375     
   99.046115791045040       -7.7503467818551677     
   99.181901186713276       -7.6715051849595044     
   99.317645558960024       -7.5638412872665333     
   99.453348387804425       -7.4283960312384512     
   99.589009152738313       -7.2663998211585916     
   99.724627332728616       -7.0792597483313529     
   99.860202406219543       -6.8685457948004318     
   99.995733851134986       -6.6359761571611795     
   100.13122114488094       -6.3834018346240251     
   100.26666376434774       -6.1127906262971257     
   100.40206118591259       -5.8262106817656658     
   100.53741288544173       -5.5258137466080601     
   100.67271833829305       -5.2138182406608067     
   100.80797701931851       -4.8924923015944577     
   100.94318840286635       -4.5641369211961509     
   101.07835196278376       -4.2310692931827365     
   101.21346717241919       -3.8956064863908373     
   101.34853350462494       -3.5600495475386360     
   101.48355043175950       -3.2266681308984766     
   101.61851742569020       -2.8976857439429091     
   101.75343395779558       -2.5752656901652995     
   101.88829949896801       -2.2614977824138336     
   102.02311351961615       -1.9583858923921973     
   102.15787548966753       -1.6678363943603742     
   102.29258487857112       -1.3916475535958552     
   102.42724115529992       -1.1314999027436261     
   102.56184378835344      -0.88894764179423347     
   102.69639224576045      -0.66541109000275311     
   102.83088599508149      -0.46217021068609604     
   102.96532450341148      -0.28035922223942805     
   103.09970723738246      -0.12096230127641380     
   103.23403366316613        1.5189623830380548E-002
   103.36830324647666       0.12742099824744227     
   103.50251545257314       0.21521270151329572     
   103.63666974626244       0.27820206787783153     
   103.77076559190198       0.31618189713878253     
   103.90480245340221       0.32909849361238031     
   104.03877979422951       0.31704877705884532     
   104.17269707740890       0.28027651500735207     
   104.30655376552683       0.21916773090039640     
   104.44034932073382       0.13424534674620300     
   104.57408320474735        2.6163122463420046E-002
   104.70775487885476      -0.10430104316001293     
   104.84136380391573      -0.25625238307816767     
   104.97490944036545      -0.42868703616444159     
   105.10839124821722      -0.62050025655867647     
   105.24180868706544      -0.83049499003944482     
   105.37516121608839       -1.0573907501431319     
   105.50844829405114       -1.2998327281564150     
   105.64166937930838       -1.5564010729616111     
   105.77482392980740       -1.8256202788957414     
   105.90791140309095       -2.1059686223069534     
   106.04093125630021       -2.3958875901412733     
   106.17388294617766       -2.6937912467302301     
   106.30676592907005       -2.9980754878488662     
   106.43957966093144       -3.3071271340853547     
   106.57232359732609       -3.6193328183658684     
   106.70499719343150       -3.9330876256905372     
   106.83759990404131       -4.2468034457255888     
   106.97013118356858       -4.5589170020373713     
   107.10259048604841       -4.8678975245504938     
   107.23497726514141       -5.1722540347269392     
   107.36729097413648       -5.4705422159121726     
   107.49953106595393       -5.7613708442542961     
   107.63169699314861       -6.0434077586407700     
   107.76378820791302       -6.3153853511749318     
   107.89580416208032       -6.5761055628923950     
   108.02774430712759       -6.8244443726209179     
   108.15960809417878       -7.0593557701555429     
   108.29139497400800       -7.2798752082107283     
   108.42310439704271       -7.4851225309907061     
   108.55473581336669       -7.6743043802223543     
   108.68628867272352       -7.8467160831527138     
   108.81776242451944       -8.0017430296242118     
   108.94915651782684       -8.1388615486361662     
   109.08047040138736       -8.2576392974336397     
   109.21170352361513       -8.3577351787807590     
   109.34285533260004       -8.4388988043956488     
   109.47392527611100       -8.5009695246025689     
   109.60491280159920       -8.5438750460543229     
   109.73581735620138       -8.5676296608864959     
   109.86663838674325       -8.5723321118909297     
   109.99737533974259       -8.5581631192442451     
   110.12802766141280       -8.5253825950012487     
   110.25859479766608       -8.4743265718854541     
   110.38907619411685       -8.4054038737619230     
   110.51947129608509       -8.3190925530639444     
   110.64977954859974       -8.2159361241517637     
   110.78000039640210       -8.0965396166357539     
   110.91013328394919       -7.9615654756799321     
   111.04017765541721       -7.8117293340947125     
   111.17013295470484       -7.6477956807898204     
   111.29999862543693       -7.4705734493832123     
   111.42977411096771       -7.2809115500051895     
   111.55945885438440       -7.0796943665189476     
   111.68905229851057       -6.8678372405632322     
   111.81855388590982       -6.6462819629903933     
   111.94796305888906       -6.4159922923970250     
   112.07727925950215       -6.1779495195967362     
   112.20650192955343       -5.9331480959771667     
   112.33563051060122       -5.6825913427966812     
   112.46466444396142       -5.4272872574773592     
   112.59360317071099       -5.1682444321464347     
   112.72244613169163       -4.9064680983988449     
   112.85119276751335       -4.6429563115202974     
   112.97984251855796       -4.3786962861177630     
   113.10839482498287       -4.1146608940687672     
   113.23684912672452       -3.8518053345436831     
   113.36520486350226       -3.5910639846504697     
   113.49346147482169       -3.3333474380549810     
   113.62161839997860       -3.0795397376970159     
   113.74967507806255       -2.8304958074895987     
   113.87763094796054       -2.5870390866649196     
   114.00548544836064       -2.3499593692112479     
   114.13323801775596       -2.1200108496793417     
   114.26088809444801       -1.8979103754759361     
   114.38843511655075       -1.6843359047055473     
   114.51587852199418       -1.4799251675124481     
   114.64321774852816       -1.2852745281702775     
   114.77045223372612       -1.1009380437897227     
   114.89758141498899      -0.92742671538153731     
   115.02460472954874      -0.76520792574526864     
   115.15152161447249      -0.61470505834252831     
   115.27833150666611      -0.47629729068468679     
   115.40503384287815      -0.35031955533998377     
   115.53162805970372      -0.23706266129434508     
   115.65811359358823      -0.13677356812192126     
   115.78448988083133       -4.9655805197476005E-002
   115.91075635759080        2.4129971972533960E-002
   116.03691245988645        8.4465296310599819E-002
   116.16295762360397       0.13127308269969704     
   116.28889128449892       0.16451670855727715     
   116.41471287820055       0.18419898951317143     
   116.54042184021590       0.19036105819474064     
   116.66601760593359       0.18308115405722972     
   116.79149961062785       0.16247333209645395     
   116.91686728946250       0.12868609821258609     
   117.04212007749501        8.1900978835792532E-002
   117.16725740968033        2.2331032356434518E-002
   117.29227872087498       -4.9780690251722860E-002
   117.41718344584116      -0.13416272834306919     
   117.54197101925060      -0.23051683091451178     
   117.66664087568878      -0.33851960532925846     
   117.79119244965892      -0.45782418861892915     
   117.91562517558597      -0.58806193468569656     
   118.03993848782075      -0.72884411091390633     
   118.16413182064414      -0.87976359788483305     
   118.28820460827095       -1.0403965861046087     
   118.41215628485423       -1.2103042638748627     
   118.53598628448931       -1.3890344906872027     
   118.65969404121793       -1.5761234507841813     
   118.78327898903241       -1.7710972818072774     
   118.90674056187979       -1.9734736737891903     
   119.03007819366601       -2.1827634339397473     
   119.15329131826002       -2.3984720132794126     
   119.27637936949809       -2.6201009911375266     
   119.39934178118794       -2.8471495142347116     
   119.52217798711291       -3.0791156872175618     
   119.64488742103619       -3.3154979119608639     
   119.76746951670516       -3.5557961732926096     
   119.88992370785549       -3.7995132691540046     
   120.01224942821553       -4.0461559835671332     
   120.13444611151040       -4.2952362011192475     
   120.25651319146647       -4.5462719619944556     
   120.37845010181540       -4.7987884569039911     
   120.50025627629870       -5.0523189615616984     
   120.62193114867178       -5.3064057106163043     
   120.74347415270854       -5.5606007112147324     
   120.86488472220537       -5.8144664966044779     
   120.98616229098582       -6.0675768203823841     
   121.10730629290472       -6.3195172922331562     
   121.22831616185253       -6.5698859558982292     
   121.34919133175991       -6.8182938111622429     
   121.46993123660185       -7.0643652799811036     
   121.59053531040227       -7.3077386192179841     
   121.71100298723825       -7.5480662807440932     
   121.83133370124456       -7.7850152206615846     
   121.95152688661797       -8.0182671591603629     
   122.07158197762172       -8.2475187926480320     
   122.19149840859008       -8.4724819598007439     
   122.31127561393251       -8.6928837632232199     
   122.43091302813846       -8.9084666484258292     
   122.55041008578155       -9.1189884418391269     
   122.66976622152418       -9.3242223495980117     
   122.78898087012205       -9.5239569188466309     
   122.90805346642846       -9.7179959633008757     
   123.02698344539917       -9.9061584548200177     
   123.14577024209653       -10.088278382745409     
   123.26441329169415       -10.264204582751224     
   123.38291202948163       -10.433800536969295     
   123.50126589086878       -10.596944147073186     
   123.61947431139031       -10.753527482318779     
   123.73753672671046       -10.903456503744652     
   123.85545257262750       -11.046650766951506     
   123.97322128507824       -11.183043104651132     
   124.09084230014274       -11.312579290953172     
   124.20831505404894       -11.435217689010431     
   124.32563898317699       -11.550928883714956     
   124.44281352406423       -11.659695301107609     
   124.55983811340954       -11.761510816108164     
   124.67671218807811       -11.856380350184176     
   124.79343518510609       -11.944319460497768     
   124.91000654170509       -12.025353922063298     
   125.02642569526698       -12.099519304374938     
   125.14269208336852       -12.166860543937812     
   125.25880514377604       -12.227431514061685     
   125.37476431445012       -12.281294593234691     
   125.49056903355024       -12.328520233316885     
   125.60621873943953       -12.369186528751801     
   125.72171287068946       -12.403378787904209     
   125.83705086608460       -12.431189107623556     
   125.95223216462722       -12.452715951599039     
   126.06725620554222       -12.468063734873747     
   126.18212242828164       -12.477342412612893     
   126.29683027252965       -12.480667076959307     
   126.41137917820701       -12.478157560620964     
   126.52576858547624       -12.469938048601144     
   126.63999793474592       -12.456136698501313     
   126.75406666667588       -12.436885269907295     
   126.86797422218176       -12.412318763285677     
   126.98172004243982       -12.382575068787839     
   127.09530356889191       -12.347794625273762     
   127.20872424324996       -12.308120089835272     
   127.32198150750121       -12.263696018042932     
   127.43507480391268       -12.214668555092773     
   127.54800357503615       -12.161185137989076     
   127.66076726371308       -12.103394208865209     
   127.77336531307924       -12.041444939497147     
   127.88579716656976       -11.975486967048498     
   127.99806226792396       -11.905670141037156     
   128.11016006119007       -11.832144281519493     
   128.22208999073032       -11.755058948408854     
   128.33385150122569       -11.674563221781163     
   128.44544403768077       -11.590805493956253     
   128.55686704542873       -11.503933270383193     
   128.66811997013625       -11.414092984269733     
   128.77920225780832       -11.321429819495725     
   128.89011335479321       -11.226087545069809     
   129.00085270778749       -11.128208359742606     
   129.11141976384073       -11.027932746845527     
   129.22181397036059       -10.925399339163537     
   129.33203477511785       -10.820744793696472     
   129.44208162625111       -10.714103676125983     
   129.55195397227189       -10.605608354821612     
   129.66165126206965       -10.495388904212195     
   129.77117294491657       -10.383573017353454     
   129.88051847047265       -10.270285927518332     
   129.98968728879080       -10.155650338656383     
   130.09867885032148       -10.039786364555344     
   130.20749260591796       -9.9228114765710611     
   130.31612800684124       -9.8048404597878989     
   130.42458450476514       -9.6859853774991951     
   130.53286155178105       -9.5663555439198440     
   130.64095860040322       -9.4460575050729911     
   130.74887510357360       -9.3251950278187614     
   130.85661051466693       -9.2038690970652031     
   130.96416428749578       -9.0821779212452824     
   131.07153587631549       -8.9602169461675807     
   131.17872473582926       -8.8380788776001769     
   131.28573032119331       -8.7158537128314677     
   131.39255208802160       -8.5936287818023036     
   131.49918949239128       -8.4714887984960274     
   131.60564199084746       -8.3495159235365541     
   131.71190904040833       -8.2277898392590121     
   131.81799009857033       -8.1063878389458708     
   131.92388462331306       -7.9853849324426847     
   132.02959207310451       -7.8648539711225292     
   132.13511190690593       -7.7448657961300613     
   132.24044358417720       -7.6254894151771211     
   132.34558656488161       -7.5067922150320694     
   132.45054030949112       -7.3888402194170304     
   132.55530427899149       -7.2716984057782659     
   132.65987793488722       -7.1554310997484984     
   132.76426073920678       -7.0401024741393989     
   132.86845215450762       -6.9257771913756780     
   132.97245164388144       -6.8125212470317393     
   133.07625867095905       -6.7004031020358923     
   133.17987269991576       -6.5894952402204652     
   133.28329319547620       -6.4798763716530710     
   133.38651962291976       -6.3716346509068664     
   133.48955144808545       -6.2648725567735362     
   133.59238813737718       -6.1597146279899695     
   133.69502915776883       -6.0563204137546789     
   133.79747397680939       -5.9549076955422544     
   133.89972206262817       -5.8557980657783908     
   134.00177288393979       -5.7595183507831829     
   134.10362591004943       -5.6670735120957518     
   134.20528061085801       -5.5809749333988661     
   134.30673645686721       -5.5162396651757639     
   134.40799291918472       -5.4254791208233950     
   134.50904946952937       -5.3160923871248542     
   134.60990558023627       -5.2082431466296839     
   134.71056072426197       -5.1019387982864464     
   134.81101437518959       -4.9971851861670800     
   134.91126600723413       -4.8939866616315637     
   135.01131509524740       -4.7923461444895707     
   135.11116111472336       -4.6922651831000577     
   135.21080354180324       -4.5937440133843097     
   135.31024185328064       -4.4967816167081560     
   135.40947552660685       -4.4013757766075825     
   135.50850403989588       -4.3075231343326070     
   135.60732687192970       -4.2152192431790851     
   135.70594350216339       -4.1244586215991026     
   135.80435341073039       -4.0352348050625730     
   135.90255607844750       -3.9475403966646891     
   136.00055098682029       -3.8613671164633137     
   136.09833761804811       -3.7767058495370236     
   136.19591545502936       -3.6935466926745790     
   136.29328398136656       -3.6118790003400476     
   136.39044268137170       -3.5316914278955149     
   136.48739104007134       -3.4529719755279009     
   136.58412854321168       -3.3757080293624404     
   136.68065467726396       -3.2998864019251455     
   136.77696892942950       -3.2254933712276128     
   136.87307078764491       -3.1525147185829741     
   136.96895974058728       -3.0809357651745031     
   137.06463527767943       -3.0107414073779140     
   137.16009688909494       -2.9419161508570375     
   137.25534406576350       -2.8744441434435446     
   137.35037629937602       -2.8083092068191293     
   137.44519308238989       -2.7434948670138826     
   137.53979390803391       -2.6799843837423696     
   137.63417827031390       -2.6177607785928019     
   137.72834566401747       -2.5568068620913635     
   137.82229558471940       -2.4971052596626540     
   137.91602752878688       -2.4386384365040632     
   138.00954099338460       -2.3813887214019247     
   138.10283547647992       -2.3253383295077419     
   138.19591047684804       -2.2704693840983627     
   138.28876549407730       -2.2167639373455814     
   138.38140002857415       -2.1642039901190926     
   138.47381358156861       -2.1127715108436922     
   138.56600565511917       -2.0624484534402603     
   138.65797575211806       -2.0132167743739537     
   138.74972337629660       -1.9650584488295997     
   138.84124803223003       -1.9179554860499088     
   138.93254922534297       -1.8718899438534340     
   139.02362646191440       -1.8268439423265630     
   139.11447924908299       -1.7827996768596102     
   139.20510709485214       -1.7397394302531790     
   139.29550950809517       -1.6976455842745675     
   139.38568599856046       -1.6565006304365237     
   139.47563607687678       -1.6162871801208039     
   139.56535925455810       -1.5769879740553936     
   139.65485504400908       -1.5385858911683012     
   139.74412295853000       -1.5010639568383608     
   139.83316251232208       -1.4644053505697412     
   139.92197322049250       -1.4285934131071480     
   140.01055459905950       -1.3936116530186335     
   140.09890616495767       -1.3594437527640326     
   140.18702743604302       -1.3260735742695566     
   140.27491793109806       -1.2934851640320999     
   140.36257716983695       -1.2616627577670341     
   140.45000467291078       -1.2305907846261461     
   140.53719996191242       -1.2002538709980128     
   140.62416255938177       -1.1706368439118600     
   140.71089198881100       -1.1417247340639345     
   140.79738777464939       -1.1135027784798353     
   140.88364944230884       -1.0859564228322138     
   140.96967651816843       -1.0590713234300742     
   141.05546852957997       -1.0328333488933847     
   141.14102500487297       -1.0072285815301278     
   141.22634547335966      -0.98224331842896462     
   141.31142946534015      -0.95786407228269910     
   141.39627651210736      -0.93407757195619312     
   141.48088614595244      -0.91087076281109991     
   141.56525790016937      -0.88823080680139210     
   141.64939130906052      -0.86614508235044363     
   141.73328590794137      -0.84460118402482509     
   141.81694123314560      -0.82358692204244599     
   141.90035682203040      -0.80309032141978298     
   141.98353221298126      -0.78309962138554234     
   142.06646694541701      -0.76360327405973871     
   142.14916055979515      -0.74458994340103979     
   142.23161259761642      -0.72604850384810238     
   142.31382260143030      -0.70796803885420367     
   142.39579011483971      -0.69033783929755843     
   142.47751468250624      -0.67314740177629107     
   142.55899585015490      -0.65638642679574088     
   142.64023316457940      -0.64004481685610726     
   142.72122617364698      -0.62411267444777396     
   142.80197442630359      -0.60858029996236929     
   142.88247747257847      -0.59343818952543481     
   142.96273486358967      -0.57867703275799820     
   143.04274615154861      -0.56428771047294068     
   143.12251088976532      -0.55026129231297161     
   143.20202863265305      -0.53658903433554150     
   143.28129893573367      -0.52326237654968344     
   143.36032135564233      -0.51027294041134807     
   143.43909545013244      -0.49761252628155145     
   143.51762077808070      -0.48527311085193725     
   143.59589689949189      -0.47324684454267091     
   143.67392337550390      -0.46152604887729365     
   143.75169976839257      -0.45010321383834384     
   143.82922564157667      -0.43897099520704258     
   143.90650055962269      -0.42812221189240124     
   143.98352408824996      -0.41754984325154115     
   144.06029579433516      -0.40724702640608917     
   144.13681524591755      -0.39720705355605751     
   144.21308201220361      -0.38742336929607640     
   144.28909566357206      -0.37788956793547035     
   144.36485577157853      -0.36859939082516585     
   144.44036190896054      -0.35954672369426954     
   144.51561364964238      -0.35072559399786674     
   144.59061056873972      -0.34213016827917192     
   144.66535224256472      -0.33375474954719087     
   144.73983824863049      -0.32559377471941003     
   144.81406816565632      -0.31764181180358220     
   144.88804157357194      -0.30989355779687683     
   144.96175805352286      -0.30234383568554352     
   145.03521718787474      -0.29498759215522741     
   145.10841856021835      -0.28781989505469924     
   145.18136175537424      -0.28083593093032710     
   145.25404635939753      -0.27403100258866986     
   145.32647195958259      -0.26740052668720671     
   145.39863814446792      -0.26094003135468313     
   145.47054450384070      -0.25464515384173458     
   145.54219062874148      -0.24851163820235642     
   145.61357611146914      -0.24253533300693764     
   145.68470054558526      -0.23671218908736874     
   145.75556352591889      -0.23103825731453340     
   145.82616464857142      -0.22550968640932659     
   145.89650351092098      -0.22012272078634920     
   145.96657971162719      -0.21487369843150025     
   146.03639285063588      -0.20975904881348034     
   146.10594252918358      -0.20477529082921087     
   146.17522834980213      -0.19991903078311221     
   146.24424991632355      -0.19518696040097924     
   146.31300683388417      -0.19057585487786552     
   146.38149870892971      -0.18608257096007205     
   146.44972514921960      -0.18170404506146473     
   146.51768576383137      -0.17743729141363171     
   146.58538016316567      -0.17327940025018476     
   146.65280795895038      -0.16922753602467605     
   146.71996876424532      -0.16527893566205831     
   146.78686219344678      -0.16143090684363087     
   146.85348786229201      -0.15768082632509903     
   146.91984538786369      -0.15402613828734943     
   146.98593438859444      -0.15046435271996284     
   147.05175448427121      -0.14699304383701586     
   147.11730529603986      -0.14360984852470235     
   147.18258644640966      -0.14031246482074355     
   147.24759755925737      -0.13709865042490699     
   147.31233825983213      -0.13396622124072907     
   147.37680817475965      -0.13091304994734973     
   147.44100693204641      -0.12793706460200743     
   147.50493416108446      -0.12503624727195095     
   147.56858949265549      -0.12220863269583535     
   147.63197255893539      -0.11945230697400992     
   147.69508299349829      -0.11676540628761076     
   147.75792043132134      -0.11414611564588983     
   147.82048450878858      -0.11159266765882235     
   147.88277486369560      -0.10910334134328041     
   147.94479113525361      -0.10667646094802026     
   148.00653296409388      -0.10431039481066109     
   148.06799999227192      -0.10200355423885851     
   148.12919186327173       -9.9754392416879639E-002
   148.19010822201008       -9.7561403337704244E-002
   148.25074871484080       -9.5423120759561941E-002
   148.31111298955875       -9.3338117186807859E-002
   148.37120069540441       -9.1305002874585220E-002
   148.43101148306769       -8.9322424856863480E-002
   148.49054500469231       -8.7389065997424201E-002
   148.54980091388003       -8.5503644063381443E-002
   148.60877886569452       -8.3664910820782243E-002
   148.66747851666577       -8.1871651151870131E-002
   148.72589952479393       -8.0122682193567149E-002
   148.78404154955385       -7.8416852496897504E-002
   148.84190425189863       -7.6753041206667344E-002
   148.89948729426411       -7.5130157261281541E-002
   148.95679034057272       -7.3547138612149676E-002
   149.01381305623752       -7.2002951462173267E-002
   149.07055510816650       -7.0496589523150688E-002
   149.12701616476613       -6.9027073291629576E-002
   149.18319589594577       -6.7593449342579520E-002
   149.23909397312136       -6.6194789640937723E-002
   149.29471006921969       -6.4830190870224680E-002
   149.35004385868211       -6.3498773778170148E-002
   149.40509501746854       -6.2199682538783357E-002
   149.45986322306140       -6.0932084130562690E-002
   149.51434815446945       -5.9695167730568967E-002
   149.56854949223191       -5.8488144123871412E-002
   149.62246691842199       -5.7310245128087266E-002
   149.67610011665113       -5.6160723032721106E-002
   149.72944877207240       -5.5038850052848809E-002
   149.78251257138481       -5.3943917796897140E-002
   149.83529120283674       -5.2875236748247630E-002
   149.88778435622984       -5.1832135760163094E-002
   149.93999172292308       -5.0813961563865924E-002
   149.99191299583597       -4.9820078289503689E-002
   150.04354786945285       -4.8849866999499864E-002
   150.09489603982632       -4.7902725234196690E-002
   150.14595720458095       -4.6978066569351329E-002
   150.19673106291711       -4.6075320185312373E-002
   150.24721731561453       -4.5193930447512548E-002
   150.29741566503611       -4.4333356498006987E-002
   150.34732581513140       -4.3493071857859104E-002
   150.39694747144034       -4.2672564040002650E-002
   150.44628034109675       -4.1871334172452021E-002
   150.49532413283211       -4.1088896631393673E-002
   150.54407855697895       -4.0324778684243646E-002
   150.59254332547451       -3.9578520142007322E-002
   150.64071815186426       -3.8849673021118122E-002
   150.68860275130547       -3.8137801214178896E-002
   150.73619684057064       -3.7442480169586206E-002
   150.78350013805104       -3.6763296579783583E-002
   150.83051236376008       -3.6099848077687374E-002
   150.87723323933696       -3.5451742942471283E-002
   150.92366248804993       -3.4818599809559432E-002
   150.96979983479977       -3.4200047394656700E-002
   151.01564500612315       -3.3595724219271879E-002
   151.06119773019620       -3.3005278346974649E-002
   151.10645773683751       -3.2428367125714681E-002
   151.15142475751182       -3.1864656937407504E-002
   151.19609852533313       -3.1313822954189482E-002
   151.24047877506828       -3.0775548901320660E-002
   151.28456524313975       -3.0249526826542888E-002
   151.32835766762943       -2.9735456875686617E-002
   151.37185578828155       -2.9233047074416423E-002
   151.41505934650621       -2.8742013115876108E-002
   151.45796808538225       -2.8262078154153450E-002
   151.50058174966060       -2.7792972603383571E-002
   151.54290008576754       -2.7334433942313996E-002
   151.58492284180781       -2.6886206524197646E-002
   151.62664976756759       -2.6448041391945773E-002
   151.66808061451781       -2.6019696098239058E-002
   151.70921513581726       -2.5600934530635375E-002
   151.75005308631552       -2.5191526741443305E-002
   151.79059422255600       -2.4791248782230723E-002
   151.83083830277923       -2.4399882542911252E-002
   151.87078508692568       -2.4017215595202372E-002
   151.91043433663879       -2.3643041040389983E-002
   151.94978581526794       -2.3277157361285737E-002
   151.98883928787143       -2.2919368278209399E-002
   152.02759452121950       -2.2569482608968950E-002
   152.06605128379707       -2.2227314132651527E-002
   152.10420934580691       -2.1892681457160963E-002
   152.14206847917220       -2.1565407890418935E-002
   152.17962845753965       -2.1245321315077455E-002
   152.21688905628221       -2.0932254066672325E-002
   152.25385005250192       -2.0626042815170213E-002
   152.29051122503273       -2.0326528449723075E-002
   152.32687235444317       -2.0033555966605877E-002
   152.36293322303945       -1.9746974360259538E-002
   152.39869361486774       -1.9466636517314336E-002
   152.43415331571708       -1.9192399113521736E-002
   152.46931211312227       -1.8924122513537797E-002
   152.50416979636617       -1.8661670673459529E-002
   152.53872615648274       -1.8404911046048748E-002
   152.57298098625935       -1.8153714488561873E-002
   152.60693408023971       -1.7907955173106491E-002
   152.64058523472607       -1.7667510499501667E-002
   152.67393424778214       -1.7432261010488462E-002
   152.70698091923558       -1.7202090309329059E-002
   152.73972505068033       -1.6976884979636207E-002
   152.77216644547934       -1.6756534507425157E-002
   152.80430490876685       -1.6540931205336167E-002
   152.83614024745108       -1.6329970138891307E-002
   152.86767227021659       -1.6123549054853099E-002
   152.89890078752654       -1.5921568311496572E-002
   152.92982561162538       -1.5723930810851369E-002
   152.96044655654097       -1.5530541932779370E-002
   152.99076343808713       -1.5341309470892709E-002
   153.02077607386579       -1.5156143570231408E-002
   153.05048428326953       -1.4974956666652366E-002
   153.07988788748361       -1.4797663427920596E-002
   153.10898670948848       -1.4624180696385906E-002
   153.13778057406191       -1.4454427433282565E-002
   153.16626930778122       -1.4288324664541097E-002
   153.19445273902548       -1.4125795428111761E-002
   153.22233069797772       -1.3966764722738407E-002
   153.24990301662712       -1.3811159458151019E-002
   153.27716952877100       -1.3658908406641591E-002
   153.30413007001712       -1.3509942155970336E-002
   153.33078447778578       -1.3364193063584173E-002
   153.35713259131163       -1.3221595212112181E-002
   153.38317425164593       -1.3082084366065358E-002
   153.40890930165870       -1.2945597929785797E-002
   153.43433758604039       -1.2812074906506318E-002
   153.45945895130404       -1.2681455858607098E-002
   153.48427324578742       -1.2553682868930643E-002
   153.50878031965448       -1.2428699503199709E-002
   153.53298002489782       -1.2306450773468475E-002
   153.55687221534021       -1.2186883102615060E-002
   153.58045674663657       -1.2069944289790538E-002
   153.60373347627586       -1.1955583476870672E-002
   153.62670226358273       -1.1843751115822587E-002
   153.64936296971962       -1.1734398936997667E-002
   153.67171545768818       -1.1627479918306757E-002
   153.69375959233139       -1.1522948255265283E-002
   153.71549524033483       -1.1420759331899360E-002
   153.73692227022903       -1.1320869692428988E-002
   153.75804055239038       -1.1223237013807721E-002
   153.77884995904347       -1.1127820078993869E-002
   153.79935036426235       -1.1034578751003294E-002
   153.81954164397226       -1.0943473947694349E-002
   153.83942367595108       -1.0854467617281545E-002
   153.85899633983121       -1.0767522714537008E-002
   153.87825951710082       -1.0682603177668143E-002
   153.89721309110544       -1.0599673905891172E-002
   153.91585694704955       -1.0518700737617596E-002
   153.93419097199796       -1.0439650429291550E-002
   153.95221505487731       -1.0362490634840094E-002
   153.96992908647738       -1.0287189885710394E-002
   153.98733295945274       -1.0213717571518273E-002
   154.00442656832385       -1.0142043921227544E-002
   154.02120980947862       -1.0072139984962526E-002
   154.03768258117356       -1.0003977615854623E-002
   154.05384478353534       -9.9375294543775691E-003
   154.06969631856180       -9.8727689093023336E-003
   154.08523709012340       -9.8096701435389701E-003
   154.10046700396430       -9.7482080575689717E-003
   154.11538596770382       -9.6883582744956374E-003
   154.12999389083728       -9.6300971252714987E-003
   154.14429068473748       -9.5734016344519342E-003
   154.15827626265565       -9.5182495063703496E-003
   154.17195053972270       -9.4646191117577130E-003
   154.18531343295012       -9.4124894748086572E-003
   154.19836486123134       -9.3618402606057555E-003
   154.21110474534245       -9.3126517630179283E-003
   154.22353300794347       -9.2649048929521593E-003
   154.23564957357917       -9.2185811669957297E-003
   154.24745436868017       -9.1736626964728351E-003
   154.25894732156385       -9.1301321768262490E-003
   154.27012836243517       -9.0879728774006848E-003
   154.28099742338779       -9.0471686315566173E-003
   154.29155443840466       -9.0077038271478126E-003
   154.30179934335911       -8.9695633973363130E-003
   154.31173207601557       -8.9327328117478587E-003
   154.32135257603034       -8.8971980679413542E-003
   154.33066078495244       -8.8629456832214331E-003
   154.33965664622423       -8.8299626867438027E-003
   154.34834010518222       -8.7982366119531558E-003
   154.35671110905795       -8.7677554893093503E-003
   154.36476960697817       -8.7385078393242693E-003
   154.37251554996598       -8.7104826658763717E-003
   154.37994889094105       -8.6836694498459450E-003
   154.38706958472048       -8.6580581430017300E-003
   154.39387758801917       -8.6336391621795530E-003
   154.40037285945019       -8.6104033837447261E-003
   154.40655535952564       -8.5883421383198058E-003
   154.41242505065659       -8.5674472057760548E-003
   154.41798189715357       -8.5477108104984618E-003
   154.42322586522675       -8.5291256169068574E-003
   154.42815692298592       -8.5116847252309918E-003
   154.43277504044033       -8.4953816675499543E-003
   154.43708018949820       -8.4802104040750930E-003
   154.44107234396540       -8.4661653196931291E-003
   154.44475147954367       -8.4532412207476183E-003
   154.44811757382635       -8.4414333320779866E-003
   154.45117060629138       -8.4307372943142334E-003
   154.45391055828745       -8.4211491614195316E-003
   154.45633741300529       -8.4126653985432693E-003
   154.45845115541562       -8.4052828802136138E-003
   154.46025177211752       -8.3989988890714930E-003
   154.46173925091759       -8.3938111157891605E-003
   154.46291357941863       -8.3897176626632486E-003
   154.46377473872542       -8.3867170644443458E-003
   154.46432265702194       -8.3848084491487482E-003

