 # Molecular potential
 # R (nm)   Energy shift (MHz)
   8.4590561130700026E-005   0.0000000000000000     
   2.8357337149222345E-004   0.0000000000000000     
   5.9631449369085070E-004   0.0000000000000000     
   1.0227895114160465E-003   0.0000000000000000     
   1.5629938322439033E-003   0.0000000000000000     
   2.2169258287783357E-003   0.0000000000000000     
   2.9845845527226942E-003   0.0000000000000000     
   3.8659692223101095E-003   0.0000000000000000     
   4.8610790693808933E-003   0.0000000000000000     
   5.9699132843093229E-003   0.0000000000000000     
   7.1924709932338357E-003   0.0000000000000000     
   8.5287512476781811E-003   0.0000000000000000     
   9.9787530193516539E-003   0.0000000000000000     
   1.1542475197433856E-002   0.0000000000000000     
   1.3219916586994604E-002   0.0000000000000000     
   1.5011075908125523E-002   0.0000000000000000     
   1.6915951795347307E-002   0.0000000000000000     
   1.8934542797251232E-002   0.0000000000000000     
   2.1066847376275150E-002   0.0000000000000000     
   2.3312863908501982E-002   0.0000000000000000     
   2.5672590683563680E-002   0.0000000000000000     
   2.8146025904526105E-002   0.0000000000000000     
   3.0733167687804673E-002   0.0000000000000000     
   3.3434014063127349E-002   0.0000000000000000     
   3.6248562973445350E-002   0.0000000000000000     
   3.9176812274903661E-002   0.0000000000000000     
   4.2218759736775920E-002   0.0000000000000000     
   4.5374403041425815E-002   0.0000000000000000     
   4.8643739784270223E-002   0.0000000000000000     
   5.2026767473702530E-002   0.0000000000000000     
   5.5523483531088207E-002   0.0000000000000000     
   5.9133885290687263E-002   0.0000000000000000     
   6.2857969999620109E-002   0.0000000000000000     
   6.6695734817822372E-002   0.0000000000000000     
   7.0647176817989196E-002   0.0000000000000000     
   7.4712292985537720E-002   0.0000000000000000     
   7.8891080218537968E-002   0.0000000000000000     
   8.3183535327678859E-002   0.0000000000000000     
   8.7589655036210662E-002   0.0000000000000000     
   9.2109435979885398E-002   0.0000000000000000     
   9.6742874706902723E-002   0.0000000000000000     
  0.10148996767786597        0.0000000000000000     
  0.10635071126569835        0.0000000000000000     
  0.11132510175561483        0.0000000000000000     
  0.11641313534503744        0.0000000000000000     
  0.12161480814353755        0.0000000000000000     
  0.12693011617278752        0.0000000000000000     
  0.13235905536647316        0.0000000000000000     
  0.13790162157024488        0.0000000000000000     
  0.14355781054164568        0.0000000000000000     
  0.14932761795003677        0.0000000000000000     
  0.15521103937653297        0.0000000000000000     
  0.16120807031392365        0.0000000000000000     
  0.16731870616661543        0.0000000000000000     
  0.17354294225053990        0.0000000000000000     
  0.17988077379307915        0.0000000000000000     
  0.18633219593300576        0.0000000000000000     
  0.19289720372038266        0.0000000000000000     
  0.19957579211649820        0.0000000000000000     
  0.20636795599377369        0.0000000000000000     
  0.21327369013568501        0.0000000000000000     
  0.22029298923668211        0.0000000000000000     
  0.22742584790209711        0.0000000000000000     
  0.23467226064805899        0.0000000000000000     
  0.24203222190140533        0.0000000000000000     
  0.24950572599959173        0.0000000000000000     
  0.25709276719059870        0.0000000000000000     
  0.26479333963284446        0.0000000000000000     
  0.27260743739508314        0.0000000000000000     
  0.28053505445631227        0.0000000000000000     
  0.28857618470567825        0.0000000000000000     
  0.29673082194237138        0.0000000000000000     
  0.30499895987553832        0.0000000000000000     
  0.31338059212415992        0.0000000000000000     
  0.32187571221696692        0.0000000000000000     
  0.33048431359232977        0.0000000000000000     
  0.33920638959815275        0.0000000000000000     
  0.34804193349176682        0.0000000000000000     
  0.35699093843981916        0.0000000000000000     
  0.36605339751816501        0.0000000000000000     
  0.37522930371175728        0.0000000000000000     
  0.38451864991453211        0.0000000000000000     
  0.39392142892929854        0.0000000000000000     
  0.40343763346761946        0.0000000000000000     
  0.41306725614969153        0.0000000000000000     
  0.42281028950423810        0.0000000000000000     
  0.43266672596836758        0.0000000000000000     
  0.44263655788748685        0.0000000000000000     
  0.45271977751514147        0.0000000000000000     
  0.46291637701291594        0.0000000000000000     
  0.47322634845029898        0.0000000000000000     
  0.48364968380456574        0.0000000000000000     
  0.49418637496062556        0.0000000000000000     
  0.50483641371092847        0.0000000000000000     
  0.51559979175530013        0.0000000000000000     
  0.52647650070083096        0.0000000000000000     
  0.53746653206173844        0.0000000000000000     
  0.54856987725922335        0.0000000000000000     
  0.55978652762133529        0.0000000000000000     
  0.57111647438284430        0.0000000000000000     
  0.58255970868509377        0.0000000000000000     
  0.59411622157585386        0.0000000000000000     
  0.60578600400919547        0.0000000000000000     
  0.61756904684532554        0.0000000000000000     
  0.62946534085046479        0.0000000000000000     
  0.64147487669667835        0.0000000000000000     
  0.65359764496174333        0.0000000000000000     
  0.66583363612899260        0.0000000000000000     
  0.67818284058716849        0.0000000000000000     
  0.69064524863026966        0.0000000000000000     
  0.70322085045738814        0.0000000000000000     
  0.71590963617257175        0.0000000000000000     
  0.72871159578464784        0.0000000000000000     
  0.74162671920707679        0.0000000000000000     
  0.75465499625779975        0.0000000000000000     
  0.76779641665906240        0.0000000000000000     
  0.78105097003725443        0.0000000000000000     
  0.79441864592276457        0.0000000000000000     
  0.80789943374978646        0.0000000000000000     
  0.82149332285617771        0.0000000000000000     
  0.83520030248328525        0.0000000000000000     
  0.84902036177576634        0.0000000000000000     
  0.86295348978142550        0.0000000000000000     
  0.87699967545103985        0.0000000000000000     
  0.89115890763819450        0.0000000000000000     
  0.90543117509909810        0.0000000000000000     
  0.91981646649240667        0.0000000000000000     
  0.93431477037905042        0.0000000000000000     
  0.94892607522205152        0.0000000000000000     
  0.96365036938634396        0.0000000000000000     
  0.97848764113859266        0.0000000000000000     
  0.99343787864701782        0.0000000000000000     
   7.0358892231574419        487.36171777933185     
   7.0754173647737275        448.80950118507377     
   7.1150528828987891        419.99008308997094     
   7.1547957363737602        400.97834532740842     
   7.1946458838647436        391.74017156653719     
   7.2346032838623486        391.90434208224974     
   7.2746678946811594        400.86723210909736     
   7.3148396744592743        417.79304219247882     
   7.3551185811577966        441.60359399468899     
   7.3955045725603403        471.27973910298635     
   8.3110010892466875        478.53222931423790     
   8.3538379613603784        434.20810392492359     
   8.3967808504238324        392.30311251303328     
   8.4398297096182908        353.72048619505745     
   8.4829844919341486        319.16285950011940     
   8.5262451501704248        289.44776472378908     
   8.5696116369342512        265.09564632158595     
   8.6130839046403072        246.38578702027357     
   8.6566619055103224        233.58514491836212     
   8.7003455915725016        226.74847239325695     
   8.7441349146610374        225.74735578432328     
   8.7880298264155225        230.35185320202456     
   8.8320302782804490        240.13750682771226     
   8.8761362215046482        254.60162181137110     
   8.9203476071407710        273.13521057409775     
   8.9646643860447170        294.89615580419172     
   9.0090865088751286        319.05913208999732     
   9.0536139260927992        344.81547384666374     
   9.0982465879601797        371.10830255836726     
   9.1429844445407902        396.93138208998784     
   9.1878274456987050        421.51313054053026     
   9.2327755410979790        443.92682741014818     
   9.2778286802021093        463.24355161688345     
   9.3229868122734807        478.94687698834247     
   9.3682498863728245        490.57562953317938     
   9.4136178513586533        497.56347212001839     
   9.4590906558867047        499.74380969346049     
   9.5046682484093914        497.23837564234924     
   9.5503505771752550        490.01139817221321     
   9.5961375902283859        478.20385749017316     
   9.6420292354078789        462.35748560249709     
   9.6880254603472746        442.93663728370387     
   9.7341262124739902        420.30857816142441     
   9.7803314390087586        395.15068207425503     
   9.8266410869650791        368.23017418709588     
   9.8730551031486300        340.09509187827030     
   9.9195734341567121        311.37118697797251     
   9.9661960263776965        282.86967759132511     
   10.012922825990438        255.25564929974610     
   10.059753778963710        229.06538067550383     
   10.106688831055642        204.94218885555449     
   10.153727927813140        183.49702981571463     
   10.200871014571316        165.14767294689676     
   10.248118036452931        150.25321048635735     
   10.295468938367787        139.14286658122845     
   10.342923665012178        131.98416383145360     
   10.390482160868316        128.80266254453431     
   10.438144370203728        129.53527516945877     
   10.485910237070701        133.97717932878356     
   10.533779705305703        141.80698070328259     
   10.581752718528771        152.64546956321769     
   10.629829220142966        165.99749114707603     
   10.678009153333784        181.27008182053260     
   10.726292461068542        197.90924653530504     
   10.774679086095832        215.36892054118530     
   10.823168970944911        233.00470193948860     
   10.871762057925110        250.20023456944892     
   10.920458289125278        266.49447652809050     
   10.969257606413146        281.43263884919827     
   11.018159951434782        294.48688793254667     
   11.067165265613962        305.25552479594717     
   11.116273490151608        313.51734330848899     
   11.165484566025169        319.02235922899973     
   11.214798433988051        321.48492292556097     
   11.264215034568995        320.80792710588310     
   11.313734308071506        317.06457464745125     
   11.363356194573239        310.28997017737271     
   11.413080633925404        300.53538015729066     
   11.462907565752172        288.06562102478074     
   11.512836929450076        273.28296549354673     
   11.562868664187386        256.54145450280589     
   11.613002708903540        238.21728276573828     
   11.663239002308522        218.84536200409815     
   11.713577482882258        199.01317619774417     
   11.764018088874010        179.21224482139456     
   11.814560758301790        159.90174603871930     
   11.865205428951702        141.59334325747923     
   11.915952038377396        124.76067878053074     
   11.966800523899423        109.74996773814038     
   12.017750822604626        96.837534885663459     
   12.068802871345536        86.281399594412918     
   12.119956606739748        78.268436463588003     
   12.171211965169338        72.883298430757918     
   12.222568882780212        70.151483139070251     
   12.274027295481517        70.052787197871282     
   12.325587138944995        72.491995309375483     
   12.377248348604414        77.309849199740924     
   12.429010859654898        84.310140015423499     
   12.480874607052352        93.234213290498801     
   12.532839525512806        103.74152367952092     
   12.584905549511825        115.46046743123352     
   12.637072613283856        128.02371201587104     
   12.689340650821642        141.02236658997629     
   12.741709595875562        153.98693473327313     
   12.794179381953041        166.46983574534627     
   12.846749942317894        178.10592804430971     
   12.899421209989711        188.55766596014843     
   12.952193117743251        197.47025487864886     
   13.005065598107777        204.54779347410314     
   13.058038583366454        209.62973469413265     
   13.111112005555718        212.63495883248615     
   13.164285796464618        213.47700866407394     
   13.217559887634229        212.10165748840862     
   13.270934210356989        208.57166424286345     
   13.324408695676061        203.03855004607226     
   13.377983274384720        195.64513270126250     
   13.431657877025716        186.52195097016883     
   13.485432433890622        175.87084164621419     
   13.539306875019212        163.98198035528898     
   13.593281130198816        151.15619081874476     
   13.647355128963683        137.66525935991902     
   13.701528800594350        123.80461962064172     
   13.755802074116994        109.93203946968279     
   13.810174878302785        96.419420061332289     
   13.864647141667271        83.592832549108309     
   13.919218792469698        71.740499571091505     
   13.973889758712398        61.144987280674243     
   14.028659968140131        52.066391556187980     
   14.083529348239443        44.698633050869816     
   14.138497826238019        39.162437104491239     
   14.193565329104054        35.529035402277302     
   14.248731783545557        33.825226944826568     
   14.303997116009777        34.019356410701683     
   14.359361252682486        36.025658921263243     
   14.414824119487369        39.725420049483020     
   14.470385642085368        44.970174496313312     
   14.526045745874010        51.568605994669952     
   14.581804355986797        59.293215899739309     
   14.637661397292506        67.907174817258721     
   14.693616794394572        77.169798321630452     
   14.749670471630413        86.811795604551520     
   14.805822353070793        96.527094545543662     
   14.862072362519150        106.00772475721006     
   14.918420423510955        114.97931104979352     
   14.974866459313047        123.19148044860552     
   15.031410392922970        130.39018173255292     
   15.088052147068336        136.33103461521517     
   15.144791644206133        140.82969069555156     
   15.201628806522098        143.78453065939266     
   15.258563555930055        145.14486652851522     
   15.315595814071218        144.87655183404434     
   15.372725502313575        142.97608858168104     
   15.429952541751204        139.50737893092389     
   15.487276853203610        134.59994599414387     
   15.544698357215058        128.40455491984849     
   15.602216974053933        121.06346141917687     
   15.659832623712038        112.72879811092847     
   15.717545225903967        103.59362285826735     
   15.775354700066408        93.886904723084101     
   15.833260965357500        83.839375514876920     
   15.891263940656144        73.666709666510542     
   15.949363544561361        63.586631149977805     
   16.007559695391599        53.836969344664006     
   16.065852311184081        44.663335464735994     
   16.124241309694128        36.289121445931954     
   16.182726608394489        28.900889394291120     
   16.241308124474678        22.655178385776434     
   16.299985774840291        17.683623183937780     
   16.358759476112340        14.082475758746471     
   16.417629144626584        11.900110509547265     
   16.476594696432858        11.139238746179409     
   16.535656047294388        11.768579886385620     
   16.594813112687124        13.727783336099289     
   16.654065807799068        16.924226256263488     
   16.713414047529589        21.235068871516798     
   16.772857746488782        26.519145937700717     
   16.832396818996727        32.625558069815838     
   16.892031179082881        39.388154486301815     
   16.951760740485351        46.615627472354710     
   17.011585416650256        54.095348033487852     
   17.071505120731004        61.611528926532330     
   17.131519765587662        68.958582418483985     
   17.191629263786247        75.937073099457464     
   17.251833527598048        82.344662206173922     
   17.312132468998971        87.983525061384611     
   17.372525999668806        92.685226298917570     
   17.433014030990609        96.330237648100436     
   17.493596474049987        98.843758610164414     
   17.554273239634405        100.17709753002481     
   17.615044238232539        100.29938746402046     
   17.675909380033573        99.208715928596661     
   17.736868574926508        96.945643778418614     
   17.797921732499500        93.588523536008765     
   17.859068762039151        89.232551715455017     
   17.920309572529856        83.974295059714265     
   17.981644072653101        77.916570955094471     
   18.043072170786761        71.184678588281358     
   18.104593775004453        63.933162042463714     
   18.166208793074819        56.335122128637643     
   18.227917132460856        48.566294241190128     
   18.289718700319234        40.799559050634500     
   18.351613403499591        33.210348349072738     
   18.413601148543862        25.979615689864758     
   18.475681841685578        19.284685495485508     
   18.537855388849199        13.283161669062196     
   18.600121695649406        8.1025777004497037     
   18.662480667390426        3.8409629170754651     
   18.724932209065340       0.57184119600766492     
   18.787476225355391       -1.6547015942312393     
   18.850112620629293       -2.8151196540649308     
   18.912841298942563       -2.9134158246595803     
   18.975662164036795       -1.9768119617062323     
   19.038575119339001       -5.0344705662475370E-002
   19.101580067960910        2.8036470331836347     
   19.164676912698273        6.5014134727517483     
   19.227865556030196        10.935405275543703     
   19.291145900118405        15.978135964633749     
   19.354517846806608        21.489396032262206     
   19.417981297619761        27.320238518093415     
   19.481536153763400        33.312024004081394     
   19.545182316122947        39.296368509499693     
   19.608919685263007        45.102597650238685     
   19.672748161426689        50.571614888170195     
   19.736667644534911        55.567356209221572     
   19.800678034185704        59.978213895358799     
   19.864779229653536        63.710120946074106     
   19.928971129888577        66.680495072487787     
   19.993253633516062        68.820050383112687     
   20.057626638835561        70.080237392765852     
   20.122090043820315        70.437774589340052     
   20.186643746116498        69.890940888926778     
   20.251287643042573        68.451325646867403     
   20.316021631588583        66.139881773825536     
   20.380845608415431        62.992034643827026     
   20.445759469854227        59.067553800022338     
   20.510763111905575        54.456021476080871     
   20.575856430238886        49.272639089800059     
   20.641039320191673        43.647546142983693     
   20.706311676768873        37.716422107210661     
   20.771673394642139        31.617027039756771     
   20.837124368149180        25.489519329605347     
   20.902664491293013        19.474966298355792     
   20.968293657741306        13.709336430169198     
   21.034011760825688        8.3157819203758105     
   21.099818693541053        3.4003097967552272     
   21.165714348544849      -0.94703728551713806     
   21.231698618156386       -4.6482327966395314     
   21.297771394356175       -7.6352099009071406     
   21.363932568785209       -9.8518790406962982     
   21.430182032744263       -11.258415218111852     
   21.496519677193223       -11.834450666275577     
   21.562945392750386       -11.579721026915704     
   21.629459069691745       -10.513538162253862     
   21.696060597950350       -8.6750414883098621     
   21.762749867115552       -6.1241056793210804     
   21.829526766432355       -2.9406116309123673     
   21.896391184800709       0.77983430592072001     
   21.963343010774818        4.9328271091108604     
   22.030382132562451        9.4113557259810516     
   22.097508438024239        14.108336379779178     
   22.164721814673008        18.915642853938269     
   22.232022149673067        23.722625692389769     
   22.299409329839516        28.417113396443384     
   22.366883241637574        32.889189188630922     
   22.434443771181865        37.035279187871517     
   22.502090804235760        40.759904039323331     
   22.569824226210635        43.974988786240729     
   22.637643922165246        46.599435054789872     
   22.705549776804979        48.561976800708393     
   22.773541674481212        49.807668232134617     
   22.841619499190571        50.304924355295640     
   22.909783134574308        50.048850558980426     
   22.978032463917557        49.058779394441594     
   23.046367370148662        47.371731949717244     
   23.114787735838494        45.035875070291283     
   23.183293443199780        42.107234513050827     
   23.251884374086377        38.649903553376866     
   23.320560409992623        34.737357859314010     
   23.389321432052611        30.452233865275662     
   23.458167321039557        25.883890352790093     
   23.527097957365068        21.125301918639998     
   23.596113221078465        16.271369575456539     
   23.665212991866117        11.419242924491357     
   23.734397149050739        6.6691576199470282     
   23.803665571590720        2.1234619085860751     
   23.873018138079434       -2.1173406018472192     
   23.942454726744550       -5.9605208003559529     
   24.011975215447364       -9.3265671130618912     
   24.081579481682109       -12.152052598726019     
   24.151267402575264       -14.389584232565694     
   24.221038854884899       -16.006156904815313     
   24.290893714999953       -16.981634132645880     
   24.360831858939612       -17.308197567436547     
   24.430853162352559       -16.990421585176673     
   24.500957500516368       -16.045166562727037     
   24.571144748336774       -14.500981483552620     
   24.641414780346999       -12.397504386431137     
   24.711767470707109       -9.7855567272239288     
   24.782202693203299       -6.7279427361933681     
   24.852720321247254       -3.2999444914294975     
   24.923320227875415       0.41191327309346026     
   24.994002285748383        4.3135493064994996     
   25.064766367150174        8.3087357427812023     
   25.135612343987596        12.304348251125905     
   25.206540087789545        16.213593363064469     
   25.277549469706326        19.956566440647837     
   25.348640360509044        23.459041992417404     
   25.419812630588829        26.651215694496624     
   25.491066149956279        29.467736927060688     
   25.562400788240705        31.849201347497424     
   25.633816414689484        33.744229366384168     
   25.705312898167435        35.111063336309741     
   25.776890107156088        35.918300151596796     
   25.848547909753062        36.145290759208009     
   25.920286173671386        35.783090174343904     
   25.992104766238803        34.836306798525726     
   26.064003554397175        33.325168442628865     
   26.135982404701764        31.286404026775319     
   26.208041183320582        28.771756383414012     
   26.280179756033728        25.844052512510398     
   26.352397988232749        22.572069412831656     
   26.424695744919955        19.026091124800605     
   26.497072890707759        15.275638734101664     
   26.569529289818053        11.389648892957977     
   26.642064806081507        7.4381193845726497     
   26.714679302936943        3.4936354604821713     
   26.787372643430654      -0.36850846496193429     
   26.860144690215783       -4.0719625764859346     
   26.932995305551636       -7.5421964477592693     
   27.005924351303072       -10.709618450137125     
   27.078931688939800       -13.512161497493727     
   27.152017179535751       -15.897081041098456     
   27.225180683768450       -17.822125204598716     
   27.298422061918338       -19.256292573118667     
   27.371741173868134       -20.180176744871659     
   27.445137879102198       -20.585708682804377     
   27.518612036705864       -20.475194178617354     
   27.592163505364837       -19.859891962781433     
   27.665792143364495       -18.758726541483700     
   27.739497808589295       -17.197771693274127     
   27.813280358522086       -15.210759409894637     
   27.887139650243530       -12.840236831833348     
   27.961075540431409       -10.138473996995520     
   28.035087885360010       -7.1671541204239109     
   28.109176540899487       -3.9953522410368634     
   28.183341362515225      -0.69610236002857584     
   28.257582205267223        2.6574660168524420     
   28.331898923809408        5.9952564138967217     
   28.406291372389081        9.2518359154528653     
   28.480759404846225        12.366543536123892     
   28.555302874612906        15.282709841328831     
   28.629921634712641        17.946874572290909     
   28.704615537759743        20.308679637025847     
   28.779384435958761        22.321638079142968     
   28.854228181103785        23.944534736301549     
   28.929146624577864        25.143021760166405     
   29.004139617352390        25.891061851548180     
   29.079207009986447        26.172096017856255     
   29.154348652626215        25.979965536653548     
   29.229564395004353        25.319583887481890     
   29.304854086439377        24.207184418919130     
   29.380217575835047        22.669838121019492     
   29.455654711679760        20.744010885312420     
   29.531165342045927        18.473242393303678     
   29.606749314589358        15.905435260793586     
   29.682406476548710        13.090504775088078     
   29.758136674744790        10.079071322974343     
   29.833939755580008        6.9224651277678655     
   29.909815565037789        3.6737289889872975     
   29.985763948681910       0.38882307811191269     
   30.061784751655928       -2.8729037501590287     
   30.137877818682622       -6.0496222697552948     
   30.214042994063327       -9.0793565288693951     
   30.290280121677394       -11.903155163110030     
   30.366589044981541       -14.468149840335812     
   30.442969607009307       -16.729625557081739     
   30.519421650370457       -18.651682477548711     
   30.595945017250362       -20.206661078672550     
   30.672539549409436       -21.373948237407522     
   30.749205088182549       -22.138904736866884     
   30.825941474478427       -22.492449970095315     
   30.902748548779080       -22.431444390324501     
   30.979626151139225       -21.959617455276288     
   31.056574121185694       -21.088558459666466     
   31.133592298116884       -19.838287404180722     
   31.210680520702137       -18.237113647889601     
   31.287838627281214       -16.320758155696982     
   31.365066455763692       -14.130937118956943     
   31.442363843628378       -11.713707375087191     
   31.519730627922801       -9.1178579019966985     
   31.597166645262600       -6.3935486691369299     
   31.674671731830944       -3.5913055207750442     
   31.752245723378021      -0.76140407708429880     
   31.829888455220427        2.0463918183427836     
   31.907599762240661        4.7828507885738736     
   31.985379478886500        7.3992587132694885     
   32.063227439170518        9.8476419448517660     
   32.141143476669448        12.081495604229003     
   32.219127424523720        14.057157425620781     
   32.297179115436833        15.735731971986338     
   32.375298381674902        17.085200045929625     
   32.453485055065990        18.082163630922331     
   32.531738966999661        18.712687100322107     
   32.610059948426432        18.971936254453066     
   32.688447829857161        18.862716072977641     
   32.766902441362582        18.393408801443584     
   32.845423612572773        17.576044405058745     
   32.924011172676551        16.425189179732808     
   33.002664950421028        14.958021332828007     
   33.081384774111022        13.195488794709668     
   33.160170471608573        11.163992571273637     
   33.239021870332373        8.8967870617549902     
   33.317938797257284        6.4343490207885914     
   33.396921078913806        3.8233324327668612     
   33.475968541387552        1.1142593149093252     
   33.555081010318744       -1.6414242828988104     
   33.634258310901693       -4.3940757304746612     
   33.713500267884299       -7.0976382621041063     
   33.792806705567514       -9.7101509482944071     
   33.872177447804880       -12.193158396023694     
   33.951612318001999       -14.510588742114797     
   34.031111139116028       -16.627819622289966     
   34.110673733655197       -18.511517395809733     
   34.190299923678282       -20.130478114206216     
   34.269989530794170       -21.457261555057144     
   34.349742376161302       -22.470066755720502     
   34.429558280487221       -23.154190449353859     
   34.509437064028070       -23.502582010655765     
   34.589378546588144       -23.515378540578912     
   34.669382547519348       -23.198702262925238     
   34.749448885720767       -22.563256675012649     
   34.829577379638160       -21.623272838280265     
   34.909767847263488       -20.396148218530421     
   34.990020106134516       -18.902789786681584     
   35.070333973334193       -17.168356694336751     
   35.150709265490335       -15.222914296208367     
   35.231145798775088       -13.101526520059990     
   35.311643388904457       -10.843520831479884     
   35.392201851137912       -8.4909789722883016     
   35.472821000277847       -6.0868087154101129     
   35.553500650669214       -3.6729120508588777     
   35.634240616198980       -1.2889186388633231     
   35.715040710295781        1.0282748160985273     
   35.795900745929401        3.2442284248471420     
   35.876820535610349        5.3262815530092942     
   35.957799891389442        7.2429351823875656     
   36.038838624857370        8.9637055908008101     
   36.119936547144192        10.459663404456435     
   36.201093468918977        11.704603264024202     
   36.282309200389427        12.676545557860548     
   36.363583551301275        13.359139081308156     
   36.444916330938057        13.742558225918643     
   36.526307348120554        13.823657938590346     
   36.607756411206466        13.605396734353416     
   36.689263328089943        13.095767697709613     
   36.770827906201191        12.306607278730318     
   36.852449952506085        11.252643575031533     
   36.934129273505718        9.9510153855076808     
   37.015865675236071        8.4212970823920283     
   37.097658963267541        6.6858743593948198     
   37.179508942704580        4.7703946300582150     
   37.261415418185322        2.7039981375251481     
   37.343378193881151       0.51912053842240713     
   37.425397073496349       -1.7491903853047868     
   37.507471860267692       -4.0643388332605959     
   37.589602356964093       -6.3894054405056213     
   37.671788365886222       -8.6882800529039113     
   37.754029688866076       -10.926506552426464     
   37.836326127266716       -13.071758054792600     
   37.918677481981796       -15.093988052699331     
   38.001083553435279       -16.965398181230324     
   38.083544141581022       -18.660398146662253     
   38.166059045902436       -20.155703375566315     
   38.248628065412142       -21.430638140985639     
   38.331250998651626       -22.467617163303792     
   38.413927643690876       -23.252700814107278     
   38.496657798128034       -23.776083823029982     
   38.579441259089045       -24.032394108186455     
   38.662277823227399       -24.020737260982600     
   38.745167286723678       -23.744499001185407     
   38.828109445285321       -23.210983708685944     
   38.911104094146268       -22.430999671685843     
   38.994151028066604       -21.418492834741386     
   39.077250041332277       -20.190287855727899     
   39.160400927754800       -18.765936384985697     
   39.243603480670878       -17.167619346982825     
   39.326857492942139       -15.420020385071460     
   39.410162756954826       -13.550090152607634     
   39.493519064619512       -11.586653273542039     
   39.576926207370747       -9.5598592787294621     
   39.660383976166813       -7.5005280143698414     
   39.743892161489427       -5.4394720714364979     
   39.827450553343425       -3.4068834622659412     
   39.911058941256513       -1.4318487748234776     
   39.994717114278963       0.45798444962676677     
   40.078424860983361        2.2366125395577110     
   40.162181969464314        3.8798080800775194     
   40.245988227338181        5.3652488355814523     
   40.329843421742787        6.6727009267384378     
   40.413747339337270        7.7842839598367046     
   40.497699766301665        8.6848075448461977     
   40.581700488336772        9.3621345609435149     
   40.665749290663847        9.8075071324372356     
   40.749845958024380        10.015772042227114     
   40.833990274679834        9.9854621990840275     
   40.918182024411443        9.7187228317762262     
   41.002420990519937        9.2211049236971725     
   41.086706955825356        8.5012737308772035     
   41.171039702666754        7.5706901102039543     
   41.255419012902060        6.4433151430216000     
   41.339844667907819        5.1353677820035957     
   41.424316448578971        3.6651382647663895     
   41.508834135328655        2.0528352876651854     
   41.593397508088003       0.32042950814681798     
   41.678006346305928       -1.5085463274500504     
   41.762660428948941       -3.4092697041853430     
   41.847359534500967       -5.3559826292803523     
   41.932103440963111       -7.3224152610195636     
   42.016891925853521       -9.2822481460461184     
   42.101724766207198       -11.209573292083089     
   42.186601738575767       -13.079316257313474     
   42.271522619027415       -14.867592929868948     
   42.356487183146612       -16.551991571723715     
   42.441495206033991       -18.111787697662624     
   42.526546462306200       -19.528111642135393     
   42.611640726095771       -20.784093241554533     
   42.696777771050854       -21.865004455050173     
   42.781957370335235       -22.758410812347925     
   42.867179296628059       -23.454329837525009     
   42.952443322123777       -23.945383056342241     
   43.037749218531950       -24.226921225895456     
   43.123096757077171       -24.297101833501408     
   43.208485708498927       -24.156903529840147     
   43.293915843051458       -23.810072006507323     
   43.379386930503642       -23.263002825804165     
   43.464898740138942       -22.524575661847997     
   43.550451040755227       -21.605958960479846     
   43.636043600664706       -20.520403269891339     
   43.721676187693845       -19.283036128584577     
   43.807348569183219       -17.910663362079500     
   43.893060511987493       -16.421573477344193     
   43.978811782475283       -14.835335933203948     
   44.064602146529126       -13.172581994634356     
   44.150431369545359       -11.454759065996504     
   44.236299216434112       -9.7038550473154004     
   44.322205451619141       -7.9420966431881919     
   44.408149839037897       -6.1916325310605309     
   44.494132142141368       -4.4742169192564427     
   44.580152123894059       -2.8109100749494886     
   44.666209546774006       -1.2218096947549675     
   44.752304172772654       0.27417862477958699     
   44.838435763394827        1.6595304917035469     
   44.924604079658785        2.9182564688529595     
   45.010808882096065        4.0360297985137912     
   45.097049930751602        5.0002986066176520     
   45.183326985183591        5.8003910964390482     
   45.269639804463544        6.4276178052099295     
   45.355988147176298        6.8753694321551855     
   45.442371771419943        7.1392035859232150     
   45.528790434805899        7.2169104045006662     
   45.615243894458864        7.1085462264354788     
   45.701731907016899        6.8164264990928949     
   45.788254228631345        6.3450733507604156     
   45.874810614966982        5.7011186455599114     
   45.961400821201941        4.8931685635558066     
   46.048024602027795        3.9316395910020816     
   46.134681711649584        2.8285774622647666     
   46.221371903785879        1.5974698370757476     
   46.308094931668776       0.25306069040686890     
   46.394850548044033       -1.1888296378260310     
   46.481638505171084       -2.7114789871081233     
   46.568458554823103       -4.2974361259529994     
   46.655310448287061       -5.9286970884508250     
   46.742193936363883       -7.5868903436713042     
   46.829108769368396       -9.2534741525997468     
   46.916054697129560       -10.909946375953369     
   47.003031468990443       -12.538063511684086     
   47.090038833808386       -14.120062717758689     
   47.177076539955110       -15.638878711933966     
   47.264144335316765       -17.078347120035279     
   47.351241967294108       -18.423387070058300     
   47.438369182802568       -19.660158242927977     
   47.525525728272441       -20.776190588759768     
   47.612711349648961       -21.760487808400669     
   47.699925792392435       -22.603607874326229     
   47.787168801478451       -23.297724925044339     
   47.874440121397917       -23.836676705129211     
   47.961739496157328       -24.216000510153801     
   48.049066669278858       -24.432958736680963     
   48.136421383800510       -24.486553145426459     
   48.223803382276358       -24.377525333440211     
   48.311212406776654       -24.108340068699011     
   48.398648198888040       -23.683148253150538     
   48.486110499713718       -23.107727313277305     
   48.573599049873664       -22.389398499131811     
   48.661113589504815       -21.536922531112712     
   48.748653858261271       -20.560376814980202     
   48.836219595314503       -19.471018686947460     
   48.923810539353568       -18.281139617261008     
   49.011426428585352       -17.003914949006504     
   49.099067000734770       -15.653252718020918     
   49.186731993045001       -14.243643667614402     
   49.274421142277774       -12.790013086523052     
   49.362134184713511       -11.307573894563960     
   49.449870856151698       -9.8116797309627906     
   49.537630891911050       -8.3176767855762197     
   49.625414026829816       -6.8407537229912911     
   49.713219995266080       -5.3957901209967059     
   49.801048531097933       -3.9972051089201051     
   49.888899367723859       -2.6588090664100386     
   49.976772238062964       -1.3936620440721723     
   50.064666874555286      -0.21394282675151821     
   50.152583009162115       0.86916779196919391     
   50.240520373366230        1.8455868482467936     
   50.328478698172326        2.7064107404371125     
   50.416457714107175        3.4439784127966893     
   50.504457151220109        4.0519173853079975     
   50.592476739083224        4.5251747061598966     
   50.680516206791836        4.8600352928523760     
   50.768575282964669        5.0541299935989858     
   50.856653695744356        5.1064351147864890     
   50.944751172797716        5.0172642788696864     
   51.032867441316093        4.7882525054535865     
   51.121002228015797        4.4223315586400558     
   51.209155259138413        3.9236950546431335     
   51.297326260451221        3.2977516873345123     
   51.385514957247551        2.5510652334210384     
   51.473721074347203        1.6912806844214434     
   51.561944336096836       0.72703678897734592     
   51.650184466370348      -0.33213369759246969     
   51.738441188569340       -1.4759138515447470     
   51.826714225623476       -2.6933196544073383     
   51.915003299990985       -3.9728211635256678     
   52.003308133658990       -5.3024647455658434     
   52.091628448144007       -6.6699937927377668     
   52.179963964492437       -8.0629660427314818     
   52.268314403280876       -9.4688664338304669     
   52.356679484616734       -10.875215198974065     
   52.445058928138579       -12.269671507090989     
   52.533452453016672       -13.640133305603539     
   52.621859777953404       -14.974834068865933     
   52.710280621183834       -16.262436928892495     
   52.798714700476104       -17.492126226696477     
   52.887161733131983       -18.653695974598257     
   52.975621435987399       -19.737634178201390     
   53.064093525412865       -20.735201539571214     
   53.152577717314095       -21.638502833269115     
   53.241073727132438       -22.440549255195414     
   53.329581269845491       -23.135310292519971     
   53.418100059967550       -23.717754100974197     
   53.506629811550233       -24.183875934320103     
   53.595170238182973       -24.530714753563128     
   53.683721052993633       -24.756358662688502     
   53.772281968648983       -24.859940199026909     
   53.860852697355412       -24.841622710635541     
   53.949432950859332       -24.702579046204555     
   54.038022440447911       -24.444963651638993     
   54.126620876949566       -24.071878848672078     
   54.215227970734645       -23.587335767036397     
   54.303843431715968       -22.996210068966789     
   54.392466969349478       -22.304192371294196     
   54.481098292634819       -21.517733155604187     
   54.569737110116030       -20.643981986195936     
   54.658383129882090       -19.690721021892610     
   54.747036059567691       -18.666293078354666     
   54.835695606353688       -17.579524827446591     
   54.924361476968009       -16.439646046520664     
   55.013033377686071       -15.256206103350424     
   55.101711014331592       -14.038989033528942     
   55.190394092277273       -12.797928612295664     
   55.279082316445397       -11.543024737155120     
   55.367775391308584       -10.284262238310312     
   55.456473020890456       -9.0315329560293804     
   55.545174908766398       -7.7945616108634956     
   55.633880758064201       -6.5828356956122658     
   55.722590271464810       -5.4055393754067076     
   55.811303151203070       -4.2714912296499179     
   55.900019099068430       -3.1890856197069564     
   55.988737816405695       -2.1662375183730984     
   56.077459004115823       -1.2103307728781141     
   56.166182362656585      -0.32816996189882841     
   56.254907592043402       0.47406378920192083     
   56.343634391850067        1.1908524913524727     
   56.432362461209600        1.8173758080883036     
   56.521091498814954        2.3495397019587019     
   56.609821202919861        2.7839985623531387     
   56.698551271339568        3.1181703100174003     
   56.787281401451722        3.3502441891468262     
   56.876011290197134        3.4791812173263534     
   56.964740634080670        3.5047075330393347     
   57.053469129171930        3.4273011261740640     
   57.142196471106274        3.2481726285516603     
   57.230922355085539        2.9692409599621068     
   57.319646475878940        2.5931046589784166     
   57.408368527823910        2.1230096812923391     
   57.497088204827016        1.5628143338992881     
   57.585805200364746       0.91695185348281305     
   57.674519207484501       0.19039095844487380     
   57.763229918805358      -0.61140546609817470     
   57.851937026519117       -1.4825235276449038     
   57.940640222391067       -2.4166433917962089     
   58.029339197761004       -3.4070863379191061     
   58.118033643544059       -4.4468638479538214     
   58.206723250231747       -5.5287286751610685     
   58.295407707892764       -6.6452277038647720     
   58.384086706174045       -7.7887562565358399     
   58.472759934301635       -8.9516133533822266     
   58.561427081081717       -10.126057303281955     
   58.650087834901548       -11.304360920260619     
   58.738741883730370       -12.478865628584828     
   58.827388915120558       -13.642033743434022     
   58.916028616208429       -14.786498291875336     
   59.004660673715314       -15.905109857092981     
   59.093284773948646       -16.990980074458278     
   59.181900602802806       -18.037521562418515     
   59.270507845760285       -19.038484217251359     
   59.359106187892657       -19.987987923114535     
   59.447695313861615       -20.880551816435389     
   59.536274907920046       -21.711120290671147     
   59.624844653913001       -22.475085933217233     
   59.713404235278901       -23.168309555931017     
   59.801953335050442       -23.787137423235720     
   59.890491635855817       -24.328415709053566     
   59.979018819919702       -24.789502139085975     
   60.067534569064357       -25.168274710678780     
   60.156038564710805       -25.463137338969823     
   60.244530487879842       -25.673022261337579     
   60.333010019193232       -25.797389055239769     
   60.421476838874781       -25.836220141008326     
   60.509930626751469       -25.790012765775561     
   60.598371062254628       -25.659767479875711     
   60.686797824421049       -25.446973263867154     
   60.775210591894187       -25.153589523647774     
   60.863609042925269       -24.782025252920953     
   60.951992855374499       -24.335115714591613     
   61.040361706712261       -23.816097021079251     
   61.128715274020230       -23.228578995000660     
   61.217053233992665       -22.576516677580166     
   61.305375262937552       -21.864180784531889     
   61.393681036777799       -21.096127408094397     
   61.481970231052557       -20.277167138912564     
   61.570242520918306       -19.412333777235606     
   61.658497581150236       -18.506852729239235     
   61.746735086143381       -17.566109158570153     
   61.834954709913923       -16.595615946559164     
   61.923156126100444       -15.600981516921966     
   62.011339007965219       -14.587877599543480     
   62.099503028395446       -13.562007039751160     
   62.187647859904587       -12.529071797849573     
   62.275773174633578       -11.494741326405435     
   62.363878644352276       -10.464621546815724     
   62.451963940460594       -9.4442246757350095     
   62.540028733989949       -8.4389401638251531     
   62.628072695604544       -7.4540070067574131     
   62.716095495602680       -6.4944876689136990     
   62.804096803918199       -5.5652438258451449     
   62.892076290121658       -4.6709140854085049     
   62.980033623421853       -3.8158937938309512     
   63.067968472667154       -3.0043169769436560     
   63.155880506346776       -2.2400404133844991     
   63.243769392592299       -1.5266297903767176     
   63.331634799178985      -0.86734785730389174     
   63.419476393527219      -0.26514446998943825     
   63.507293842703881       0.27735158981404950     
   63.595086813423769       0.75783913042102102     
   63.682854972051068        1.1743494963624630     
   63.770597984600741        1.5252500152072328     
   63.858315516739957        1.8092459870160782     
   63.946007233789636        2.0253812294726612     
   64.033672800725768        2.1730371662072483     
   64.121311882181018        2.2519304273184293     
   64.208924142446079        2.2621089213985002     
   64.296509245471285        2.2039463397058618     
   64.384066854867982        2.0781350648527317     
   64.471596633910124        1.8856774780322936     
   64.559098245535694        1.6278756881678496     
   64.646571352348317        1.3063197407147151     
   64.734015616618706       0.92287439997222864     
   64.821430700286271       0.47966463332269277     
   64.908816264960564       -2.0940044262772264E-002
   64.996171971922919      -0.57634218438105322     
   65.083497482128024       -1.1837337831672536     
   65.170792456205376       -1.8401142243716284     
   65.258056554460950       -2.5423085946769124     
   65.345289436878772       -3.2869861931724209     
   65.432490763122502       -4.0706790788223124     
   65.519660192537046       -4.8898005266168045     
   65.606797384150113       -5.7406632924339460     
   65.693901996673944       -6.6194976157344865     
   65.780973688506819       -7.5224689158560754     
   65.868012117734764       -8.4456951596204863     
   65.955016942133184       -9.3852638941783688     
   66.041987819168511       -10.337248947625099     
   66.128924405999840       -11.297726802855045     
   66.215826359480658       -12.262792644907011     
   66.302693336160445       -13.228576072728362     
   66.389524992286411       -14.191256452370840     
   66.476320983805209       -15.147077872768888     
   66.563080966364581       -16.092363649178523     
   66.649804595315103       -17.023530304933534     
   66.736491525711912       -17.937100950933409     
   66.823141412316374       -18.829717975532368     
   66.909753909597953       -19.698154955829736     
   66.996328671735782       -20.539327705772664     
   67.082865352620573       -21.350304384589787     
   67.169363605856290       -22.128314604096875     
   67.255823084761900       -22.870757489443417     
   67.342243442373260       -23.575208667682045     
   67.428624331444823       -24.239426178439601     
   67.514965404451416       -24.861355320285625     
   67.601266313590102       -25.439132463789864     
   67.687526710781981       -25.971087876656942     
   67.773746247673969       -26.455747617033335     
   67.859924575640676       -26.891834557555914     
   67.946061345786234       -27.278268605613256     
   68.032156208946091       -27.614166182461190     
   68.118208815688959       -27.898839021804971     
   68.204218816318601       -28.131792338045798     
   68.290185860875766       -28.312722408124390     
   68.376109599139994       -28.441513600372055     
   68.461989680631547       -28.518234875108643     
   68.547825754613328       -28.543135773953118     
   68.633617470092730       -28.516641908956899     
   68.719364475823596       -28.439349959172247     
   68.805066420308123       -28.312022181393967     
   68.890722951798864       -28.135580443423155     
   68.976333718300438       -27.911099792731271     
   69.061898367571800       -27.639801577561730     
   69.147416547127975       -27.323046148311093     
   69.232887904242062       -26.962325170340453     
   69.318312085947241       -26.559253590851949     
   69.403688739038785       -26.115561307663281     
   69.489017510075911       -25.633084593943924     
   69.574298045383983       -25.113757336948215     
   69.659529991056331       -24.559602150678248     
   69.744712992956352       -23.972721422178978     
   69.829846696719542       -23.355288348890280     
   69.914930747755506       -22.709538020261878     
   69.999964791249994       -22.037758591114304     
   70.084948472166914       -21.342282587436102     
   70.169881435250531       -20.625478377905168     
   70.254763325027326       -19.889741836856121     
   70.339593785808248       -19.137488217384739     
   70.424372461690623       -18.371144246930683     
   70.509098996560454       -17.593140452494801     
   70.593773034094298       -16.805903718874308     
   70.678394217761578       -16.011850080962315     
   70.762962190826499       -15.213377750304291     
   70.847476596350376       -14.412860376607890     
   70.931937077193552       -13.612640546552418     
   71.016343276017722       -12.815023524742086     
   71.100694835287953       -12.022271244605369     
   71.184991397274914       -11.236596560464045     
   71.269232604056995       -10.460157774341756     
   71.353418097522521       -9.6950534544409024     
   71.437547519371861       -8.9433175629506980     
   71.521620511119750       -8.2069149120591778     
   71.605636714097315       -7.4877369663285354     
   71.689595769454414       -6.7875980080477420     
   71.773497318161787       -6.1082316794986342     
   71.857341001013253       -5.4512879124319866     
   71.941126458628034       -4.8183302507745189     
   72.024853331452917       -4.2108335677188249     
   72.108521259764487       -3.6301821734312267     
   72.192129883671441       -3.0776683046276490     
   72.275678843116836       -2.5544909829244888     
   72.359167777880273       -2.0617552245129995     
   72.442596327580304       -1.6004715812287544     
   72.525964131676645       -1.1715559901516976     
   72.609270829472493      -0.77582990811591468     
   72.692516060116759      -0.41402070705410021     
   72.775699462606482       -8.6762306838641765E-002
   72.858820675789133       0.20540397619710166     
   72.941879338364870       0.46202838467800456     
   73.024875088888876       0.68275149648072075     
   73.107807565773825       0.86730283584500600     
   73.190676407292059        1.0154993302051090     
   73.273481251578104        1.1272436206982124     
   73.356221736630886        1.2025222317023621     
   73.438897500316230        1.2414036025891642     
   73.521508180369182        1.2440359833386867     
   73.604053414396390        1.2106451947262571     
   73.686532839878566        1.1415322536178869     
   73.768946094172804        1.0370708643585904     
   73.851292814515048       0.89770477833925966     
   73.933572638022483       0.72394502544350903     
   74.015785201696019       0.51636702310150040     
   74.097930142422641       0.27560757094941479     
   74.180007096977931        2.3617414872055820E-003
   74.262015702028478      -0.30262032056320776     
   74.343955594134343      -0.63853667534658720     
   74.425826409751565       -1.0045369248029525     
   74.507627785234547       -1.3997255914234714     
   74.589359356838642       -1.8231655200774570     
   74.671020760722570       -2.2738812837199482     
   74.752611632950973       -2.7508625743076203     
   74.834131609496865       -3.2530675608888857     
   74.915580326244154       -3.7794261983331707     
   74.996957418990220       -4.3288434718655351     
   75.078262523448373       -4.9002025647492973     
   75.159495275250435       -5.4923679387626514     
   75.240655309949261       -6.1041883196125077     
   75.321742263021292       -6.7344995818983522     
   75.402755769869145       -7.3821275306043157     
   75.483695465824084       -8.0458905782865795     
   75.564560986148749       -8.7246023190074240     
   75.645351966039541       -9.4170740016336509     
   75.726068040629471       -10.122116906294941     
   75.806708844990453       -10.838544628495244     
   75.887274014136125       -11.565175275877928     
   75.967763183024402       -12.300833582400250     
   76.048175986560040       -13.044352944465858     
   76.128512059597341       -13.794577382766681     
   76.208771036942750       -14.550363432739250     
   76.288952553357447       -15.310581965370586     
   76.369056243560081       -16.074119938996834     
   76.449081742229382       -16.839882081506708     
   76.529028684006775       -17.606792501238196     
   76.608896703499155       -18.373796223895798     
   76.688685435281485       -19.139860651938744     
   76.768394513899466       -19.903976942354468     
   76.848023573872297       -20.665161298344032     
   76.927572249695260       -21.422456170616549     
   77.007040175842590       -22.174931362959462     
   77.086426986770050       -22.921685040172438     
   77.165732316917669       -23.661844632731768     
   77.244955800712503       -24.394567637456305     
   77.324097072571334       -25.119042312073244     
   77.403155766903453       -25.834488263482214     
   77.482131518113363       -26.540156930542743     
   77.561023960603535       -27.235331963331898     
   77.639832728777179       -27.919329501945700     
   77.718557457041015       -28.591498358904690     
   77.797197779808045       -29.251220110127147     
   77.875753331500306       -29.897909100149761     
   77.954223746551676       -30.531012367881971     
   78.032608659410698       -31.150009499470009     
   78.110907704543294       -31.754412414822102     
   78.189120516435665       -32.343765097065607     
   78.267246729597048       -32.917643263844859     
   78.345285978562529       -33.475654000108825     
   78.423237897895959       -34.017435344595505     
   78.501102122192592       -34.542655843731460     
   78.578878286082173       -35.051014074723909     
   78.656566024231608       -35.542238142229827     
   78.734164971347880       -36.016085151913174     
   78.811674762180843       -36.472340663398541     
   78.889095031526168       -36.910818124595281     
   78.966425414228183       -37.331358288672213     
   79.043665545182790       -37.733828614514699     
   79.120815059340245       -38.118122651032422     
   79.197873591708117       -38.484159405411717     
   79.274840777354186       -38.831882695171636     
   79.351716251409329       -39.161260483824165     
   79.428499649070460       -39.472284199484136     
   79.505190605603403       -39.764968038132949     
   79.581788756345802       -40.039348247622762     
   79.658293736710064       -40.295482397739690     
   79.734705182186389       -40.533448633045701     
   79.811022728345520       -40.753344911154656     
   79.887246010841821       -40.955288227288882     
   79.963374665416154       -41.139413826715476     
   80.039408327898983       -41.305874406969302     
   80.115346634213083       -41.454839312032426     
   80.191189220376714       -41.586493720884334     
   80.266935722506560       -41.701037833027712     
   80.342585776820655       -41.798686053702049     
   80.418139019641345       -41.879666181599575     
   80.493595087398376       -41.944218601835146     
   80.568953616631831       -41.992595486958749     
   80.644214243995137       -42.025060008559848     
   80.719376606258024       -42.041885561746923     
   80.794440340309677       -42.043355005835075     
   80.869405083161610       -42.029759920455092     
   80.944270471950716       -42.001399882673944     
   81.019036143942387       -41.958581763225254     
   81.093701736533461       -41.901619044630564     
   81.168266887255271       -41.830831161552069     
   81.242731233776709       -41.746542863908523     
   81.317094413907313       -41.649083603021197     
   81.391356065600220       -41.538786940724265     
   81.465515826955325       -41.415989981214473     
   81.539573336222290       -41.281032825187566     
   81.613528231803699       -41.134258045668744     
   81.687380152257944       -40.976010184830351     
   81.761128736302595       -40.806635270983207     
   81.834773622817181       -40.626480354943389     
   81.908314450846518       -40.435893064887132     
   81.981750859603622       -40.235221178862396     
   82.055082488473019       -40.024812214523564     
   82.128308977013617       -39.805013034062256     
   82.201429964961974       -39.576169466451290     
   82.274445092235410       -39.338625943086271     
   82.347353998934977       -39.092725149006874     
   82.420156325348813       -38.838807688228997     
   82.492851711955083       -38.577211763259413     
   82.565439799425178       -38.308272868681030     
   82.637920228626896       -38.032323498783626     
   82.710292640627486       -37.749692869327376     
   82.782556676696885       -37.460706653554901     
   82.854711978310846       -37.165686732639578     
   82.926758187154078       -36.864950960767956     
   82.998694945123418       -36.558812945089933     
   83.070521894330952       -36.247581840752133     
   83.142238677107258       -35.931562161233636     
   83.213844936004563       -35.611053604158869     
   83.285340313799836       -35.286350892749404     
   83.356724453498117       -34.957743633043329     
   83.427996998335516       -34.625516186641654     
   83.499157591782634       -34.289947560117731     
   83.570205877547494       -33.951311308874516     
   83.641141499578978       -33.609875457827663     
   83.711964102069828       -33.265902437150885     
   83.782673329460039       -32.919649033524045     
   83.853268826439901       -32.571366356632048     
   83.923750237953342       -32.221299820727602     
   83.994117209201008       -31.869689141097723     
   84.064369385643630       -31.516768345290977     
   84.134506413005127       -31.162765799033327     
   84.204527937275941       -30.807904246821732     
   84.274433604716151       -30.452400867305670     
   84.344223061858784       -30.096467343703818     
   84.413895955513070       -29.740309949676941     
   84.483451932767593       -29.384129651337613     
   84.552890640993596       -29.028122226306486     
   84.622211727848267       -28.672478401147426     
   84.691414841277876       -28.317384008897150     
   84.760499629521149       -27.963020168934129     
   84.829465741112443       -27.609563492623174     
   84.898312824885039       -27.257186316917117     
   84.967040529974412       -26.906056973979670     
   85.035648505821428       -26.556340099650964     
   85.104136402175740       -26.208196991311272     
   85.172503869098946       -25.861786024812780     
   85.240750556967953       -25.517263144353500     
   85.308876116478146       -25.174782443390576     
   85.376880198646759       -24.834496860419030     
   85.444762454816086       -24.496559021582101     
   85.512522536656874       -24.161122273356764     
   85.580160096171511       -23.828341964707629     
   85.647674785697347       -23.498377061523563     
   85.715066257909982       -23.171392210814147     
   85.782334165826569       -22.847560424668199     
   85.849478162809135       -22.527066635238796     
   85.916497902567798       -22.210112501709187     
   85.983393039164227       -21.896923063121008     
   86.050163227014721       -21.587756193739139     
   86.116808120893765       -21.282916461575375     
   86.183327375937068       -20.982776190826911     
   86.249720647645191       -20.687808900441127     
   86.315987591886554       -20.398645318401229     
   86.382127864900937       -20.116173835241128     
   86.448141123302705       -19.841737590329345     
   86.514027024084271       -19.577572729094580     
   86.579785224619172       -19.327986519250516     
   86.645415382665647       -19.103791342449540     
   86.710917156369717       -18.969653656947028     
   86.776290204268776       -18.722059333786238     
   86.841534185294691       -18.392035550422353     
   86.906648758777223       -18.066203822221457     
   86.971633584447346       -17.744575634300915     
   87.036488322440619       -17.427159373464903     
   87.101212633300463       -17.113960446820446     
   87.165806177981466       -16.804981398434361     
   87.230268617852872       -16.500222023941525     
   87.294599614701681       -16.199679482977650     
   87.358798830736234       -15.903348409362758     
   87.422865928589303       -15.611221018949141     
   87.486800571321709       -15.323287215067142     
   87.550602422425385       -15.039534691524782     
   87.614271145826933       -14.759949033110406     
   87.677806405890792       -14.484513813745879     
   87.741207867422759       -14.213210691370849     
   87.804475195673191       -13.946019501817206     
   87.867608056340373       -13.682918348425115     
   87.930606115573937       -13.423883690256091     
   87.993469039978137       -13.168890427446893     
   88.056196496615229       -12.917911984152413     
   88.118788153008794       -12.670920389066996     
   88.181243677147094       -12.427886353566141     
   88.243562737486386       -12.188779347511522     
   88.305745002954396       -11.953567672768829     
   88.367790142953510       -11.722218534486126     
   88.429697827364166       -11.494698110188740     
   88.491467726548279       -11.270971616727001     
   88.553099511352485       -11.051003375149513     
   88.614592853111532       -10.834756873525491     
   88.675947423651706       -10.622194827788542     
   88.737162895294006       -10.413279240626769     
   88.798238940857672       -10.207971458476953     
   88.859175233663379       -10.006232226658209     
   88.919971447536710       -9.8080217426867193     
   88.980627256811403       -9.6132997078046074     
   89.041142336332769       -9.4220253767643971     
   89.101516361460995       -9.2341576059020056     
   89.161749008074523       -9.0496548994567743     
   89.221839952573376       -8.8684754545578901     
   89.281788871882441       -8.6905772038496778     
   89.341595443454949       -8.5159178574446539     
   89.401259345275690       -8.3444549426385208     
   89.460780255864435       -8.1761458423177764     
   89.520157854279233       -8.0109478318214169     
   89.579391820119739       -7.8488181142849474     
   89.638481833530619       -7.6897138545175618     
   89.697427575204856       -7.5335922114212996     
   89.756228726386965       -7.3804103689888301     
   89.814884968876584       -7.2301255658949248     
   89.873395985031550       -7.0826951237169133     
   89.931761457771387       -6.9380764738035783     
   89.989981070580640       -6.7962271828236780     
   90.048054507512049       -6.6571049770265791     
   90.105981453190083       -6.5206677652364702     
   90.163761592814140       -6.3868736606138796     
   90.221394612161859       -6.2556810012230795     
   90.278880197592514       -6.1270483694234210     
   90.336218036050326       -6.0009346101306171     
   90.393407815067746       -5.8772988479741413     
   90.450449222768796       -5.7561005033892876     
   90.507341947872348       -5.6372993076712072     
   90.564085679695481       -5.5208553170397341     
   90.620680108156805       -5.4067289257352122     
   90.677124923779715       -5.2948808781858494     
   90.733419817695719       -5.1852722803109792     
   90.789564481647787       -5.0778646098979952     
   90.845558607993567       -4.9726197262591834     
   90.901401889708765       -4.8694998790176180     
   90.957094020390457       -4.7684677161833209     
   91.012634694260228       -4.6694862915004638     
   91.068023606167699       -4.5725190711085215     
   91.123260451593566       -4.4775299395498633     
   91.178344926653153       -4.3844832051566822     
   91.233276728099469       -4.2933436048421978     
   91.288055553326600       -4.2040763083292116     
   91.342681100372957       -4.1166469218423325     
   91.397153067924592       -4.0310214912903906     
   91.451471155318416       -3.9471665049631066     
   91.505635062545494       -3.8650488957702520     
   91.559644490254328       -3.7846360430419876     
   91.613499139754083       -3.7058957739144267     
   91.667198713017868       -3.6287963643209316     
   91.720742912686006       -3.5533065396106776     
   91.774131442069319       -3.4793954748082276     
   91.827364005152205       -3.4070327945376353     
   91.880440306596071       -3.3361885726246716     
   91.933360051742596       -3.2668333313931801     
   91.986122946616788       -3.1989380406707868     
   92.038728697930381       -3.1324741165199468     
   92.091177013084931       -3.0674134197054714     
   92.143467600175185       -3.0037282539127053     
   92.195600167992254       -2.9413913637288589     
   92.247574426026716       -2.8803759324422389     
   92.299390084472080       -2.8206555793496335     
   92.351046854227704       -2.7622043575962265     
   92.402544446902269       -2.7049967507895718     
   92.453882574816760       -2.6490076702506036     
   92.505060951007835       -2.5942124517407983     
   92.556079289230922       -2.5405868520927597     
   92.606937303963477       -2.4881070456876260     
   92.657634710408018       -2.4367496207854034     
   92.708171224495572       -2.3864915757213412     
   92.758546562888625       -2.3373103149749901     
   92.808760442984322       -2.2891836451220589     
   92.858812582917764       -2.2420897706730503     
   92.908702701565005       -2.1960072898138452     
   92.958430518546351       -2.1509151900482739     
   93.007995754229412       -2.1067928437570003     
   93.057398129732320       -2.0636200036760792     
   93.106637366926762       -2.0213767983036597     
   93.155713188441354       -1.9800437272431475     
   93.204625317664423       -1.9396016564883889     
   93.253373478747392       -1.9000318136578573     
   93.301957396607918       -1.8613157831852103     
   93.350376796932807       -1.8234355014722150     
   93.398631406181309       -1.7863732520096030     
   93.446720951588091       -1.7501116604726676     
   93.494645161166474       -1.7146336897971883     
   93.542403763711391       -1.6799226352412575     
   93.589996488802569       -1.6459621194377210     
   93.637423066807528       -1.6127360874435082     
   93.684683228884793       -1.5802288017896664     
   93.731776706986793       -1.5484248375373879     
   93.778703233863041       -1.5173090773444258     
   93.825462543063182       -1.4868667065455055     
   93.872054368940027       -1.4570832082546872     
   93.918478446652529       -1.4279443584764713     
   93.964734512169002       -1.3994362212688907     
   94.010822302269915       -1.3715451439073707     
   94.056741554551166       -1.3442577520981429     
   94.102492007426889       -1.3175609452206938     
   94.148073400132645       -1.2914418916091808     
   94.193485472728298       -1.2658880238735568     
   94.238727966101109       -1.2408870342633467     
   94.283800621968609       -1.2164268700750729     
   94.328703182881753       -1.1924957291072027     
   94.373435392227762       -1.1690820551614669     
   94.417996994233206       -1.1461745335948701     
   94.462387733966821       -1.1237620869209624     
   94.506607357342645       -1.1018338704644788     
   94.550655611122892       -1.0803792680673665     
   94.594532242920835       -1.0593878878490239     
   94.638237001203819       -1.0388495580210892     
   94.681769635296234       -1.0187543227565163     
   94.725129895382338      -0.99909243811464765     
   94.768317532509215      -0.97985436802127035     
   94.811332298589690      -0.96103078030521494     
   94.854173946405311      -0.94261254279096729     
   94.896842229609021      -0.92459071944695292     
   94.939336902728314      -0.90695656659055413     
   94.981657721167934      -0.88970152914868283     
   95.023804441212761      -0.87281723697504587     
   95.065776820030806      -0.85629550122203735     
   95.107574615675944      -0.84012831076912653     
   95.149197587090669      -0.82430782870585373     
   95.190645494109276      -0.80882638887010594     
   95.231918097460309      -0.79367649244053040     
   95.273015158769610      -0.77885080458337286     
   95.313936440563054      -0.76434215115294579     
   95.354681706269403      -0.75014351544564262     
   95.395250720223075      -0.73624803500632341     
   95.435643247666931      -0.72264899848759012     
   95.475859054755020      -0.70933984256068949     
   95.515897908555488      -0.69631414889078214     
   95.555759577053209      -0.68356564110090223     
   95.595443829152543      -0.67108818191893793     
   95.634950434680192      -0.65887577022263244     
   95.674279164387855      -0.64692253823164181     
   95.713429789954958      -0.63522274871640028     
   95.752402083991441      -0.62377079225970455     
   95.791195820040329      -0.61256118456640107     
   95.829810772580657      -0.60158856382037906     
   95.868246717029947      -0.59084768808916266     
   95.906503429747048      -0.58033343277494176     
   95.944580688034677      -0.57004078811148950     
   95.982478270142252      -0.55996485670714158     
   96.020195955268349      -0.55010085113240881     
   96.057733523563584      -0.54044409155240491     
   96.095090756133047      -0.53099000340363145     
   96.132267435038997      -0.52173411511387058     
   96.169263343303570      -0.51267205586550824     
   96.206078264911284      -0.50379955340131566     
   96.242711984811649      -0.49511243187215831     
   96.279164288921820      -0.48660660972656944     
   96.315434964129153      -0.47827809764090806     
   96.351523798293698      -0.47012299649044825     
   96.387430580250950      -0.46213749535993470     
   96.423155099814139      -0.45431786959417425     
   96.458697147777059      -0.44666047888689037     
   96.494056515916327      -0.43916176540837065     
   96.529232996994125      -0.43181825197086093     
   96.564226384760602      -0.42462654023112767     
   96.599036473956332      -0.41758330892994111     
   96.633663060315030      -0.41068531216746579     
   96.668105940565667      -0.40392937771481929     
   96.702364912435314      -0.39731240536017209     
   96.736439774651373      -0.39083136528986895     
   96.770330326944034      -0.38448329650331620     
   96.804036370048891      -0.37826530526143975     
   96.837557705709159      -0.37217456356812600     
   96.870894136678189      -0.36620830768395979     
   96.904045466721968      -0.36036383667183930     
   96.937011500621296      -0.35463851097386528     
   96.969792044174369      -0.34902975101917816     
   97.002386904199071      -0.34353503586161305     
   97.034795888535314      -0.33815190184752625     
   97.067018806047443      -0.33287794131230297     
   97.099055466626623      -0.32771080130586544     
   97.130905681192999      -0.32264818234611065     
   97.162569261698238      -0.31768783719939792     
   97.194046021127647      -0.31282756969442643     
   97.225335773502593      -0.30806523353434651     
   97.256438333882713      -0.30339873119686805     
   97.287353518368235      -0.29882601278452775     
   97.318081144102266      -0.29434507495177137     
   97.348621029272962      -0.28995395983787708     
   97.378972993115852      -0.28565075402655971     
   97.409136855915989      -0.28143358752898856     
   97.439112439010245      -0.27730063278976141     
   97.468899564789496      -0.27325010371580627     
   97.498498056700740      -0.26928025472708128     
   97.527907739249372      -0.26538937982899974     
   97.557128438001399      -0.26157581170602440     
   97.586159979585403      -0.25783792083602586     
   97.615002191694856      -0.25417411462482192     
   97.643654903090308      -0.25058283656066488     
   97.672117943601222      -0.24706256538812904     
   97.700391144128446      -0.24361181430093404     
   97.728474336646030      -0.24022913015344985     
   97.756367354203519      -0.23691309269020319     
   97.784070030927822      -0.23366231379340688     
   97.811582202025491      -0.23047543674762325     
   97.838903703784581      -0.22735113552161024     
   97.866034373576852      -0.22428811406659879     
   97.892974049859632      -0.22128510563102433     
   97.919722572177974      -0.21834087209094172     
   97.946279781166581      -0.21545420329606585     
   97.972645518551801      -0.21262391643103168     
   97.998819627153608      -0.20984885539135056     
   98.024801950887550      -0.20712789017387576     
   98.050592334766776      -0.20445991628163482     
   98.076190624903816      -0.20184385414220521     
   98.101596668512727      -0.19927864853987257     
   98.126810313910752      -0.19676326806087457     
   98.151831410520444      -0.19429670455154113     
   98.176659808871392      -0.19187797258921085     
   98.201295360602217      -0.18950610896530104     
   98.225737918462329      -0.18718017218060787     
   98.249987336313836      -0.18489924195223031     
   98.274043469133360      -0.18266241873209904     
   98.297906173013843      -0.18046882323675878     
   98.321575305166363      -0.17831759598808952     
   98.345050723922000      -0.17620789686477739     
   98.368332288733470      -0.17413890466432722     
   98.391419860177024      -0.17210981667531333     
   98.414313299954159      -0.17011984825960560     
   98.437012470893322      -0.16816823244443668     
   98.459517236951726      -0.16625421952404926     
   98.481827463216902      -0.16437707667060991     
   98.503943015908646      -0.16253608755441337     
   98.525863762380467      -0.16073055197286418     
   98.547589571121421      -0.15895978548824691     
   98.569120311757700      -0.15722311907405123     
   98.590455855054230      -0.15551989876959424     
   98.611596072916470      -0.15384948534280610     
   98.632540838391819      -0.15221125396097454     
   98.653290025671453      -0.15060459386923508     
   98.673843510091658      -0.14902890807669100     
   98.694201168135635      -0.14748361305004642     
   98.714362877434922      -0.14596813841425960     
   98.734328516771043      -0.14448192666062484     
   98.754097966076941      -0.14302443286149419     
   98.773671106438627      -0.14159512439195071     
   98.793047820096504      -0.14019348065802217     
   98.812227990447042      -0.13881899283148230     
   98.831211502044212      -0.13747116359081990     
   98.849998240600868      -0.13614950686853411     
   98.868588092990294      -0.13485354760433782     
   98.886980947247608      -0.13358282150452594     
   98.905176692571132      -0.13233687480662451     
   98.923175219323909      -0.13111526405232499     
   98.940976419034996      -0.12991755585527706     
   98.958580184400944      -0.12874332669663763     
   98.975986409287032      -0.12759216269977183     
   98.993194988728774      -0.12646365942753054     
   99.010205818933088      -0.12535742167813801     
   99.027018797279794      -0.12427306328733539     
   99.043633822322775      -0.12321020693514005     
   99.060050793791333      -0.12216848395710006     
   99.076269612591474      -0.12114753416051845     
   99.092290180807211      -0.12014700564497630     
   99.108112401701661      -0.11916655462723474     
   99.123736179718478      -0.11820584527054380     
   99.139161420482935      -0.11726454951805497     
   99.154388030803148      -0.11634234693045011     
   99.169415918671376      -0.11543892452747523     
   99.184244993265054      -0.11455397663349608     
   99.198875164947978      -0.11368720472684966     
   99.213306345271576      -0.11283831729298255     
   99.227538446975885      -0.11200702968123062     
   99.241571383990760      -0.11119306396522148     
   99.255405071436911      -0.11039614880683569     
   99.269039425627085      -0.10961601932345351     
   99.282474364067056      -0.10885241695878027     
   99.295709805456653      -0.10810508935679025     
   99.308745669690964      -0.10737379023896697     
   99.321581877861135      -0.10665827928466648     
   99.334218352255604      -0.10595832201460945     
   99.346655016360899      -0.10527368967731401     
   99.358891794862771      -0.10460415913855879     
   99.370928613647109      -0.10394951277366007     
   99.382765399800846      -0.10330953836262671     
   99.394402081612924      -0.10268402898807995     
   99.405838588575278      -0.10207278293583794     
   99.417074851383660      -0.10147560359820632     
   99.428110801938544      -0.10089229937983377     
   99.438946373346042      -0.10032268360612701     
   99.449581499918679       -9.9766574434132754E-002
   99.460016117176394       -9.9223794765906481E-002
   99.470250161847133       -9.8694172164206548E-002
   99.480283571867886       -9.8177538770609599E-002
   99.490116286385401       -9.7673731225821389E-002
   99.499748245756933       -9.7182590592349904E-002
   99.509179391550987       -9.6703962279303057E-002
   99.518409666548251       -9.6237695969382586E-002
   99.527439014742086       -9.5783645547978899E-002
   99.536267381339428       -9.5341669034394200E-002
   99.544894712761376       -9.4911628515037580E-002
   99.553320956644015       -9.4493390078657827E-002
   99.561546061838897       -9.4086823753594631E-002
   99.569569978413938       -9.3691803446861385E-002
   99.577392657653803       -9.3308206885152928E-002
   99.585014052060799       -9.2935915557816898E-002
   99.592434115355218       -9.2574814661464069E-002
   99.599652802476143       -9.2224793046574022E-002
   99.606670069581980       -9.1885743165707662E-002
   99.613485874050880       -9.1557561023568476E-002
   99.620100174481479       -9.1240146128729174E-002
   99.626512930693366       -9.0933401446984682E-002
   99.632724103727497       -9.0637233356496122E-002
   99.638733655846849       -9.0351551604396854E-002
   99.644541550536758       -9.0076269265174549E-002
   99.650147752505518       -8.9811302700471968E-002
   99.655552227684709       -8.9556571520554240E-002
   99.660754943229747       -8.9311998547267707E-002
   99.665755867520161       -8.9077509778531114E-002
   99.670554970160055       -8.8853034354308788E-002
   99.675152221978479       -8.8638504524034115E-002
   99.679547595029774       -8.8433855615562357E-002
   99.683741062593839       -8.8239026005469318E-002
   99.687732599176471       -8.8053957090863513E-002
   99.691522180509594       -8.7878593262507021E-002
   99.695109783551402       -8.7712881879433643E-002
   99.698495386486584       -8.7556773244836267E-002
   99.701678968726213       -8.7410220583424222E-002
   99.704660510907743       -8.7273180020050800E-002
   99.707439994894543       -8.7145610559733966E-002
   99.710017403775268       -8.7027474068990959E-002
   99.712392721862429       -8.6918735258547333E-002
   99.714565934689915       -8.6819361667376180E-002
   99.716537029008322       -8.6729323648126466E-002
   99.718305992775939       -8.6648594354077041E-002
   99.719872815140491       -8.6577149727699199E-002
   99.721237486398735       -8.6514968491621880E-002
   99.722399997898805       -8.6462032143339723E-002
   99.723360341768426       -8.6418324959223289E-002
   99.724118510003734       -8.6383834028701798E-002
   99.724674490405604       -8.6358549433142751E-002
   99.725028236608281       -8.6342465603658755E-002

