 # Molecular potential
 # R (nm)   Energy shift (MHz)
   1.0988421577686229E-004   0.0000000000000000     
   3.6836541955879022E-004   0.0000000000000000     
   7.7462011860109233E-004   0.0000000000000000     
   1.3286165958055552E-003   0.0000000000000000     
   2.0303488855550594E-003   0.0000000000000000     
   2.8798148738413730E-003   0.0000000000000000     
   3.8770133288150758E-003   0.0000000000000000     
   5.0219432349510526E-003   0.0000000000000000     
   6.3146035944000901E-003   0.0000000000000000     
   7.7549933554480650E-003   0.0000000000000000     
   9.3431113829376879E-003   0.0000000000000000     
   1.1078956444786231E-002   0.0000000000000000     
   1.2962527205230976E-002   0.0000000000000000     
   1.4993822221302086E-002   0.0000000000000000     
   1.7172839940770047E-002   0.0000000000000000     
   1.9499578701017577E-002   0.0000000000000000     
   2.1974036728269683E-002   0.0000000000000000     
   2.4596212137127947E-002   0.0000000000000000     
   2.7366102930279572E-002   0.0000000000000000     
   3.0283706998235595E-002   0.0000000000000000     
   3.3349022119206151E-002   0.0000000000000000     
   3.6562045958950920E-002   0.0000000000000000     
   3.9922776070669540E-002   0.0000000000000000     
   4.3431209894953561E-002   0.0000000000000000     
   4.7087344759670420E-002   0.0000000000000000     
   5.0891177879925191E-002   0.0000000000000000     
   5.4842706357975883E-002   0.0000000000000000     
   5.8941927183183453E-002   0.0000000000000000     
   6.3188837231963807E-002   0.0000000000000000     
   6.7583433267688245E-002   0.0000000000000000     
   7.2125711940677642E-002   0.0000000000000000     
   7.6815669788101906E-002   0.0000000000000000     
   8.1653303233935298E-002   0.0000000000000000     
   8.6638608588898131E-002   0.0000000000000000     
   9.1771582050384076E-002   0.0000000000000000     
   9.7052219702411610E-002   0.0000000000000000     
  0.10248051751553428        0.0000000000000000     
  0.10805647134679627        0.0000000000000000     
  0.11378007693965811        0.0000000000000000     
  0.11965132992391878        0.0000000000000000     
  0.12567022581564563        0.0000000000000000     
  0.13183676001711742        0.0000000000000000     
  0.13815092781671520        0.0000000000000000     
  0.14461272438888589        0.0000000000000000     
  0.15122214479403237        0.0000000000000000     
  0.15797918397843824        0.0000000000000000     
  0.16488383677420529        0.0000000000000000     
  0.17193609789913966        0.0000000000000000     
  0.17913596195668827        0.0000000000000000     
  0.18648342343584554        0.0000000000000000     
  0.19397847671105642        0.0000000000000000     
  0.20162111604213301        0.0000000000000000     
  0.20941133557415115        0.0000000000000000     
  0.21734912933737660        0.0000000000000000     
  0.22543449124714490        0.0000000000000000     
  0.23366741510376463        0.0000000000000000     
  0.24204789459243944        0.0000000000000000     
  0.25057592328313805        0.0000000000000000     
  0.25925149463050989        0.0000000000000000     
  0.26807460197376498        0.0000000000000000     
  0.27704523853657215        0.0000000000000000     
  0.28616339742695418        0.0000000000000000     
  0.29542907163716897        0.0000000000000000     
  0.30484225404359816        0.0000000000000000     
  0.31440293740663294        0.0000000000000000     
  0.32411111437055579        0.0000000000000000     
  0.33396677746342041        0.0000000000000000     
  0.34396991909693780        0.0000000000000000     
  0.35412053156634377        0.0000000000000000     
  0.36441860705027962        0.0000000000000000     
  0.37486413761066861        0.0000000000000000     
  0.38545711519258019        0.0000000000000000     
  0.39619753162411564        0.0000000000000000     
  0.40708537861624983        0.0000000000000000     
  0.41812064776272184        0.0000000000000000     
  0.42930333053989106        0.0000000000000000     
  0.44063341830660069        0.0000000000000000     
  0.45211090230403767        0.0000000000000000     
  0.46373577365558982        0.0000000000000000     
  0.47550802336670484        0.0000000000000000     
  0.48742764232474722        0.0000000000000000     
  0.49949462129884964        0.0000000000000000     
  0.51170895093976954        0.0000000000000000     
  0.52407062177973396        0.0000000000000000     
  0.53657962423228478        0.0000000000000000     
  0.54923594859213831        0.0000000000000000     
  0.56203958503500240        0.0000000000000000     
  0.57499052361746261        0.0000000000000000     
  0.58808875427677632        0.0000000000000000     
  0.60133426683074209        0.0000000000000000     
  0.61472705097752478        0.0000000000000000     
  0.62826709629550259        0.0000000000000000     
  0.64195439224306938        0.0000000000000000     
  0.65578892815851331        0.0000000000000000     
  0.66977069325980243        0.0000000000000000     
  0.68389967664443996        0.0000000000000000     
  0.69817586728928682        0.0000000000000000     
  0.71259925405037328        0.0000000000000000     
  0.72716982566272559        0.0000000000000000     
  0.74188757074019840        0.0000000000000000     
  0.75675247777528387        0.0000000000000000     
  0.77176453513892151        0.0000000000000000     
  0.78692373108033442        0.0000000000000000     
  0.80223005372681500        0.0000000000000000     
  0.81768349108356631        0.0000000000000000     
  0.83328403103348225        0.0000000000000000     
  0.84903166133697527        0.0000000000000000     
  0.86492636963177383        0.0000000000000000     
  0.88096814343273178        0.0000000000000000     
  0.89715697013162965        0.0000000000000000     
  0.91349283699696349        0.0000000000000000     
  0.92997573117376531        0.0000000000000000     
  0.94660563968337441        0.0000000000000000     
  0.96338254942324764        0.0000000000000000     
  0.98030644716676085        0.0000000000000000     
  0.99737731956298081        0.0000000000000000     
   5.7714134504021786        482.85128397524119     
   5.8124488712144071        471.88508057648130     
   5.8536271054194096        475.64543033313970     
   5.8949481145350591        492.77553729052352     
   6.8400521085644037        495.76570930070000     
   6.8846458868758207        441.78477691256916     
   6.9293814597454428        393.36198644908308     
   6.9742587839014005        351.96598557103630     
   7.0192778158732105        318.78320829429458     
   7.0644385119911766        294.36750011024645     
   7.1097408283858350        279.14043533329243     
   7.1551847209873989        272.95731899335539     
   7.2007701455252100        275.40497343533491     
   7.2464970575271348        285.71021843154602     
   7.2923654123190422        302.93298104109988     
   7.3383751650242104        325.76199006009301     
   7.3845262705627386        352.91837499022074     
   7.4308186836510277        382.95275454149862     
   7.4772523588011515        414.22820914092000     
   7.5238272503203207        445.48013297512557     
   7.5705433123102752        475.02564512034024     
   8.0454580624234033        479.39262162379543     
   8.0937239109643695        447.68746657919991     
   8.1421303629591861        413.11431485267821     
   8.1906773697853854        376.80992139311792     
   8.2393648826067949        340.07544181044221     
   8.2881928523729194        304.38933702759817     
   8.3371612298183511        270.76297184653026     
   8.3862699654621409        240.34545468216484     
   8.4355190096072246        214.06936056198359     
   8.4849083123397868        192.50780983926933     
   8.5344378235286591        176.22237056935742     
   8.5841074928247068        165.45160686216300     
   8.6339172696602233        160.22878727058861     
   8.6838671032482981        160.43190037470512     
   8.7339569425822070        165.72467619496928     
   8.7841867364347959        175.64058202363557     
   8.8345564333578537        189.48513647742064     
   8.8850659816814979        206.53329561554511     
   8.9357153295135507        225.92718342140185     
   8.9865044247388965        246.61200479012845     
   9.0374332150188774        267.69650658005099     
   9.0885016477906433        288.15706568522245     
   9.1397096702665426        306.90932311917845     
   9.1910572294334703        323.21773814023783     
   9.2425442720522408        336.25662191253957     
   9.2941707446569577        345.30943136322992     
   9.3459365935543701        350.13124389417675     
   9.3978417648232480        350.41873661234041     
   9.4498862043136995        346.06657849023009     
   9.5020698576465890        337.43925874760015     
   9.5543926702128505        324.80828159003721     
   9.6068545871728617        308.60437780259326     
   9.6594555534557749        289.61828382715925     
   9.7121955137589051        268.47659126912060     
   9.7650744125470332        245.86076282134755     
   9.8180921940518058        222.67783426141312     
   9.8712488022710279        199.63219367770316     
   9.9245441809680575        177.39179085261884     
   9.9779782736711162        156.73916154206398     
   10.031551023672632        138.26037284423552     
   10.085262374028609        122.44268982463839     
   10.139112267557937        109.78248690139259     
   10.193100646841724        100.59099975557534     
   10.247227454222656        95.039645773407486     
   10.301492631804317        93.202922511334847     
   10.355896121450522        94.976079218220008     
   10.410437864784649        100.12756629229867     
   10.465117803188965        108.27720632238196     
   10.519935877803961        118.89740283714808     
   10.574892029527662        131.43521227074041     
   10.629986199014976        145.24014304687722     
   10.685218326676985        159.57173959549394     
   10.740588352680303        173.80449207815161     
   10.796096216946360        187.33579285283719     
   10.851741859150739        199.50662635094417     
   10.907525218722496        209.84595527332553     
   10.963446234843461        218.02281010177390     
   11.019504846447568        223.64715768793209     
   11.075700992220135        226.48019273534575     
   11.132034610597223        226.50268401754440     
   11.188505639764900        223.65601268966344     
   11.245114017658581        217.94036035740993     
   11.301859681962291        209.60508588208552     
   11.358742570108037        198.93611625587053     
   11.415762619275030        186.19679374562330     
   11.472919766389049        171.84624724146948     
   11.530213948121707        156.44828087696575     
   11.587645100889779        140.49218614828877     
   11.645213160854443        124.51962388847726     
   11.702918063920649        109.15341460600528     
   11.760759745736346        94.915570277748401     
   11.818738141691812        82.232225119820953     
   11.876853186918932        71.515931408429282     
   11.935104816290499        63.078634378997222     
   11.993492964419479        57.088281759926240     
   12.052017565658311        53.634958530137155     
   12.110678554098188        52.721688360604794     
   12.169475863568350        54.244958160637239     
   12.228409427635354        58.037612450161184     
   12.287479179602348        63.860265389426260     
   12.346685052508366        71.390469147297637     
   12.406026979127597        80.283364532597460     
   12.465504891968660        90.164741926614354     
   12.525118723273868        100.57602271840349     
   12.584868405018529        111.04352452639759     
   12.644753868910188        121.14879857949470     
   12.704775046387905        130.45600011519369     
   12.764931868621536        138.50629311995172     
   12.825224266510988        144.95145996433095     
   12.885652170685470        149.56311793682272     
   12.946215511502794        152.12938692891939     
   13.006914219048609        152.50621193113525     
   13.067748223135665        150.72366989723369     
   13.128717453303071        146.90713475082055     
   13.189821838815581        141.17978170588432     
   13.251061308662800        133.73791975669076     
   13.312435791558494        124.89758318519446     
   13.373945215939804        114.98558551593526     
   13.435589509966499        104.29186830088837     
   13.497368601520277        93.152792356284763     
   13.559282418203940        81.959127067904745     
   13.621330887340699        71.067443896811810     
   13.683513935973409        60.792553802200906     
   13.745831490863782        51.462893088147176     
   13.808283478491674        43.396175579803220     
   13.870869825054321        36.837682760183121     
   13.933590456465540        31.964662687337295     
   13.996445298355024        28.904607537382201     
   14.059434276067543        27.708632323273285     
   14.122557314662195        28.338876395289390     
   14.185814338911641        30.692085775197008     
   14.249205273301333        34.603685253574426     
   14.312730042028774        39.843047942310406     
   14.376388569002700        46.146618888019390     
   14.440180777842354        53.245768220605079     
   14.504106591876699        60.846249116171023     
   14.568165934143650        68.623268777685951     
   14.632358727389288        76.269043270558768     
   14.696684894067102        83.511912365132247     
   14.761144356337207        90.074728278823983     
   14.825737036065554        95.667878713150898     
   14.890462854823186        100.05116100982005     
   14.955321733885414        103.06259617153394     
   15.020313594231048        104.57599809329015     
   15.085438356541639        104.48890889821425     
   15.150695941200688        102.78084174452735     
   15.216086268292818        99.540025718120958     
   15.281609257603055        94.910513139181873     
   15.347264828615986        89.052979842359875     
   15.413052900514986        82.173676121051500     
   15.478973392181443        74.542557909644188     
   15.545026222193954        66.446133644165300     
   15.611211308827526        58.143204759894680     
   15.677528570052800        49.881287550222616     
   15.743977923535221        41.922205314440092     
   15.810559286634293        34.521420061824863     
   15.877272576402742        27.896553816780560     
   15.944117709585722        22.232314201006680     
   16.011094602620023        17.696232919628656     
   16.078203171633277        14.425558983181231     
   16.145443332443126        12.503721434197352     
   16.212815000556461        11.958530453684926     
   16.280318091168578        12.769210269908578     
   16.347952519162401        14.860788126437434     
   16.415718199107641        18.101755775892258     
   16.483615045260031        22.322208529212745     
   16.551642971560462        27.331737730770513     
   16.619801891634243        32.917630801623325     
   16.688091718790211        38.844601803683894     
   16.756512366019965        44.877124155206296     
   16.825063745997063        50.800514165273206     
   16.893745771076166        56.411681852180585     
   16.962558353292224        61.500556232258710     
   17.031501404359712        65.861382607959484     
   17.100574835671743        69.324334701666430     
   17.169778558299296        71.764102502688985     
   17.239112482990368        73.081491654454254     
   17.308576520169154        73.200033182929545     
   17.378170579935244        72.094218732376518     
   17.447894572062779        69.811352777114038     
   17.517748405999622        66.455067490447178     
   17.587731990866555        62.154322665439821     
   17.657845235456424        57.057318670426739     
   17.728088048233321        51.344588269759541     
   17.798460337331761        45.225199860385615     
   17.868962010555855        38.909654785531380     
   17.939592975378428        32.590689137219748     
   18.010353138940282        26.450209361483342     
   18.081242408049256        20.672122970426045     
   18.152260689179467        15.436865545828326     
   18.223407888470440        10.904204351547326     
   18.294683911726271        7.2054028157013956     
   18.366088664414800        4.4461109918719020     
   18.437622051666771        2.7041758090350090     
   18.509283978274976        2.0183041963394865     
   18.581074348693431        2.3811014788263432     
   18.652993067036533        3.7442555041244181     
   18.725040037078198        6.0265670388419270     
   18.797215162251039        9.1161342777482925     
   18.869518345645510        12.872996662976437     
   18.941949490009058        17.140591361511436     
   19.014508497745275        21.759209116793439     
   19.087195270913064        26.568085342728796     
   19.160009711225772        31.397779575499420     
   19.232951720050352        36.069053859644079     
   19.306021198406498        40.405744486326782     
   19.379218046965811        44.249249900449122     
   19.452542166050947        47.460664569674520     
   19.525993455634723        49.915873264098167     
   19.599571815339331        51.510458406713099     
   19.673277144435414        52.177407080688958     
   19.747109341841245        51.900573316509963     
   19.821068306121891        50.709148833612844     
   19.895153935488299        48.660267105422740     
   19.969366127796476        45.828731473975736     
   20.043704780546626        42.310031574302748     
   20.118169790882281        38.224285032543037     
   20.192761055589425        33.709151869878013     
   20.267478471095679        28.906438244482523     
   20.342321933469371        23.956180566220130     
   20.417291338418742        19.001920877994543     
   20.492386581291029        14.196269575716167     
   20.567607557071611        9.6958110120440875     
   20.642954160383162        5.6475689854009321     
   20.718426285484764        2.1778096541329224     
   20.794023826271047      -0.61158921874550576     
   20.869746676271319       -2.6438428011578301     
   20.945594728648700       -3.8704287470165122     
   21.021567876199224       -4.2747685191190676     
   21.097666011351034       -3.8709136129658077     
   21.173889026163426       -2.6970930778806985     
   21.250236812326047      -0.81019334498262252     
   21.326709261157976        1.7145716820509023     
   21.403306263606883        4.7817182362459985     
   21.480027710248120        8.2769424838893642     
   21.556873491283870        12.072621006396767     
   21.633843496542273        16.032602189110840     
   21.710937615476539        20.013447256574800     
   21.788155737164061        23.865993228069637     
   21.865497750305561        27.443107213577534     
   21.942963543224195        30.613073248909501     
   22.020553003864677        33.270592463567219     
   22.098266019792394        35.338317998242296     
   22.176102478192536        36.760671628589996     
   22.254062265869230        37.498360940303279     
   22.332145269244592        37.529236937241862     
   22.410351374357923        36.852805981589228     
   22.488680466864793        35.491713837560077     
   22.567132432036146        33.487958876456304     
   22.645707154757432        30.898481397061904     
   22.724404519527720        27.795631901400949     
   22.803224410458792        24.271860893083151     
   22.882166711274312        20.442052929291744     
   22.961231305308871        16.438083144481517     
   23.040418075507134        12.397134344684627     
   23.119726904422969        8.4505155740357019     
   23.199157674218526        4.7180810574175611     
   23.278710266663360        1.3075199062058545     
   23.358384563133562       -1.6857049822049106     
   23.438180444610836       -4.1802762882428874     
   23.518097791681637       -6.1115641631777535     
   23.598136484536244       -7.4325093218197527     
   23.678296402967934       -8.1129770771486047     
   23.758577426372018       -8.1400525565176576     
   23.838979433744999       -7.5208211994430183     
   23.919502303683657       -6.2858956775268036     
   24.000145914384163       -4.4901178921358875     
   24.080910143641187       -2.2087263241433694     
   24.161794868847000       0.46908274375791331     
   24.242799966990589        3.4457192325665966     
   24.323925314656758        6.6183261684408388     
   24.405170788025220        9.8808174762962313     
   24.486536262869720        13.126802784012471     
   24.568021614557157        16.253343542496150     
   24.649626718046633        19.163520679773864     
   24.731351447888613        21.766499680554464     
   24.813195678223988        23.976635602406301     
   24.895159282783215        25.715028381878806     
   24.977242134885394        26.915436273245707     
   25.059444107437383        27.532574988420446     
   25.141765072932898        27.548116531365764     
   25.224204903451600        26.970812143595698     
   25.306763470658225        25.831208836317096     
   25.389440645801674        24.174825072591936     
   25.472236299714108        22.057629526331116     
   25.555150302810048        19.544767480397997     
   25.638182525085504        16.710653197385692     
   25.721332836117028        13.638153035272854     
   25.804601105060865        10.416360523240961     
   25.887987200652024        7.1381801361316288     
   25.971490991203382        3.8988001024858958     
   26.055112344604776       0.79450599483299622     
   26.138851128322166       -2.0798833150388609     
   26.222707209396614       -4.6359359293309570     
   26.306680454443505       -6.7977509034989065     
   26.390770729651589       -8.5067132319784466     
   26.474977900782058       -9.7228732100163313     
   26.559301833167716       -10.423195407731503     
   26.643742391712017       -10.598826972510079     
   26.728299440888200       -10.253614664445818     
   26.812972844738361       -9.4045459874271735     
   26.897762466872575       -8.0830765781009593     
   26.982668170467988       -6.3357743448484287     
   27.067689818267919       -4.2234803448850942     
   27.152827272580961       -1.8192544330797478     
   27.238080395280040       0.79429674948309370     
   27.323449047801599        3.5281887374335130     
   27.408933091144640        6.2910389133818256     
   27.494532385869814        8.9937956723917889     
   27.580246792098535        11.554173579747616     
   27.666076169512124        13.899199795230681     
   27.752020377350842        15.964997750649825     
   27.838079274413005        17.694654940507967     
   27.924252719054142        19.036473192823525     
   28.010540569185995        19.944858528545751     
   28.096942682275710        20.384421501838883     
   28.183458915344900        20.335618904839805     
   28.270089124968738        19.799033591099374     
   28.356833167275060        18.796036930484330     
   28.443690897943512        17.365625166088492     
   28.530662172204554        15.559204015733991     
   28.617746844838674        13.435730858730473     
   28.704944770175395        11.058740421598003     
   28.792255802092466        8.4952702925684029     
   28.879679794014862        5.8156727805391153     
   28.967216598913971        3.0932381216234810     
   29.054866069306669       0.40313913267565427     
   29.142628057254399       -2.1792412186601782     
   29.230502414362324       -4.5804284850207528     
   29.318488991778356       -6.7314361069448427     
   29.406587640192374       -8.5708497816193390     
   29.494798209835185       -10.048095535579630     
   29.583120550477776       -11.126065449605708     
   29.671554511430291       -11.782171353693256     
   29.760099941541203       -12.007492724652838     
   29.848756689196446       -11.804689155943464     
   29.937524602318430       -11.186054359093335     
   30.026403528365240       -10.172931179584712     
   30.115393314329694       -8.7967080020566417     
   30.204493806738451       -7.1003913769455718     
   30.293704851651153       -5.1391059520815734     
   30.383026294659469       -2.9782848567945184     
   30.472457980886293      -0.68957638555707024     
   30.561999754984768        1.6541929728338476     
   30.651651461137448        3.9831542809058562     
   30.741412943055394        6.2323948686423725     
   30.831284043977274        8.3418568479301687     
   30.921264606668490        10.255277540768789     
   31.011354473420294        11.919635830753839     
   31.101553486048878        13.286049970868952     
   31.191861485894506        14.312138693371175     
   31.282278313820633        14.965075966466006     
   31.372803810212986        15.224305044419735     
   31.463437814978729        15.083130948689766     
   31.554180167545528        14.548906335523347     
   31.645030706860720        13.641953329895927     
   31.735989271390366        12.393584859723191     
   31.827055699118429        10.843659905890721     
   31.918229827545886        9.0381386413395024     
   32.009511493689807        7.0271114315851504     
   32.100900534082484        4.8636639005777997     
   32.192396784770601        2.6036212779774686     
   32.284000081314311       0.30575038911869007     
   32.375710258786341       -1.9683758253051176     
   32.467527151771186       -4.1556447939313035     
   32.559450594364165       -6.1941015344303265     
   32.651480420170586       -8.0265866274613806     
   32.743616462304857       -9.6041909955766123     
   32.835858553389578       -10.888356337873612     
   32.928206525554756       -11.851082780965397     
   33.020660210436844       -12.473671130320657     
   33.113219439177932       -12.745153573921005     
   33.205884042424842       -12.661622083940985     
   33.298653850328265       -12.227009068209155     
   33.391528692541918       -11.454871365065138     
   33.484508398221642       -10.369946400553809     
   33.577592796024547       -9.0081719260257209     
   33.670781714108195       -7.4145933296415478     
   33.764074980129635       -5.6397294543451233     
   33.857472421244630       -3.7358335505723552     
   33.950973864106793       -1.7545246242400752     
   34.044579134866645       0.25355064904477498     
   34.138288059170840        2.2375433714392168     
   34.232100462161277        4.1451033231900931     
   34.326016168474247        5.9224415312606773     
   34.420035002239544        7.5165198378914013     
   34.514156787079671        8.8789629559509056     
   34.608381346108956        9.9702872653085475     
   34.702708501932669        10.762767461944316     
   34.797138076646220        11.240888819549038     
   34.891669891834269        11.399510956968214     
   34.986303768569925        11.240935870243606     
   35.081039527413864        10.772464348269185     
   35.175876988413471        10.005589608889100     
   35.270815971102039        8.9570024805262047     
   35.365856294497874        7.6505885032373548     
   35.460997777103508        6.1190692637942261     
   35.556240236904792        4.4041162090439361     
   35.651583491370140        2.5545295442904563     
   35.747027357449603       0.62300999864576867     
   35.842571651574090       -1.3373397116707297     
   35.938216189654533       -3.2756562279246850     
   36.033960787081000       -5.1445323874512505     
   36.129805258721944       -6.9000025322117775     
   36.225749418923286       -8.5010454018643475     
   36.321793081507657       -9.9094607390532126     
   36.417936059773517       -11.090636097714789     
   36.514178166494368       -12.015147261574825     
   36.610519213917904       -12.660637013135633     
   36.706959013765207       -13.013244465689995     
   36.803497377229917       -13.068078438026040     
   36.900134114977362       -12.828694422836444     
   36.996869037143874       -12.305974205751255     
   37.093701953335810       -11.516989902507531     
   37.190632672628865       -10.484294011970999     
   37.287661003567131       -9.2357241747245169     
   37.384786754162448       -7.8044491686611979     
   37.482009731893470       -6.2287965965555507     
   37.579329743704868       -4.5514761264875903     
   37.676746596006581       -2.8180957751723748     
   37.774260094672968       -1.0752093742348927     
   37.871870045042002       0.63164712305134496     
   37.969576251914496        2.2594833734102120     
   38.067378519553280        3.7687232514221498     
   38.165276651682419        5.1235025627386461     
   38.263270451486406        6.2917229455343699     
   38.361359721609368        7.2452458429906050     
   38.459544264154275        7.9604729074009528     
   38.557823880682193        8.4193065601116235     
   38.656198372211399        8.6102426466751236     
   38.754667539216669        8.5292293236475558     
   38.853231181628495        8.1799822120661485     
   38.951889098832275        7.5736410118288253     
   39.050641089667536        6.7278885416067888     
   39.149486952427146        5.6658183290301052     
   39.248426484856601        4.4148628537375849     
   39.347459484153156        3.0059842338774430     
   39.446585746965113        1.4731472362690032     
   39.545805069391044      -0.14706974791607988     
   39.645117246979027       -1.8159452947556662     
   39.744522074725829       -3.4933479445620792     
   39.844019347076255       -5.1387876008949407     
   39.943608857922243       -6.7126940595013549     
   40.043290400602203       -8.1777302810466672     
   40.143063767900266       -9.4999347276288031     
   40.242928752045458       -10.649559080388523     
   40.342885144710991       -11.601583555519845     
   40.442932737013528       -12.335995182618737     
   40.543071319512407       -12.837960866051681     
   40.643300682208917       -13.098003793188939     
   40.743620614545513       -13.112218391296194     
   40.844030905405120       -12.882475259083924     
   40.944531343110398       -12.416513699503390     
   41.045121715422972       -11.727819040424871     
   41.145801809542711       -10.835232123357377     
   41.246571412107009       -9.7623133309062506     
   41.347430309190038       -8.5365477931105289     
   41.448378286302031       -7.1885039705686582     
   41.549415128388588       -5.7510365900593552     
   41.650540619829876       -4.2585706999604973     
   41.751754544439997       -2.7464437376145079     
   41.853056685466228       -1.2502443914537096     
   41.954446825588306       0.19491365726074522     
   42.055924746917725        1.5552101075899021     
   42.157490230997055        2.7990021707392860     
   42.259143058799175        3.8977006917507224     
   42.360883010726639        4.8265438021294633     
   42.462709866610901        5.5651880982965567     
   42.564623405711707        6.0980799489183326     
   42.666623406716312        6.4146217644339307     
   42.768709647738859        6.5091885489431691     
   42.870881906319646        6.3810638471170416     
   42.973139959424444        6.0343484466822535     
   43.075483583443855        5.4778592291319983     
   43.177912554192574        4.7249960680370426     
   43.280426646908722        3.7935284813927033     
   43.383025636253223        2.7052511804187120     
   43.485709296309075        1.4854789435493703     
   43.588477400580700       0.16238705026281547     
   43.691329721993299       -1.2337607259408114     
   43.794266032892132       -2.6714324533059681     
   43.897286105041935       -4.1186313970624653     
   44.000389709626198       -5.5436353288479427     
   44.103576617246539       -6.9156535739690428     
   44.206846597922087       -8.2054110266123583     
   44.310199421088726       -9.3856842069315860     
   44.413634855598588       -10.431814011254906     
   44.517152669719309       -11.322205205210617     
   44.620752631133442       -12.038801355521366     
   44.724434506937811       -12.567505258179812     
   44.828198063642851       -12.898506714893784     
   44.932043067172039       -13.026484828397898     
   45.035969282861203       -12.950668417592851     
   45.139976475457942       -12.674759126842313     
   45.244064409121002       -12.206739499148672     
   45.348232847419638       -11.558596791307471     
   45.452481553333044       -10.745990759521925     
   45.556810289249661       -9.7878825467623418     
   45.661218816966702       -8.7061276964993528     
   45.765706897689412       -7.5250253987823417     
   45.870274292030572       -6.2708128254697391     
   45.974920760009844       -4.9710990344450412     
   46.079646061053197       -3.6542450916874989     
   46.184449953992377       -2.3487109856664756     
   46.289332197064169       -1.0824002562412338     
   46.394292547909998       0.11796380153113804     
   46.499330763575230        1.2274019307595614     
   46.604446600508638        2.2231659531069439     
   46.709639814561839        3.0851459826234735     
   46.814910160988703        3.7962057344277733     
   46.920257394444825        4.3424587652894120     
   47.025681268986915        4.7134963222326833     
   47.131181538072312        4.9025698227019596     
   47.236757954558350        4.9067212888672005     
   47.342410270701890        4.7268473033008620     
   47.448138238158698        4.3676793775349525     
   47.553941607982999        3.8376672593645678     
   47.659820130626805        3.1487606388024205     
   47.765773555939553        2.3160961449505404     
   47.871801633167436        1.3576069161962945     
   47.977904110952927       0.29357834540673489     
   48.084080737334261      -0.85382567293979095     
   48.190331259744937       -2.0610461473409076     
   48.296655425013157       -3.3036098648245535     
   48.403052979361348       -4.5566035520208343     
   48.509523668405656       -5.7951427744328488     
   48.616067237155463       -6.9948386462306500     
   48.722683430012822       -8.1322628457297608     
   48.829371990772032       -9.1854059077554080     
   48.936132662619137       -10.134117467593285     
   49.042965188131419       -10.960512389023105     
   49.149869309276930       -11.649325227931328     
   49.256844767414009       -12.188197825245570     
   49.363891303290828       -12.567890294246004     
   49.471008657044912       -12.782412626487702     
   49.578196568202657       -12.829080603672054     
   49.685454775678906       -12.708504008344152     
   49.792783017776472       -12.424516440175339     
   49.900181032185706       -11.984054553471390     
   50.007648555983998       -11.396991292533031     
   50.115185325635409       -10.675924236300890     
   50.222791076990205       -9.8359179369828738     
   50.330465545284369       -8.8941990957861883     
   50.438208465139283       -7.8698057202760561     
   50.546019570561199       -6.7831954062439381     
   50.653898594940863       -5.6558223869628943     
   50.761845271053140       -4.5096966377296797     
   50.869859331056496       -3.3669400539413461     
   50.977940506492715       -2.2493540784767618     
   51.086088528286425       -1.1780104064660175     
   51.194303126744700      -0.17287240862838799     
   51.302584031556719       0.74754914560984809     
   51.410930971793313        1.5665055226317397     
   51.519343675906640        2.2692853910446260     
   51.627821871729758        2.8434563647076967     
   51.736365286476307        3.2790710433550525     
   51.844973646740080        3.5688334160009121     
   51.953646678494692        3.7082195018349089     
   52.062384107093251        3.6955454097995362     
   52.171185657267934        3.5319770299010376     
   52.280051053129704        3.2214782380837672     
   52.388980018167899        2.7706982412299608     
   52.497972275249992        2.1888026543117620     
   52.607027546621154        1.4872561943816678     
   52.716145553903978       0.67956681894570481     
   52.825326018098146      -0.21899855788752839     
   52.934568659580108       -1.1917178101105186     
   53.043873198102780       -2.2207299668986455     
   53.153239352795211       -3.2873597116659705     
   53.262666842162304       -4.3724473835015232     
   53.372155384084500       -5.4566827186525240     
   53.481704695817498       -6.5209402622089838     
   53.591314493991945       -7.5466130740277695     
   53.700984494613195       -8.5159395065973769     
   53.810714413060985       -9.4123160495970897     
   53.920503964089200       -10.220588089611718     
   54.030352861825548       -10.927310313408919     
   54.140260819771392       -11.520969494729485     
   54.250227550801398       -11.992164361730058     
   54.360252767163367       -12.333739725217852     
   54.470336180477922       -12.540874538768490     
   54.580477501738287       -12.611125580038841     
   54.690676441310096       -12.544429671246963     
   54.800932708931064       -12.343067708449281     
   54.911246013710937       -12.011593392115799     
   55.021616064131031       -11.556728765159221     
   55.132042568044270       -10.987227870236135     
   55.242525232674765       -10.313709398920837     
   55.353063764617808       -9.5484593582334742     
   55.463657869839480       -8.7052055764140892     
   55.574307253676636       -7.7988671706017074     
   55.685011620836612       -6.8452836211685719     
   55.795770675397080       -5.8609294890576225     
   55.906584120805846       -4.8626217544789538     
   56.017451659880763       -3.8672270361078707     
   56.128372994809496       -2.8913755203574576     
   56.239347827149381       -1.9511874058415213     
   56.350375857827274       -1.0620162925139440     
   56.461456787139433      -0.23821252248272257     
   56.572590314751359       0.50709170348835098     
   56.683776139697663        1.1621743523980577     
   56.795013960381951        1.7168918773031445     
   56.906303474576688        2.1628227599992758     
   57.017644379423118        2.4933847260647326     
   57.129036371431070        2.7039235695452142     
   57.240479146479039        2.7917712309455585     
   57.351972399813825        2.7562708798575004     
   57.463515826050688        2.5987673452836466     
   57.575109119173128        2.3225622754633402     
   57.686751972532861        1.9328347504486345     
   57.798444078849734        1.4365294996606208     
   57.910185130211595       0.84221615982651876     
   58.021974818074405       0.15992394753082836     
   58.133812833262013      -0.59904340353440211     
   58.245698865966148       -1.4223075981557034     
   58.357632605746502       -2.2966261967832007     
   58.469613741530480       -3.2081097261187983     
   58.581641961613400       -4.1424424423377673     
   58.693716953658289       -5.0851043196464589     
   58.805838404696004       -6.0215922057797080     
   58.918006001125143       -6.9376381514799421     
   59.030219428712059       -7.8194227062399682     
   59.142478372590894       -8.6537805695832049     
   59.254782517263536       -9.4283955348555271     
   59.367131546599737       -10.131981311073393     
   59.479525143836995       -10.754444685564739     
   59.591962991580736       -11.287027673350606     
   59.704444771804226       -11.722425799950839     
   59.816970165848701       -12.054880428500429     
   59.929538854423399       -12.280243964593069     
   60.042150517605570       -12.396017722181529     
   60.154804834840597       -12.401363083023035     
   60.267501484942073       -12.297087232044358     
   60.380240146091829       -12.085605150578257     
   60.493020495840078       -11.770879700985285     
   60.605842211105418       -11.358341592691549     
   60.718704968175061       -10.854790864266826     
   60.831608442704820       -10.268281349398674     
   60.944552309719313       -9.6079895036856939     
   61.057536243612006       -8.8840690162905922     
   61.170559918145365       -8.1074928370229333     
   61.283623006451066       -7.2898845948531799     
   61.396725181030021       -6.4433418105870102     
   61.509866113752572       -5.5802537356341961     
   61.623045475858675       -4.7131169938817212     
   61.736262937958017       -3.8543523944512983     
   61.849518170030244       -3.0161262743275055     
   61.962810841425060       -2.2101795140296843     
   62.076140620862482       -1.4476669750439928     
   62.189507176432961      -0.73900959232687924     
   62.302910175597688       -9.3760793564556411E-002
   62.416349285188687       0.47951161536347331     
   62.529824171409054       0.97332739868013762     
   62.643334499833259        1.3813792808752186     
   62.756879935407284        1.6986015541524184     
   62.870460142448856        1.9212217250550598     
   62.984074784647774        2.0467949910484564     
   63.097723525066058        2.0742212856035227     
   63.211406026138306        2.0037446148675375     
   63.325121949671846        1.8369344780589971     
   63.438870956847119        1.5766493456080253     
   63.552652708217906        1.2269824677798173     
   63.666466863711577       0.79319068129865444     
   63.780313082629490       0.28160733139097049     
   63.894191023647188      -0.30045912135268427     
   64.008100344814764      -0.94483884086926795     
   64.122040703557190       -1.6426244348653918     
   64.236011756674571       -2.3843024175637395     
   64.350013160342613       -3.1598898529832540     
   64.464044570112776       -3.9590738178275791     
   64.578105640912838       -4.7713515257257146     
   64.692196027047075       -5.5861692161893179     
   64.806315382196701       -6.3930581875184815     
   64.920463359420253       -7.1817666019589916     
   65.034639611153935       -7.9423858832827952     
   65.148843789212023       -8.6654706471630227     
   65.263075544787256       -9.3421511531158075     
   65.377334528451286       -9.9642372614690196     
   65.491620390154964       -10.524312845118894     
   65.605932779228979       -11.015819577439883     
   65.720271344383974       -11.433129025422225     
   65.834635733711366       -11.771602045707819     
   65.949025594683391       -12.027634625374752     
   66.063440574153873       -12.198689524089389     
   66.177880318358575       -12.283313360845209     
   66.292344472915531       -12.281139099904653     
   66.406832682825794       -12.192874225830861     
   66.521344592473682       -12.020275203141937     
   66.635879845627386       -11.766109078860191     
   66.750438085439441       -11.434103282890304     
   66.865018954447308       -11.028884804705058     
   66.979622094573742       -10.555909977971895     
   67.094247147127433       -10.021386099522060     
   67.208893752803547       -9.4321860649512672     
   67.323561551684193       -8.7957571412837119     
   67.438250183239049       -8.1200249395914703     
   67.552959286325901       -7.4132936134977632     
   67.667688499191115       -6.6841433034045776     
   67.782437459470430       -5.9413258730518761     
   67.897205804189269       -5.1936600385105951     
   68.011993169763613       -4.4499270575082823     
   68.126799192000419       -3.7187682122235333     
   68.241623506098236       -3.0085853637241327     
   68.356465746647899       -2.3274458650977530     
   68.471325547633171       -1.6829930819509493     
   68.586202542431266       -1.0823636785700919     
   68.701096363813591      -0.53211268805131451     
   68.816006643946409       -3.8147204218659740E-002
   68.930933014391442       0.39433067372620034     
   69.045875106106521       0.76087122902547666     
   69.160832549446397        1.0578146411148559     
   69.275804974163307        1.2823186039353180     
   69.390792009407704        1.4323761788171741     
   69.505793283729005        1.5068241240261733     
   69.620808425076191        1.5053420163043341     
   69.735837060798772        1.4284425197421193     
   69.850878817647200        1.2774531737638839     
   69.965933321773889        1.0544900767824965     
   70.081000198733761       0.76242384738397850     
   70.196079073485194       0.40483826141891155     
   70.311169570390632       -1.4018001623024124E-002
   70.426271313217427      -0.48928601238744113     
   70.541383925138675       -1.0155570772679476     
   70.656507028733898       -1.5869383942114423     
   70.771640245989985       -2.1971231170311230     
   70.886783198301913       -2.8394639702036812     
   71.001935506473544       -3.5070494743844693     
   71.117096790718620       -4.1927817852432243     
   71.232266670661375       -4.8894551217353790     
   71.347444765337599       -5.5898337678669163     
   71.462630693195365       -6.2867286743485105     
   71.577824072095922       -6.9730717587346618     
   71.693024519314648       -7.6419870982539422     
   71.808231651541831       -8.2868583193344776     
   71.923445084883653       -8.9013916025747015     
   72.038664434863037       -9.4796738325661760     
   72.153889316420631       -10.016225521497786     
   72.269119343915648       -10.506048218520743     
   72.384354131126841       -10.944666183689792     
   72.499593291253532       -11.328162150625349     
   72.614836436916349       -11.653207040156706     
   72.730083180158459       -11.917083509360298     
   72.845333132446356       -12.117703244353388     
   72.960585904670864       -12.253617929770646     
   73.075841107148221       -12.324023860800271     
   73.191098349620972       -12.328760207784150     
   73.306357241259050       -12.268301000161502     
   73.421617390660771       -12.143740964893226     
   73.536878405853884       -11.956775433273039     
   73.652139894296582       -11.709674610390021     
   73.767401462878539       -11.405252585937927     
   73.882662717922045       -11.046831538552212     
   73.997923265183019       -10.638201651127419     
   74.113182709852040       -10.183577303102286     
   74.228440656555534       -9.6875501367727619     
   74.343696709356806       -9.1550396071925260     
   74.458950471757220       -8.5912416203851052     
   74.574201546697168       -8.0015758444072027     
   74.689449536557419       -7.3916322486933179     
   74.804694043159984       -6.7671173860727807     
   74.919934667769567       -6.1338008963458117     
   75.035171011094434       -5.4974626681558325     
   75.150402673287786       -4.8638410637472456     
   75.265629253948845       -4.2385825829407633     
   75.380850352124057       -3.6271933217871601     
   75.496065566308260       -3.0349925664930351     
   75.611274494445965       -2.4670688525812889     
   75.726476733932486       -1.9282388102727730     
   75.841671881615198       -1.4230091068286421     
   75.956859533794827      -0.95554178219280561     
   76.072039286226641      -0.52962325322795800     
   76.187210734121692      -0.14863723248309527     
   76.302373472148062       0.18445823090787561     
   76.417527094432316       0.46714942763648010     
   76.532671194560550       0.69738127564130814     
   76.647805365579771       0.87356717152248020     
   76.762929199999334       0.99459442038688461     
   76.878042289792091        1.0598253190812685     
   76.993144226395728        1.0690940242019018     
   77.108234600714226        1.0226993865299192     
   77.223313003119173       0.92139397422482205     
   77.338379023450955       0.76636953944268449     
   77.453432251020331       0.55923920394284099     
   77.568472274609761       0.30201665156256452     
   77.683498682474692       -2.9073807978968079E-003
   77.798511062345085      -0.35279102452673777     
   77.913509001426760      -0.74456933050297480     
   78.028492086402821       -1.1748841763183033     
   78.143459903435058       -1.6401157642772803     
   78.258412038165460       -2.1364154517799068     
   78.373348075717630       -2.6597396598585523     
   78.488267600698180       -3.2058846061705037     
   78.603170197198324       -3.7705216065182494     
   78.718055448795312       -4.3492326838335060     
   78.832922938553779       -4.9375462173621605     
   78.947772249027508       -5.5309723586436412     
   79.062602962260769       -6.1250379364515961     
   79.177414659789861       -6.7153205717491229     
   79.292206922644667       -7.2974817271161649     
   79.406979331350229       -7.8672984238760888     
   79.521731465928241       -8.4206933752477831     
   79.636462905898640       -8.9537633031905077     
   79.751173230281182       -9.4628052344280551     
   79.865862017597109       -9.9443405985711184     
   79.980528845870523       -10.395136985902438     
   80.095173292630264       -10.812227455693643     
   80.209794934911343       -11.192927320231197     
   80.324393349256610       -11.534848362172658     
   80.438968111718467       -11.835910472637796     
   80.553518797860434       -12.094350723555607     
   80.668044982758786       -12.308729909797997     
   80.782546241004368       -12.477936614156045     
   80.897022146704089       -12.601188862719098     
   81.011472273482809       -12.678033446466038     
   81.125896194484824       -12.708342994850826     
   81.240293482375762       -12.692310890316538     
   81.354663709344223       -12.630444118438033     
   81.469006447103524       -12.523554152257663     
   81.583321266893478       -12.372745974329593     
   81.697607739482109       -12.179405345886813     
   81.811865435167348       -11.945184439735829     
   81.926093923779035       -11.671985961946849     
   82.040292774680495       -11.361945896924180     
   82.154461556770357       -11.017415020154523     
   82.268599838484505       -10.640939333812023     
   82.382707187797777       -10.235239587833792     
   82.496783172225761       -9.8031900587575329     
   82.610827358826810       -9.3477967626759373     
   82.724839314203706       -8.8721752822858502     
   82.838818604505647       -8.3795283877617397     
   82.952764795430028       -7.8731236280515144     
   83.066677452224468       -7.3562710630104897     
   83.180556139688520       -6.8323012978362758     
   83.294400422175698       -6.3045439700353771     
   83.408209863595445       -5.7763068261183275     
   83.521984027414831       -5.2508555112713049     
   83.635722476660831       -4.7313941802966513     
   83.749424773921945       -4.2210470244542586     
   83.863090481350355       -3.7228407943639836     
   83.976719160663862       -3.2396883871666993     
   84.090310373147844       -2.7743735547644333     
   84.203863679657275       -2.3295367804050726     
   84.317378640618657       -1.9076623627931588     
   84.430854816032152       -1.5110667401860256     
   84.544291765473531       -1.1418880812812975     
   84.657689048096231      -0.80207716483529445     
   84.771046222633402      -0.49338956543150103     
   84.884362847399927      -0.21737915839141392     
   84.997638480294597        2.4607048281804864E-002
   85.110872678802068       0.23143275199710722     
   85.224064999995065       0.40217486768800503     
   85.337215000536361       0.53612472457183713     
   85.450322236681046       0.63278796646514734     
   85.563386264278463       0.69188318322805253     
   85.676406638774523       0.71333931015842256     
   85.789382915213750       0.69729184158332835     
   85.902314648241486       0.64407791418102334     
   86.015201392105993       0.55423032433776587     
   86.128042700660686       0.42847055176918142     
   86.240838127366359       0.26770086840227336     
   86.353587225293282        7.2995616877816735E-002
   86.466289547123509      -0.15440825312760045     
   86.578944645153015      -0.41312130041843842     
   86.691552071294083      -0.70161226868026960     
   86.804111377077348       -1.0182192337671474     
   86.916622113654142       -1.3611611341637517     
   87.029083831798857       -1.7285496002703111     
   87.141496081911100       -2.1184010023928455     
   87.253858414017941       -2.5286486420818877     
   87.366170377776442       -2.9571550164965745     
   87.478431522475631       -3.4017240904983752     
   87.590641397039192       -3.8601135160026443     
   87.702799550027464       -4.3300467425444547     
   87.814905529640072       -4.8092249667657558     
   87.926958883718001       -5.2953388722812003     
   88.038959159746213       -5.7860801134149726     
   88.150905904855890       -6.2791524992758605     
   88.262798665826850       -6.7722828359741589     
   88.374636989089865       -7.2632313865048586     
   88.486420420729317       -7.7498019091893262     
   88.598148506485288       -8.2298512370504060     
   88.709820791756272       -8.7012983621173525     
   88.821436821601395       -9.1621329906544027     
   88.932996140743072       -9.6104235377328777     
   89.044498293569276       -10.044324532485083     
   89.155942824136233       -10.462083408620220     
   89.267329276170670       -10.862046660737079     
   89.378657193072485       -11.242665344522159     
   89.489926117917193       -11.602499917531407     
   89.601135593458423       -11.940224405187402     
   89.712285162130485       -12.254629895481079     
   89.823374366050942       -12.544627364271014     
   89.934402747023100       -12.809249839973628     
   90.045369846538492       -13.047653920908461     
   90.156275205779693       -13.259120662805110     
   90.267118365622693       -13.443055857729359     
   90.377898866639583       -13.598989728826989     
   90.488616249101099       -13.726576067815834     
   90.599270052979293       -13.825590844068417     
   90.709859817950161       -13.895930315424389     
   90.820385083396260       -13.937608671654695     
   90.930845388409352       -13.950755241759023     
   91.041240271793100       -13.935611296204199     
   91.151569272065686       -13.892526474772529     
   91.261831927462552       -13.821954870108224     
   91.372027775939046       -13.724450796331842     
   91.482156355173117       -13.600664271329293     
   91.592217202568094       -13.451336240640231     
   91.702209855255319       -13.277293570241719     
   91.812133850097027       -13.079443835057910     
   91.921988723688926       -12.858769929669739     
   92.031774012363030       -12.616324527513974     
   92.141489252190425       -12.353224414782977     
   92.251133978984100       -12.070644725778671     
   92.360707728301634       -11.769813101990517     
   92.470210035448062       -11.452003813331565     
   92.579640435478666       -11.118531847340657     
   92.688998463201798       -10.770747013091096     
   92.798283653181741       -10.410028073098960     
   92.907495539741461       -10.037776932720272     
   93.016633656965624       -9.6554129109502238     
   93.125697538703292       -9.2643671161532080     
   93.234686718570870       -8.8660769490235580     
   93.343600729954971       -8.4619807536076017     
   93.452439106015419       -8.0535126355273263     
   93.561201379687958       -7.6420974647213020     
   93.669887083687314       -7.2291460780123833     
   93.778495750510132       -6.8160506947728443     
   93.887026912437804       -6.4041805568464607     
   93.995480101539499       -5.9948778018125388     
   94.103854849675116       -5.5894535767240097     
   94.212150688498198       -5.1891843974232454     
   94.320367149459045       -4.7953087569212860     
   94.428503763807470       -4.4090239846572823     
   94.536560062596095       -4.0314833570606874     
   94.644535576683126       -3.6637934586548444     
   94.752429836735459       -3.3070117919082711     
   94.860242373231713       -2.9621446332314121     
   94.967972716465354       -2.6301451318412794     
   95.075620396547521       -2.3119116477416108     
   95.183184943410353       -2.0082863246322158     
   95.290665886809876       -1.7200538933224518     
   95.398062756329153       -1.4479407009411767     
   95.505375081381430       -1.1926139611806239     
   95.612602391213130      -0.95468121974634479     
   95.719744214907053      -0.73469003192527482     
   95.826800081385443      -0.53312784309922900     
   95.933769519413204      -0.35042206997345132     
   96.040652057600937      -0.18694037418948339     
   96.147447224408154       -4.2991122424408772E-002
   96.254154548146516        8.1175974181936172E-002
   96.360773556982807       0.18536904884542446     
   96.467303778942323       0.26945310431164038     
   96.573744741911980       0.33334888304206334     
   96.680095973643489       0.37703159160995031     
   96.786357001756642       0.40052948902232344     
   96.892527353742494       0.40392234913977654     
   96.998606556966578       0.38733980777173582     
   97.104594138672255       0.35095960533359410     
   97.210489625983783       0.29500573617082837     
   97.316292545909803       0.21974651575621132     
   97.422002425346420       0.12549257698939986     
   97.527618791080613        1.2594806662989127E-002
   97.633141169793447      -0.11855776701320574     
   97.738569088063485      -0.26754012531302074     
   97.843902072369957      -0.43389343820425702     
   97.949139649096210      -0.61712726227630044     
   98.054281344532939      -0.81672174835220457     
   98.159326684881648       -1.0321298503882543     
   98.264275196257884       -1.2627795279096903     
   98.369126404694654       -1.5080759349070181     
   98.473879836145841       -1.7674035887828881     
   98.578535016489482       -2.0401285135939569     
   98.683091471531256       -2.3256003524539630     
   98.787548727007774       -2.6231544445378314     
   98.891906308590166       -2.9321138626680989     
   98.996163741887301       -3.2517914079523886     
   99.100320552449361       -3.5814915582391911     
   99.204376265771202       -3.9205123677974525     
   99.308330407295827       -4.2681473155155327     
   99.412182502417821       -4.6236870995136279     
   99.515932076486877       -4.9864213760600258     
   99.619578654811178       -5.3556404408841969     
   99.723121762661009       -5.7306368510955350     
   99.826560925272105       -6.1107069860052725     
   99.929895667849209       -6.4951525452313259     
   100.03312551556972       -6.8832819825267624     
   100.13624999358697       -7.2744118738648211     
   100.23926862703392       -7.6678682183856637     
   100.34218094102667       -8.0629876709220571     
   100.44498646066799       -8.4591187049419929     
   100.54768471105085       -8.8556227048982397     
   100.65027521726206       -9.2518749871735402     
   100.75275750438580       -9.6472657488665821     
   100.85513109750717       -10.041200944440053     
   100.95739552171581       -10.433103089267821     
   101.05955030210960       -10.822411991166591     
   101.16159496379812       -11.208585409624238     
   101.26352903190630       -11.591099643710608     
   101.36535203157811       -11.969450049598768     
   101.46706348798018       -12.343151488981196     
   101.56866292630545       -12.711738709930586     
   101.67014987177666       -13.074766662030628     
   101.77152384965036       -13.431810747826084     
   101.87278438522030       -13.782467012877332     
   101.97393100382104       -14.126352276874323     
   102.07496323083200       -14.463104208431282     
   102.17588059168079       -14.792381346299083     
   102.27668261184714       -15.113863069847390     
   102.37736881686651       -15.427249521658489     
   102.47793873233381       -15.732261485171191     
   102.57839188390714       -16.028640220486086     
   102.67872779731165       -16.316147260353155     
   102.77894599834308       -16.594564170775559     
   102.87904601287160       -16.863692277133811     
   102.97902736684563       -17.123352359695176     
   103.07888958629552       -17.373384320553445     
   103.17863219733745       -17.613646824462791     
   103.27825472617702       -17.844016915848634     
   103.37775669911322       -18.064389614125790     
   103.47713764254219       -18.274677489316197     
   103.57639708296094       -18.474810219873095     
   103.67553454697128       -18.664734134451027     
   103.77454956128362       -18.844411739290972     
   103.87344165272067       -19.013821232765121     
   103.97221034822155       -19.172956008552621     
   104.07085517484533       -19.321824148840957     
   104.16937565977517       -19.460447908858466     
   104.26777133032191       -19.588863194036119     
   104.36604171392811       -19.707119031916505     
   104.46418633817198       -19.815277033751094     
   104.56220473077107       -19.913410865542030     
   104.66009641958635       -20.001605698958166     
   104.75786093262597       -20.079957673746652     
   104.85549779804921       -20.148573354605283     
   104.95300654417048       -20.207569189627698     
   105.05038669946312       -20.257070970565241     
   105.14763779256333       -20.297213295998883     
   105.24475935227424       -20.328139038475808     
   105.34175090756973       -20.349998816655969     
   105.43861198759838       -20.362950473489047     
   105.53534212168749       -20.367158561400238     
   105.63194083934701       -20.362793835431454     
   105.72840767027347       -20.350032755235613     
   105.82474214435402       -20.329056996781503     
   105.92094379167040       -20.300052974546293     
   106.01701214250289       -20.263211374950792     
   106.11294672733432       -20.218726701688002     
   106.20874707685415       -20.166796833548840     
   106.30441272196234       -20.107622595236041     
   106.39994319377345       -20.041407341879090     
   106.49533802362070       -19.968356556953005     
   106.59059674305988       -19.888677464908515     
   106.68571888387348       -19.802578657883313     
   106.78070397807471       -19.710269737119525     
   106.87555155791158       -19.611960969058131     
   106.97026115587076       -19.507862956178602     
   107.06483230468197       -19.398186322563529     
   107.15926453732179       -19.283141414115232     
   107.25355738701775       -19.162938013321241     
   107.34771038725253       -19.037785068395713     
   107.44172307176798       -18.907890436610693     
   107.53559497456914       -18.773460641591793     
   107.62932562992850       -18.634700644317821     
   107.72291457238983       -18.491813627558308     
   107.81636133677263       -18.345000793465104     
   107.90966545817597       -18.194461174014990     
   108.00282647198267       -18.040391454007171     
   108.09584391386353       -17.882985806298439     
   108.18871731978133       -17.722435739019804     
   108.28144622599500       -17.558929954371905     
   108.37403016906377       -17.392654218992654     
   108.46646868585135       -17.223791245087185     
   108.55876131353000       -17.052520582745622     
   108.65090758958469       -16.879018522677097     
   108.74290705181738       -16.703458009377247     
   108.83475923835101       -16.526008564486862     
   108.92646368763374       -16.346836220152358     
   109.01801993844327       -16.166103462257794     
   109.10942752989068       -15.983969183397861     
   109.20068600142497       -15.800588645502389     
   109.29179489283702       -15.616113452073767     
   109.38275374426381       -15.430691530023921     
   109.47356209619281       -15.244467121154269     
   109.56421948946580       -15.057580783395119     
   109.65472546528356       -14.870169401967871     
   109.74507956520965       -14.682366210741872     
   109.83528133117480       -14.494300824177257     
   109.92533030548125       -14.306099280325189     
   110.01522603080669       -14.117884095600388     
   110.10496805020875       -13.929774332190831     
   110.19455590712909       -13.741885679274905     
   110.28398914539767       -13.554330549335006     
   110.37326730923701       -13.367218192370382     
   110.46238994326637       -13.180654828601734     
   110.55135659250602       -12.994743805339896     
   110.64016680238156       -12.809585780352112     
   110.72882011872815       -12.625278938113533     
   110.81731608779459       -12.441919246033709     
   110.90565425624789       -12.259600760392049     
   110.99383417117723       -12.078415995020773     
   111.08185538009849       -11.898456370496698     
   111.16971743095831       -11.719812768273059     
   111.25741987213853       -11.542576223943067     
   111.34496225246025       -11.366838808220338     
   111.43234412118841       -11.192694766062305     
   111.51956502803586       -11.020242018171542     
   111.60662452316762       -10.849584183060585     
   111.69352215720536       -10.680833366472275     
   111.78025748123153       -10.514114115990871     
   111.86683004679372       -10.349569206801437     
   111.95323940590887       -10.187368424515544     
   112.03948511106782       -10.027722498929180     
   112.12556671523922       -9.8709064389154495     
   112.21148377187421       -9.7173013805097703     
   112.29723583491050       -9.5674767141350028     
   112.38282245877681       -9.4223727896199172     
   112.46824319839705       -9.2837923359655878     
   112.55349760919479       -9.1562512429612948     
   112.63858524709741       -9.0667617777726885     
   112.72350566854057       -8.9301743278849894     
   112.80825843047239       -8.7596512210098592     
   112.89284309035799       -8.5914268143992647     
   112.97725920618358       -8.4255102050231976     
   113.06150633646084       -8.2619084432728211     
   113.14558404023136       -8.1006266125143984     
   113.22949187707091       -7.9416679072899701     
   113.31322940709377       -7.7850337101273954     
   113.39679619095696       -7.6307236669190708     
   113.48019178986480       -7.4787357608512215     
   113.56341576557301       -7.3290663848489501     
   113.64646768039326       -7.1817104125249926     
   113.72934709719732       -7.0366612676109996     
   113.81205357942150       -6.8939109918525201     
   113.89458669107107       -6.7534503113626956     
   113.97694599672435       -6.6152687014236200     
   114.05913106153736       -6.4793544497199678     
   114.14114145124793       -6.3456947180162659     
   114.22297673218016       -6.2142756022582342     
   114.30463647124868       -6.0850821911051787     
   114.38612023596322       -5.9580986229088033     
   114.46742759443264       -5.8333081410133305     
   114.54855811536942       -5.7106931478400584     
   114.62951136809410       -5.5902352568422922     
   114.71028692253951       -5.4719153434424843     
   114.79088434925518       -5.3557135941523795     
   114.87130321941156       -5.2416095542274768     
   114.95154310480460       -5.1295821738006442     
   115.03160357785994       -5.0196098525047290     
   115.11148421163716       -4.9116704826057260     
   115.19118457983444       -4.8057414906541362     
   115.27070425679265       -4.7017998776809273     
   115.35004281749974       -4.5998222579468164     
   115.42919983759515       -4.4997848962730682     
   115.50817489337415       -4.4016637439682480     
   115.58696756179211       -4.3054344733767858     
   115.66557742046896       -4.2110725110707028     
   115.74400404769345       -4.1185530697073043     
   115.82224702242753       -4.0278511785819475     
   115.90030592431073       -3.9389417128960487     
   115.97818033366438       -3.8517994217731268     
   116.05586983149611       -3.7663989550448700     
   116.13337399950407       -3.6827148888393810     
   116.21069242008133       -3.6007217499980237     
   116.28782467632020       -3.5203940393506103     
   116.36477035201658       -3.4417062538799601     
   116.44152903167431       -3.3646329078010733     
   116.51810030050950       -3.2891485525916333     
   116.59448374445472       -3.2152277960674001     
   116.67067895016366       -3.1428453200939694     
   116.74668550501511       -3.0719758982030334     
   116.82250299711751       -3.0025944111979870     
   116.89813101531318       -2.9346758626134357     
   116.97356914918272       -2.8681953930294273     
   117.04881698904923       -2.8031282935780757     
   117.12387412598271       -2.7394500186448068     
   117.19874015180433       -2.6771361977807793     
   117.27341465909079       -2.6161626468640842     
   117.34789724117870       -2.5565053785279988     
   117.42218749216866       -2.4981406118930387     
   117.49628500692981       -2.4410447816226615     
   117.57018938110407       -2.3851945463297834     
   117.64390021111033       -2.3305667963619339     
   117.71741709414889       -2.2771386609866116     
   117.79073962820573       -2.2248875150025960     
   117.86386741205672       -2.1737909847998953     
   117.93680004527209       -2.1238269538899615     
   118.00953712822052       -2.0749735679318628     
   118.08207826207349       -2.0272092392685686     
   118.15442304880975       -1.9805126510032194     
   118.22657109121923       -1.9348627606253532     
   118.29852199290767       -1.8902388032162052     
   118.37027535830066       -1.8466202942426713     
   118.44183079264812       -1.8039870319659868     
   118.51318790202835       -1.7623190994760300     
   118.58434629335243       -1.7215968663732826     
   118.65530557436840       -1.6818009901117255     
   118.72606535366559       -1.6429124170188081     
   118.79662524067884       -1.6049123830071501     
   118.86698484569271       -1.5677824140213599     
   118.93714377984581       -1.5315043261172880     
   119.00710165513492       -1.4960602254211999     
   119.07685808441934       -1.4614325077123551     
   119.14641268142508       -1.4276038578279400     
   119.21576506074904       -1.3945572488313662     
   119.28491483786324       -1.3622759409673424     
   119.35386162911915       -1.3307434804178804     
   119.42260505175177       -1.2999436978671688     
   119.49114472388385       -1.2698607068897909     
   119.55948026453022       -1.2404789021705613     
   119.62761129360177       -1.2117829575678032     
   119.69553743190988       -1.1837578240287483     
   119.76325830117050       -1.1563887273677786     
   119.83077352400817       -1.1296611659161191     
   119.89808272396051       -1.1035609080526718     
   119.96518552548223       -1.0780739896236571     
   120.03208155394924       -1.0531867112597264     
   120.09877043566289       -1.0288856355997389     
   120.16525179785413       -1.0051575844272098     
   120.23152526868761      -0.98198963572745313     
   120.29759047726589      -0.95936912067331348     
   120.36344705363345      -0.93728362054522307     
   120.42909462878110      -0.91572096359303534     
   120.49453283464973      -0.89466922184536768     
   120.55976130413470      -0.87411670787256079     
   120.62477967108987      -0.85405197150938139     
   120.68958757033168      -0.83446379654269365     
   120.75418463764333      -0.81534119736896837     
   120.81857050977879      -0.79667341562798666     
   120.88274482446697      -0.77844991681529430     
   120.94670722041566      -0.76066038688051485     
   121.01045733731584      -0.74329472881296244     
   121.07399481584550      -0.72634305922237941     
   121.13731929767383      -0.70979570491523458     
   121.20043042546527      -0.69364319946774466     
   121.26332784288358      -0.67787627981232956     
   121.32601119459579      -0.66248588282087562     
   121.38848012627631      -0.64746314190399779     
   121.45073428461096      -0.63279938362131261     
   121.51277331730088      -0.61848612430836447     
   121.57459687306671      -0.60451506672058419     
   121.63620460165245      -0.59087809669879077     
   121.69759615382958      -0.57756727985635670     
   121.75877118140089      -0.56457485829185383     
   121.81972933720462      -0.55189324732756084     
   121.88047027511831      -0.53951503227662956     
   121.94099365006291      -0.52743296523946626     
   122.00129911800660      -0.51563996193196093     
   122.06138633596873      -0.50412909854581023     
   122.12125496202384      -0.49289360864255488     
   122.18090465530567      -0.48192688008230811     
   122.24033507601089      -0.47122245198870816     
   122.29954588540309      -0.46077401174995403     
   122.35853674581678      -0.45057539205739128     
   122.41730732066112      -0.44062056798206523     
   122.47585727442403      -0.43090365409024201     
   122.53418627267588      -0.42141890159754658     
   122.59229398207339      -0.41216069556326690     
   122.65018007036355      -0.40312355212401907     
   122.70784420638749      -0.39430211576816371     
   122.76528606008432      -0.38569115665047377     
   122.82250530249487      -0.37728556794739343     
   122.87950160576560      -0.36908036325324495     
   122.93627464315242      -0.36107067401716886     
   122.99282408902444      -0.35325174702115125     
   123.04914961886792      -0.34561894189862641     
   123.10525090928977      -0.33816772869406453     
   123.16112763802167      -0.33089368546340014     
   123.21677948392364      -0.32379249591488091     
   123.27220612698775      -0.31685994709025156     
   123.32740724834210      -0.31009192708668482     
   123.38238253025430      -0.30348442281882559     
   123.43713165613536      -0.29703351781846504     
   123.49165431054340      -0.29073539007368310     
   123.54595017918727      -0.28458630992211226     
   123.60001894893033      -0.27858263795087446     
   123.65386030779416      -0.27272082296694233     
   123.70747394496216      -0.26699739999028016     
   123.76085955078322      -0.26140898828757120     
   123.81401681677548      -0.25595228944438408     
   123.86694543562980      -0.25062408547375498     
   123.91964510121369      -0.24542123696227566     
   123.97211550857456      -0.24034068125190028     
   124.02435635394359      -0.23537943065833422     
   124.07636733473932      -0.23053457072456815     
   124.12814814957112      -0.22580325850998006     
   124.17969849824287      -0.22118272091371716     
   124.23101808175655      -0.21667025303276016     
   124.28210660231555      -0.21226321655346270     
   124.33296376332869      -0.20795903817667391     
   124.38358926941329      -0.20375520807579101     
   124.43398282639896      -0.19964927838694221     
   124.48414414133100      -0.19563886173159850     
   124.53407292247394      -0.19172162977030141     
   124.58376887931506      -0.18789531178768593     
   124.63323172256780      -0.18415769330779522     
   124.68246116417531      -0.18050661473972107     
   124.73145691731374      -0.17693997005274453     
   124.78021869639593      -0.17345570548041550     
   124.82874621707458      -0.17005181825363896     
   124.87703919624580      -0.16672635536154046     
   124.92509735205265      -0.16347741234023905     
   124.97292040388815      -0.16030313208863609     
   125.02050807239908      -0.15720170371122064     
   125.06786007948907      -0.15417136138675547     
   125.11497614832206      -0.15121038326295061     
   125.16185600332558      -0.14831709037640728     
   125.20849937019419      -0.14548984559737743     
   125.25490597589270      -0.14272705259885829     
   125.30107554865948      -0.14002715484962774     
   125.34700781800979      -0.13738863463069639     
   125.39270251473903      -0.13481001207482121     
   125.43815937092600      -0.13228984422842713     
   125.48337811993618      -0.12982672413573476     
   125.52835849642493      -0.12741927994452870     
   125.57310023634069      -0.12506617403303966     
   125.61760307692830      -0.12276610215774784     
   125.66186675673214      -0.12051779262143285     
   125.70589101559916      -0.11832000546114810     
   125.74967559468237      -0.11617153165577743     
   125.79322023644362      -0.11407119235276618     
   125.83652468465709      -0.11201783811356777     
   125.87958868441224      -0.11001034817403875     
   125.92241198211687      -0.10804762973662611     
   125.96499432550034      -0.10612861725308091     
   126.00733546361664      -0.10425227175341936     
   126.04943514684734      -0.10241758017382106     
   126.09129312690490      -0.10062355470667193     
   126.13290915683538       -9.8869232165644708E-002
   126.17428299102173       -9.7153673366696211E-002
   126.21541438518676       -9.5475962524293356E-002
   126.25630309639594       -9.3835206662440260E-002
   126.29694888306072       -9.2230535040470116E-002
   126.33735150494121       -9.0661098593036130E-002
   126.37751072314926       -8.9126069384031753E-002
   126.41742630015143       -8.7624640074095733E-002
   126.45709799977182       -8.6156023401520634E-002
   126.49652558719507       -8.4719451675995386E-002
   126.53570882896922       -8.3314176285152641E-002
   126.57464749300854       -8.1939467213370795E-002
   126.61334134859653       -8.0594612572755436E-002
   126.65179016638861       -7.9278918145899643E-002
   126.68999371841510       -7.7991706940100131E-002
   126.72795177808389       -7.6732318752856118E-002
   126.76566412018342       -7.5500109748316585E-002
   126.80313052088530       -7.4294452044441850E-002
   126.84035075774723       -7.3114733310574581E-002
   126.87732460971557       -7.1960356375232057E-002
   126.91405185712840       -7.0830738843815452E-002
   126.95053228171783       -6.9725312726030539E-002
   126.98676566661308       -6.8643524072717912E-002
   127.02275179634294       -6.7584832621998631E-002
   127.05849045683857       -6.6548711454291976E-002
   127.09398143543611       -6.5534646656275147E-002
   127.12922452087940       -6.4542136993207433E-002
   127.16421950332244       -6.3570693589770716E-002
   127.19896617433224       -6.2619839618976159E-002
   127.23346432689119       -6.1689109998960684E-002
   127.26771375539985       -6.0778051097656050E-002
   127.30171425567934       -5.9886220444856648E-002
   127.33546562497401       -5.9013186451755309E-002
   127.36896766195393       -5.8158528137612193E-002
   127.40222016671733       -5.7321834863392485E-002
   127.43522294079332       -5.6502706072299416E-002
   127.46797578714407       -5.5700751036879027E-002
   127.50047851016758       -5.4915588612648704E-002
   127.53273091569984       -5.4146846998031656E-002
   127.56473281101758       -5.3394163500451279E-002
   127.59648400484036       -5.2657184308460052E-002
   127.62798430733322       -5.1935564269681683E-002
   127.65923353010895       -5.1228966674464443E-002
   127.69023148623045       -5.0537063045116432E-002
   127.72097799021310       -4.9859532930568919E-002
   127.75147285802711       -4.9196063706300253E-002
   127.78171590709987       -4.8546350379420108E-002
   127.81170695631809       -4.7910095398768414E-002
   127.84144582603025       -4.7287008469950140E-002
   127.87093233804882       -4.6676806375071024E-002
   127.90016631565234       -4.6079212797172281E-002
   127.92914758358800       -4.5493958149195601E-002
   127.95787596807347       -4.4920779407330233E-002
   127.98635129679933       -4.4359419948704140E-002
   128.01457339893111       -4.3809629393268226E-002
   128.04254210511166       -4.3271163449711915E-002
   128.07025724746293       -4.2743783765456372E-002
   128.09771865958851       -4.2227257780474529E-002
   128.12492617657537       -4.1721358584882941E-002
   128.15187963499616       -4.1225864780273527E-002
   128.17857887291123       -4.0740560344593495E-002
   128.20502372987059       -4.0265234500600350E-002
   128.23121404691616       -3.9799681587612365E-002
   128.25714966658347       -3.9343700936721411E-002
   128.28283043290403       -3.8897096749186559E-002
   128.30825619140694       -3.8459677977906011E-002
   128.33342678912098       -3.8031258211931422E-002
   128.35834207457680       -3.7611655565989950E-002
   128.38300189780838       -3.7200692565783317E-002
   128.40740611035537       -3.6798196048370743E-002
   128.43155456526469       -3.6403997053657204E-002
   128.45544711709258       -3.6017930724801701E-002
   128.47908362190617       -3.5639836209678574E-002
   128.50246393728571       -3.5269556564948484E-002
   128.52558792232605       -3.4906938662744066E-002
   128.54845543763864       -3.4551833099734204E-002
   128.57106634535313       -3.4204094108611527E-002
   128.59342050911931       -3.3863579471892759E-002
   128.61551779410868       -3.3530150437970536E-002
   128.63735806701627       -3.3203671639382419E-002
   128.65894119606230       -3.2884011013264339E-002
   128.68026705099388       -3.2571039723819480E-002
   128.70133550308665       -3.2264632086943787E-002
   128.72214642514643       -3.1964665496741436E-002
   128.74269969151086       -3.1671020354056188E-002
   128.76299517805097       -3.1383579996864606E-002
   128.78303276217284       -3.1102230632520940E-002
   128.80281232281899       -3.0826861271818488E-002
   128.82233374047019       -3.0557363664779777E-002
   128.84159689714679       -3.0293632238181035E-002
   128.86060167641023       -3.0035564034756095E-002
   128.87934796336469       -2.9783058653992660E-002
   128.89783564465833       -2.9536018194561819E-002
   128.91606460848496       -2.9294347198254911E-002
   128.93403474458529       -2.9057952595458576E-002
   128.95174594424853       -2.8826743652103016E-002
   128.96919810031358       -2.8600631918020970E-002
   128.98639110717062       -2.8379531176764373E-002
   129.00332486076218       -2.8163357396710876E-002
   129.01999925858479       -2.7952028683590140E-002
   129.03641419969000       -2.7745465234231402E-002
   129.05256958468598       -2.7543589291663704E-002
   129.06846531573848       -2.7346325101389742E-002
   129.08410129657233       -2.7153598868908349E-002
   129.09947743247255       -2.6965338718395529E-002
   129.11459363028555       -2.6781474652577800E-002
   129.12944979842047       -2.6601938513674851E-002
   129.14404584685022       -2.6426663945510596E-002
   129.15838168711261       -2.6255586356629789E-002
   129.17245723231161       -2.6088642884527342E-002
   129.18627239711847       -2.5925772360848805E-002
   129.19982709777261       -2.5766915277641765E-002
   129.21312125208297       -2.5612013754555189E-002
   129.22615477942881       -2.5461011506982642E-002
   129.23892760076106       -2.5313853815204058E-002
   129.25143963860293       -2.5170487494359281E-002
   129.26369081705130       -2.5030860865379107E-002
   129.27568106177745       -2.4894923726772562E-002
   129.28741030002806       -2.4762627327235935E-002
   129.29887846062627       -2.4633924339174686E-002
   129.31008547397241       -2.4508768832957058E-002
   129.32103127204502       -2.4387116252037440E-002
   129.33171578840171       -2.4268923388829054E-002
   129.34213895818002       -2.4154148361354228E-002
   129.35230071809812       -2.4042750590658905E-002
   129.36220100645585       -2.3934690778953435E-002
   129.37183976313537       -2.3829930888473679E-002
   129.38121692960195       -2.3728434121060005E-002
   129.39033244890473       -2.3630164898439100E-002
   129.39918626567746       -2.3535088843164121E-002
   129.40777832613921       -2.3443172760250593E-002
   129.41610857809513       -2.3354384619449942E-002
   129.42417697093691       -2.3268693538182873E-002
   129.43198345564369       -2.3186069765109896E-002
   129.43952798478247       -2.3106484664279933E-002
   129.44681051250885       -2.3029910699988273E-002
   129.45383099456754       -2.2956321422114238E-002
   129.46058938829296       -2.2885691452154404E-002
   129.46708565260974       -2.2817996469789506E-002
   129.47331974803325       -2.2753213200023964E-002
   129.47929163667004       -2.2691319400919875E-002
   129.48500128221835       -2.2632293851856330E-002
   129.49044864996841       -2.2576116342366618E-002
   129.49563370680292       -2.2522767661495358E-002
   129.50055642119742       -2.2472229587717805E-002
   129.50521676322020       -2.2424484879352155E-002
   129.50961470453294       -2.2379517265526255E-002
   129.51375021839036       -2.2337311437658068E-002
   129.51762327964025       -2.2297853041420679E-002
   129.52123386472292       -2.2261128669259132E-002
   129.52458195167031       -2.2227125853377380E-002
   129.52766752010419       -2.2195833059245378E-002
   129.53049055123287       -2.2167239679594906E-002
   129.53305102784520       -2.2141336028976250E-002
   129.53534893429890       -2.2118113338784995E-002
   129.53738425649667       -2.2097563752951993E-002
   129.53915698183386       -2.2079680324381498E-002
   129.54066709907167       -2.2064457012580547E-002
   129.54191459798380       -2.2051888684096393E-002
   129.54289946817323       -2.2041971121713185E-002
   129.54362169379309       -2.2034701075383335E-002
   129.54408121461367       -2.2030076652202066E-002

