 # Molecular potential
 # R (nm)   Energy shift (MHz)
   1.3848156955716972E-004   0.0000000000000000     
   4.6423247515980270E-004   0.0000000000000000     
   9.7621491017664086E-004   0.0000000000000000     
   1.6743889031385216E-003   0.0000000000000000     
   2.5587469358771962E-003   0.0000000000000000     
   3.6292863442140477E-003   0.0000000000000000     
   4.8860055757109951E-003   0.0000000000000000     
   6.3289033505526332E-003   0.0000000000000000     
   7.9579784111996153E-003   0.0000000000000000     
   9.7732294322293422E-003   0.0000000000000000     
   1.1774654983059981E-002   0.0000000000000000     
   1.3962253510959423E-002   0.0000000000000000     
   1.6336023332532867E-002   0.0000000000000000     
   1.8895962629277747E-002   0.0000000000000000     
   2.1642069444997011E-002   0.0000000000000000     
   2.4574341684377436E-002   0.0000000000000000     
   2.7692777112019291E-002   0.0000000000000000     
   3.0997373351849457E-002   0.0000000000000000     
   3.4488127886754726E-002   0.0000000000000000     
   3.8165038058251888E-002   0.0000000000000000     
   4.2028101066330523E-002   0.0000000000000000     
   4.6077313969264573E-002   0.0000000000000000     
   5.0312673683474168E-002   0.0000000000000000     
   5.4734176983465124E-002   0.0000000000000000     
   5.9341820501682699E-002   0.0000000000000000     
   6.4135600728463402E-002   0.0000000000000000     
   6.9115514011928239E-002   0.0000000000000000     
   7.4281556557919751E-002   0.0000000000000000     
   7.9633724429941419E-002   0.0000000000000000     
   8.5172013549032352E-002   0.0000000000000000     
   9.0896419693759847E-002   0.0000000000000000     
   9.6806938500092643E-002   0.0000000000000000     
  0.10290356546134481        0.0000000000000000     
  0.10918629592810199        0.0000000000000000     
  0.11565512510813013        0.0000000000000000     
  0.12231004806631390        0.0000000000000000     
  0.12915105972454391        0.0000000000000000     
  0.13617815486166068        0.0000000000000000     
  0.14339132811336078        0.0000000000000000     
  0.15079057397209886        0.0000000000000000     
  0.15837588678699949        0.0000000000000000     
  0.16614726076378489        0.0000000000000000     
  0.17410468996463793        0.0000000000000000     
  0.18224816830815591        0.0000000000000000     
  0.19057768956921220        0.0000000000000000     
  0.19909324737886128        0.0000000000000000     
  0.20779483522426004        0.0000000000000000     
  0.21668244644852436        0.0000000000000000     
  0.22575607425064881        0.0000000000000000     
  0.23501571168538934        0.0000000000000000     
  0.24446135166314095        0.0000000000000000     
  0.25409298694983240        0.0000000000000000     
  0.26391061016679629        0.0000000000000000     
  0.27391421379067582        0.0000000000000000     
  0.28410379015327319        0.0000000000000000     
  0.29447933144142818        0.0000000000000000     
  0.30504082969691942        0.0000000000000000     
  0.31578827681630078        0.0000000000000000     
  0.32672166455079504        0.0000000000000000     
  0.33784098450614236        0.0000000000000000     
  0.34914622814247215        0.0000000000000000     
  0.36063738677417118        0.0000000000000000     
  0.37231445156973314        0.0000000000000000     
  0.38417741355161894        0.0000000000000000     
  0.39622626359611235        0.0000000000000000     
  0.40846099243317147        0.0000000000000000     
  0.42088159064627662        0.0000000000000000     
  0.43348804867228768        0.0000000000000000     
  0.44628035680127648        0.0000000000000000     
  0.45925850517637673        0.0000000000000000     
  0.47242248379362811        0.0000000000000000     
  0.48577228250180549        0.0000000000000000     
  0.49930789100227424        0.0000000000000000     
  0.51302929884879167        0.0000000000000000     
  0.52693649544736842        0.0000000000000000     
  0.54102947005608737        0.0000000000000000     
  0.55530821178493195        0.0000000000000000     
  0.56977270959560888        0.0000000000000000     
  0.58442295230136865        0.0000000000000000     
  0.59925892856682816        0.0000000000000000     
  0.61428062690778917        0.0000000000000000     
  0.62948803569105272        0.0000000000000000     
  0.64488114313423650        0.0000000000000000     
  0.66045993730558139        0.0000000000000000     
  0.67622440612375423        0.0000000000000000     
  0.69217453735767265        0.0000000000000000     
  0.70831031862627336        0.0000000000000000     
  0.72463173739837006        0.0000000000000000     
  0.74113878099239228        0.0000000000000000     
  0.75783143657622198        0.0000000000000000     
  0.77470969116697252        0.0000000000000000     
  0.79177353163079633        0.0000000000000000     
  0.80902294468263547        0.0000000000000000     
  0.82645791688606929        0.0000000000000000     
  0.84407843465304300        0.0000000000000000     
  0.86188448424368647        0.0000000000000000     
  0.87987605176608996        0.0000000000000000     
  0.89805312317606711        0.0000000000000000     
  0.91641568427693598        0.0000000000000000     
  0.93496372071930833        0.0000000000000000     
  0.95369721800084872        0.0000000000000000     
  0.97261616146603525        0.0000000000000000     
  0.99172053630595225        0.0000000000000000     
   5.6225366417435554        445.03261802135228     
   5.6681049561871522        397.14016512505009     
   5.7138547656669827        363.19188829379812     
   5.7597860292536316        343.81265488889426     
   5.8058987058049398        338.59184460912422     
   5.8521927539654328        346.49444175880450     
   5.8986681321657635        365.91148221470786     
   5.9453247986221269        394.57866793567092     
   5.9921627113356841        430.20190854192720     
   6.0391818280919640        469.87890891425343     
   6.6669003101606528        495.24671383341166     
   6.7164517288454721        447.32229029638086     
   6.7661836920792373        398.83380363463652     
   6.8160961541166305        352.04392841548480     
   6.8661890689864551        308.90100830820609     
   6.9164623904910760        271.32661660966846     
   6.9669160722057404        240.58373049597904     
   7.0175500674779761        217.78618280530807     
   7.0683643294269443        203.33168589601422     
   7.1193588109428418        197.32437711051097     
   7.1705334646862315        199.33838081479371     
   7.2218882430874460        208.58123971754287     
   7.2734230983458943        223.97834892691077     
   7.3251379824294816        244.18731666646880     
   7.3770328470739273        267.69566094699184     
   7.4291076437821379        293.02083464369713     
   7.4813623238235625        318.43949973454437     
   7.5337968382335267        342.63314675999300     
   7.5864111378126076        363.96037802487058     
   7.6392051731259585        381.39607013830528     
   7.6921788945026508        393.75076694821587     
   7.7453322520350412        400.32149007317366     
   7.7986651955781046        400.69661638243343     
   7.8521776747487504        394.57108184389983     
   7.9058696389251759        382.39463434045149     
   7.9597410372462054        364.43493038334725     
   8.0137918186106045        341.76578942801763     
   8.0680219316764319        315.34496928447203     
   8.1224313248603259        286.47575935181044     
   8.1770199463368964        256.62796772747231     
   8.2317877440379768        227.03776347678874     
   8.2867346656519771        199.19874571594477     
   8.3418606586232311        174.14665659012326     
   8.3971656701512387        152.91634877769263     
   8.4526496471900536        136.22585816516093     
   8.5083125364475496        124.49423522382872     
   8.5641542843847489        117.96083753754934     
   8.6201748372151403        116.53899942799923     
   8.6763741409039401        119.94940480223646     
   8.7327521411674560        127.68948425953789     
   8.7893087834723254        139.12024234970326     
   8.8460440130348701        153.36294859683528     
   8.9029577748203685        169.56140365913222     
   8.9600500135423236        186.66254720501533     
   9.0173206736618017        203.60617406041186     
   9.0747696993867084        219.46255498045446     
   9.1323970346710404        233.13736927620823     
   9.1902026232142298        243.91151878190425     
   9.2481864084603966        251.09739715456618     
   9.3063483335975974        254.16888458894343     
   9.3646883415571853        253.07350878156745     
   9.4232063750130060        247.71132015198035     
   9.4819023763807220        238.41767280192366     
   9.5407762878170654        225.73700163940126     
   9.5998280512191201        210.18389070244910     
   9.6590576082235824        192.65012321659469     
   9.7184649002060173        173.91179427997980     
   9.7780498682801475        154.76375092018239     
   9.8378124532970883        136.12351113912970     
   9.8977525958446346        118.66575078011870     
   9.9578702362464959        103.09200238895849     
   10.018165314561561        90.012259599386852     
   10.078637770583150        79.828625005571524     
   10.139287543838289        72.894336226742865     
   10.200114573586896        69.371717953833283     
   10.261118798821107        69.260930712181931     
   10.322300158264454        72.399602794637900     
   10.383658590371162        78.454811204833135     
   10.445194033325356        86.966771434591422     
   10.506906425040297        97.290885651111381     
   10.568795703157638        108.76137774095517     
   10.630861805046655        120.66460598913973     
   10.693104667803471        132.21045077981287     
   10.755524228250286        142.78350320971654     
   10.818120422934603        151.79817602236702     
   10.880893188128486        158.71096064745475     
   10.943842459827730        163.25667532873186     
   11.006968173751115        165.20203754915948     
   11.070270265339635        164.39535019506283     
   11.133748669755686        160.95761513324035     
   11.197403321882300        155.00534695279495     
   11.261234156322367        146.73529391060174     
   11.325241107397822        136.57737658656870     
   11.389424109148880        124.93656246284914     
   11.453783095333209        112.27770582275060     
   11.518317999425179        99.229096717373096     
   11.583028754615036        86.354029518105051     
   11.647915293808097        74.198251236309005     
   11.712977549623979        63.342465395934326     
   11.778215454395758        54.229664284533790     
   11.843628940169220        47.190304750265113     
   11.909217938701969        42.473149291991632     
   11.974982381462704        40.166164798678309     
   12.040922199630360        40.234667467213647     
   12.107037324093303        42.536126470647915     
   12.173327685448509        46.819750095782041     
   12.239793214000775        52.782105816796957     
   12.306433839761844        60.037233530676254     
   12.373249492449661        68.141170406384120     
   12.440240101487467        76.671638501361926     
   12.507405596003036        85.157951952199085     
   12.574745904827815        93.095592791402524     
   12.642260956496102        100.07422251059710     
   12.709950679244226        105.71201735758441     
   12.777815001009699        109.63279966129274     
   12.845853849430373        111.62424041741335     
   12.914067151843627        111.60318732597904     
   12.982454835285505        109.52097790120710     
   13.051016826489887        105.48282577166658     
   13.119753051887642        99.750549012194170     
   13.188663437605781        92.594024254620535     
   13.257747909466618        84.332905017819868     
   13.327006392986894        75.387814383339432     
   13.396438813376960        66.156726747660684     
   13.466045095539894        56.994522023513994     
   13.535825164070678        48.289437446080683     
   13.605778943255299        40.407644901365700     
   13.675906357069922        33.639002580382666     
   13.746207329180015        28.242557174837120     
   13.816681782939494        24.433034196553763     
   13.887329641389851        22.329861833633789     
   13.958150827259274        21.968562595625560     
   14.029145262961807        23.300029063906322     
   14.100312870596456        26.174809983400070     
   14.171653571946328        30.374228848539033     
   14.243167288477730        35.622746308354856     
   14.314853941339356        41.582122245404008     
   14.386713451361310        47.905929455561626     
   14.458745739054319        54.274009105040840     
   14.530950724608784        60.355066532313579     
   14.603328327893957        65.824996122641707     
   14.675878468456972        70.430779181929594     
   14.748601065522047        73.962023377867439     
   14.821496037989519        76.209581304332943     
   14.894563304434994        77.029501583334095     
   14.967802783108439        76.383729691939294     
   15.041214391933291        74.283392979668932     
   15.114798048505564        70.784509148313035     
   15.188553670092912        66.052187472080547     
   15.262481173633779        60.340708098441041     
   15.336580475736465        53.919368485290043     
   15.410851492678233        47.076023050784322     
   15.485294140404394        40.139421240775206     
   15.559908334527389        33.428572586046428     
   15.634693990325896        27.209621892714114     
   15.709651022743914        21.718506796781931     
   15.784779346389833        17.170275375629032     
   15.860078875535528        13.728913512218615     
   15.935549524115451        11.501250989437555     
   16.011191205725687        10.551031750796410     
   16.087003833623054        10.887607388451203     
   16.162987320724159        12.452784336032462     
   16.239141579604482        15.131335149718934     
   16.315466522497463        18.753814823982768     
   16.391962061293547        23.092289991421925     
   16.468628107539253        27.886846354340239     
   16.545464572436273        32.879744975116481     
   16.622471366840497        37.813946574046909     
   16.699648401261104        42.430704316733319     
   16.776995585859613        46.503469761483956     
   16.854512830448940        49.858829896009183     
   16.932200044492454        52.350052766287227     
   17.010057137103061        53.842831903779576     
   17.088084017042210        54.248933974562128     
   17.166280592718980        53.547608628385404     
   17.244646772189139        51.761494791709801     
   17.323182463154147        48.945039626996824     
   17.401887572960252        45.213488299847057     
   17.480762008597527        40.753671177452432     
   17.559805676698865        35.787292885416626     
   17.639018483539100        30.539640834067249     
   17.718400335033994        25.243727441662230     
   17.797951136739265        20.139242566253618     
   17.877670793849692        15.444397411171334     
   17.957559211198063        11.336947855733897     
   18.037616293254292        7.9634487467039712     
   18.117841944124361        5.4466646541489494     
   18.198236067549448        3.8741725986125517     
   18.278798566904886        3.2892489640242166     
   18.359529345199206        3.6936701960584237     
   18.440428305073169        5.0456887934358825     
   18.521495348798808        7.2520833615905085     
   18.602730378278398        10.173523995269383     
   18.684133295043530        13.642027687858350     
   18.765704000254104        17.470092269871497     
   18.847442394697346        21.453417152308205     
   18.929348378786816        25.386718647194343     
   19.011421852561451        29.086317110242600     
   19.093662715684555        32.393266122801343     
   19.176070867442803        35.159570603178061     
   19.258646206745262        37.248087278005954     
   19.341388632122406        38.552524900197398     
   19.424298041725088        39.009614043763008     
   19.507374333323590        38.590993668316116     
   19.590617404306595        37.298548308017239     
   19.674027151680196        35.179070090247563     
   19.757603472066901        32.336445333608175     
   19.841346261704597        28.917850899198676     
   19.925255416445609        25.087265865817923     
   20.009330831755641        21.013485980834329     
   20.093572402712791        16.871959122805062     
   20.177980024006526        12.839817344074566     
   20.262553589936708        9.0808711771331865     
   20.347292994412530        5.7372474018580162     
   20.432198130951569        2.9334430939543359     
   20.517268892678700       0.77860140787843635     
   20.602505172325134      -0.64264608535397905     
   20.687906862227369       -1.2817542090387437     
   20.773473854326191       -1.1296038343867805     
   20.859206040165638      -0.21488529905529280     
   20.945103310891998        1.3960247366456513     
   21.031165557252752        3.6018144244013572     
   21.117392669595567        6.2775814347334329     
   21.203784537867314        9.2884782893816702     
   21.290341051612945        12.494569995121394     
   21.377062099974545        15.748439051844038     
   21.463947571690280        18.897384430078795     
   21.550997355093322        21.793662007430616     
   21.638211338110896        24.303101428137058     
   21.725589408263172        26.306046216139077     
   21.813131452662251        27.698890063426266     
   21.900837358011145        28.405577157648260     
   21.988707010602738        28.392840748259186     
   22.076740296318714        27.673854521044845     
   22.164937100628535        26.296796144111863     
   22.253297308588408        24.331229646749748     
   22.341820804840211        21.863844013137111     
   22.430507473610476        18.999973483075657     
   22.519357198709343        15.860657023705567     
   22.608369863529461        12.574163500402259     
   22.697545351045029        9.2701561557275376     
   22.786883543810642        6.0802089453755981     
   22.876384323960309        3.1378344882763769     
   22.966047573206385       0.57052067645803128     
   23.055873172838496       -1.5136352235705990     
   23.145861003722491       -3.0355104254690302     
   23.236010946299416       -3.9466064822505467     
   23.326322880584375       -4.2268457152102563     
   23.416796686165576       -3.8831151946920928     
   23.507432242203187       -2.9478806796526213     
   23.598229427428301       -1.4756044229014835     
   23.689188120141882       0.46126391926122839     
   23.780308198213678        2.7729337858048151     
   23.871589539081185        5.3503504371380632     
   23.963032019748532        8.0667588734897588     
   24.054635516785464        10.786776304050003     
   24.146399906326241        13.379305428263368     
   24.238325064068572        15.726868091096691     
   24.330410865272544        17.728687765540307     
   24.422657184759561        19.301484618755314     
   24.515063896911244        20.382023485945176     
   24.607630875668367        20.930028093127323     
   24.700357994529789        20.927500008922340     
   24.793245126551373        20.374629867118717     
   24.886292144344875        19.287608147604669     
   24.979498920076928        17.702274873225978     
   25.072865325467895        15.680514676015413     
   25.166391231790822        13.311842067473878     
   25.260076509870348        10.706210314951804     
   25.353921030081626        7.9817671137778001     
   25.447924662349205        5.2546549511321441     
   25.542087276146010        2.6342315023435692     
   25.636408740492158       0.22154595355124856     
   25.730888923953973       -1.8924316397843028     
   25.825527694642833       -3.6295643715620427     
   25.920324920214060       -4.9268309965249104     
   26.015280467865900       -5.7377348362379239     
   26.110394204338377       -6.0344135811616759     
   26.205665995912202       -5.8113863040205684     
   26.301095708407704       -5.0888876145554258     
   26.396683207183717       -3.9122694080508640     
   26.492428357136461       -2.3464483701432370     
   26.588331022698505      -0.46847071738807494     
   26.684391067837606        1.6375478616302521     
   26.780608356055637        3.8817769563985345     
   26.876982750387491        6.1687041972284469     
   26.973514113399979        8.3989677292945526     
   27.070202307190705        10.473751572996099     
   27.167047193386985        12.300145596514286     
   27.264048633144736        13.795960980296980     
   27.361206487147385        14.894153767139660     
   27.458520615604733        15.547505144158549     
   27.555990878251880        15.732600850746685     
   27.653617134348085        15.450600566379924     
   27.751399242675703        14.723375437082842     
   27.849337061539018        13.586950774463270     
   27.947430448763182        12.086556158295746     
   28.045679261693095        10.276299429235491     
   28.144083357192269        8.2224056220296333     
   28.242642591641733        6.0056898619710939     
   28.341356820938937        3.7193560848709839     
   28.440225900496596        1.4618484594206349     
   28.539249685241611      -0.67197745169605194     
   28.638428029613952       -2.5975482733545974     
   28.737760787565513       -4.2436167953757176     
   28.837247812559045       -5.5527579712490436     
   28.936888957566989       -6.4812538341934864     
   29.036684075070358       -6.9994519839981839     
   29.136633017057701       -7.0926274221265411     
   29.236735635023862       -6.7620919081550266     
   29.336991779968951       -6.0264093314830731     
   29.437401302397205       -4.9222652569258738     
   29.537964052315807       -3.5038468351571277     
   29.638679879233866       -1.8395425348531727     
   29.739548632161206       -6.0972298404736811E-003
   29.840570159607292        1.9177103932404580     
   29.941744309580113        3.8550814309629944     
   30.043070929585003        5.7316426765602726     
   30.144549866623578        7.4738549351262327     
   30.246180967192572        9.0087003265281922     
   30.347964077282736        10.267174085386602     
   30.449899042377695        11.191201699265404     
   30.551985707452836        11.740785974182359     
   30.654223916974168        11.897684314102721     
   30.756613514897193        11.664112635453440     
   30.859154344665789        11.058073816210104     
   30.961846249211099        10.108543874767058     
   31.064689070950358        8.8529757843966372     
   31.167682651785789        7.3373902678273328     
   31.270826833103492        5.6174838934780489     
   31.374121455772261        3.7587841147323005     
   31.477566360142529        1.8347568875852474     
   31.581161386045164       -7.7002944156259925E-002
   31.684906372790390       -1.8995954952971623     
   31.788801159166624       -3.5615920542738091     
   31.892845583439360       -5.0008766762823038     
   31.997039483350036       -6.1669616788325499     
   32.101382696114911       -7.0216491307819480     
   32.205875058423885       -7.5385718150047101     
   32.310516406439461       -7.7027064313573170     
   32.415306575795483       -7.5108967134900864     
   32.520245401596156       -6.9735308010879269     
   32.625332718414768       -6.1162468513738562     
   32.730568360292651       -4.9798754438363808     
   32.835952160737975       -3.6175192441541260     
   32.941483952724738       -2.0894526467074139     
   33.047163568691452      -0.45809345698936232     
   33.152990840540184        1.2146794444307287     
   33.258965599635303        2.8672921753609431     
   33.365087676802389        4.4369876591504376     
   33.471356902327116        5.8598576156127065     
   33.577773105954073        7.0742668150552399     
   33.684336116885675        8.0271236444196710     
   33.791045763780993        8.6801696151799383     
   33.897901874754645        9.0130394617693028     
   34.004904277375651        9.0217263464462345     
   34.112052798666284        8.7139525234901640     
   34.219347265100950        8.1047189094367340     
   34.326787502605065        7.2147946974834198     
   34.434373336553890        6.0725904062230089     
   34.542104591771441        4.7173701065098159     
   34.649981092529288        3.2007445707912163     
   34.758002662545486        1.5844822097646929     
   34.866169124983401       -6.4916303764594271E-002
   34.974480302450615       -1.6824292259782294     
   35.082936016997714       -3.2088341969993421     
   35.191536090117275       -4.5920076330027895     
   35.300280342742582       -5.7861320407300978     
   35.409168595246626       -6.7508760054981707     
   35.518200667440908       -7.4522029141750439     
   35.627376378574311       -7.8649596368959065     
   35.736695547331969       -7.9759045061263425     
   35.846157991834147       -7.7853864032516222     
   35.955763529635078       -7.3067401439372457     
   36.065511977721876       -6.5639178847722759     
   36.175403152513347       -5.5888355135294914     
   36.285436869858920       -4.4197434348091207     
   36.395612945037470       -3.1008750718977969     
   36.505931192756179       -1.6825048877712230     
   36.616391427149466      -0.22013115917303705     
   36.726993461777788        1.2279705224535449     
   36.837737109626580        2.6044919839414313     
   36.948622183105002        3.8569206206225148     
   37.059648494044978        4.9401571411896388     
   37.170815853699942        5.8173805328476362     
   37.282124072743756        6.4596503495839750     
   37.393572961269562        6.8453540746013815     
   37.505162328788678        6.9604539504098470     
   37.616891984229483        6.7997317695422739     
   37.728761735936217        6.3683938117021590     
   37.840771391667943        5.6830083426532321     
   37.952920758597394        4.7710218743154096     
   38.065209643309807        3.6688275948920035     
   38.177637851801855        2.4190566584428321     
   38.290205189480467        1.0680055638407420     
   38.402911461161771      -0.33619364249474376     
   38.515756471069935       -1.7446516536472851     
   38.628740022836020       -3.1085303935668849     
   38.741861919496920       -4.3801668522914179     
   38.855121963494192       -5.5148006780821497     
   38.968519956672942       -6.4727242870979058     
   39.082055700280740       -7.2213403017989668     
   39.195728994966473       -7.7366076676700004     
   39.309539640779214       -8.0036531013760150     
   39.423487437167154       -8.0167024066783767     
   39.537572182976426       -7.7787055237640033     
   39.651793676450062       -7.3009798528309764     
   39.766151715226783       -6.6029490222903933     
   39.880646096339994       -5.7117917365346376     
   39.995276616216586       -4.6617090998964672     
   40.110043070675850       -3.4926279617611118     
   40.224945254928414       -2.2484028237822904     
   40.339982963575046      -0.97479977986889577     
   40.455155990605626       0.28239232819172844     
   40.570464129397976        1.4789026559526723     
   40.685907172716796        2.5731706632376592     
   40.801484912712525        3.5273662917355133     
   40.917197140920315        4.3084461216841810     
   41.033043648258754        4.8893340812004160     
   41.149024225029009        5.2501270378757701     
   41.265138660913486        5.3790858496116174     
   41.381386744974854        5.2731636378891178     
   41.497768265655004        4.9379474934312624     
   41.614283010773747        4.3870731384324992     
   41.730930767527965        3.6413115432280403     
   41.847711322490319        2.7275527020855512     
   41.964624461608238        1.6778249409727459     
   42.081669970202817       0.52835053002222199     
   42.198847632967777      -0.68146693147141080     
   42.316157233968219       -1.9102444207410365     
   42.433598556639744       -3.1160573159159020     
   42.551171383787157       -4.2580425382436262     
   42.668875497583571       -5.2980042877734208     
   42.786710679569168       -6.2018411753250042     
   42.904676710650207       -6.9406726997316994     
   43.022773371097877       -7.4916412953342926     
   43.141000440547295       -7.8384484746257277     
   43.259357697996357       -7.9717103186565623     
   43.377844921804659       -7.8891842263777470     
   43.496461889692490       -7.5958542671868736     
   43.615208378739695       -7.1038096672875435     
   43.734084165384580       -6.4318424711821098     
   43.853089025422911       -5.6047316010134667     
   43.972222734006799       -4.6522485963745561     
   44.091485065643639       -3.6079788293978492     
   44.210875794195019       -2.5080719350618281     
   44.330394692875721       -1.3900103238176900     
   44.450041534252570      -0.29143298376991456     
   44.569816090243421       0.75099617195446877     
   44.689718132116099        1.7027047179047086     
   44.809747430487327        2.5323235564210580     
   44.929903755321639        3.2127617796805432     
   45.050186875930414        3.7221700099385737     
   45.170596560970708        4.0447006037390745     
   45.291132578444277        4.1709915638013602     
   45.411794695696514        4.0983470293205970     
   45.532582679415363        3.8306394787237572     
   45.653496295630340        3.3779942142351982     
   45.774535309711403        2.7563221652299621     
   45.895699486367988        1.9867449928194465     
   46.016988589647902        1.0949223438201685     
   46.138402382936327       0.11026468411166926     
   46.259940628954794      -0.93498932400198187     
   46.381603089760077       -2.0068321855801567     
   46.503389526743234       -3.0706509379289622     
   46.625299700628545       -4.0924300076185389     
   46.747333371472486       -5.0399142438043478     
   46.869490298662683       -5.8836608957405110     
   46.991770240916892       -6.5979352756588705     
   47.114172956282047       -7.1614361104305040     
   47.236698202133134       -7.5578596085816301     
   47.359345735172198       -7.7763180229416671     
   47.482115311427393       -7.8116196096103261     
   47.605006686251912       -7.6644004870786642     
   47.728019614322946       -7.3410860659745749     
   47.851153849640752       -6.8536589984526710     
   47.974409145527574       -6.2192241041015741     
   48.097785254626700       -5.4593835191433042     
   48.221281928901405       -4.5994581325136012     
   48.344898919633984       -3.6676052682145155     
   48.468635977424732       -2.6938830804483049     
   48.592492852190986       -1.7093010032415874     
   48.716469293166057      -0.74487951777861738     
   48.840565048898327       0.16927037602528189     
   48.964779867250208        1.0048414742454259     
   49.089113495397164        1.7361858407761170     
   49.213565679826736        2.3411066377531959     
   49.338136166337563        2.8015501287898137     
   49.462824700038396        3.1041575616686563     
   49.587631025347129        3.2406430551773466     
   49.712554885989782        3.2079792118942434     
   49.837596024999620        3.0083917780938916     
   49.962754184716125        2.6491816818221126     
   50.088029106784020        2.1424020785491922     
   50.213420532152369        1.5044180122678139     
   50.338928201073522       0.75536924669102412     
   50.464551853102243       -8.1452361820737354E-002
   50.590291227094745      -0.98030563971160734     
   50.716146061207681       -1.9137772607239099     
   50.842116092897271       -2.8536203556971649     
   50.968201058918275       -3.7716305353387245     
   51.094400695323159       -4.6405248525611231     
   51.220714737461037       -5.4347837194907154     
   51.347142919976818       -6.1314174741613394     
   51.473684976810233       -6.7106275980772363     
   51.600340641194933       -7.1563445455432619     
   51.727109645657521       -7.4566357536172658     
   51.853991722016666       -7.6039852923043290     
   51.980986601382178       -7.5954493322542858     
   52.108094014154041       -7.4326899707587888     
   52.235313690021577       -7.1218865291948363     
   52.362645357962471       -6.6735212975060811     
   52.490088746241895       -6.1020381680757811     
   52.617643582411567       -5.4253782875386296     
   52.745309593308910       -4.6644055025513547     
   52.873086505056058       -3.8422434274752679     
   53.000974043059109       -2.9835526423903285     
   53.128971932007062       -2.1137789455062310     
   53.257079895871016       -1.2584014186443040     
   53.385297657903344      -0.44220360003966952     
   53.513624940636646       0.31141542623234053     
   53.642061465883039       0.98107838809032288     
   53.770606954733175        1.5480063559955686     
   53.899261127555427        1.9965245608532323     
   54.028023703994975        2.3144851721158011     
   54.156894402972981        2.4935923643985030     
   54.285872942685685        2.5296146743236405     
   54.414959040603613        2.4224725202593587     
   54.544152413470655        2.1761948111979126     
   54.673452777303233        1.7987466361177573     
   54.802859847389477        1.3017382207117867     
   54.932373338288393       0.70003177337172096     
   55.061992963828949        1.1266272749149290E-002
   55.191718437109316      -0.74467953513611873     
   55.321549470496024       -1.5462678548172319     
   55.451485775623077       -2.3709113440681917     
   55.581527063391228       -3.1955990318238334     
   55.711673043967075       -3.9975271863320141     
   55.841923426782252       -4.7547226513241716     
   55.972277920532655       -5.4466438083168800     
   56.102736233177623       -6.0547417839193418     
   56.233298071939117       -6.5629631010621194     
   56.363963143300921       -6.9581756328144015     
   56.494731153007855       -7.2305027495929117     
   56.625601806065021       -7.3735554979691615     
   56.756574806736900       -7.3845584945144083     
   56.887649858546709       -7.2643707474060975     
   57.018826664275501       -7.0174068334056701     
   57.150104925961500       -6.6514662750572748     
   57.281484344899219       -6.1774797218373623     
   57.412964621638764       -5.6091802809159717     
   57.544545455985052       -4.9627079508660206     
   57.676226546997079       -4.2561553684004165     
   57.808007592987089       -3.5090644063187977     
   57.939888291519914       -2.7418854828197081     
   58.071868339412156       -1.9754142256810132     
   58.203947432731525       -1.2302225879608246     
   58.336125266796003      -0.52610285647480837     
   58.468401536173182       0.11845726976523684     
   58.600775934679547       0.68675229325410181     
   58.733248155379684        1.1642762217268938     
   58.865817890585625        1.5390704048987900     
   58.998484831856082        1.8019964315293260     
   59.131248669995806        1.9469315219541388     
   59.264109095054778        1.9708856913911665     
   59.397065796327659        1.8740408222738578     
   59.530118462352945        1.6597120753200620     
   59.663266780912338        1.3342323517858405     
   59.796510439030079       0.90676131633803769     
   59.929849122972264       0.38902211158010352     
   60.063282518246105      -0.20502865932808678     
   60.196810309599343      -0.85958914557229371     
   60.330432181019553       -1.5574471658648961     
   60.464147815733433       -2.2804479591908833     
   60.597956896206192       -3.0099795461695882     
   60.731859104140931       -3.7274603611814641     
   60.865854120477927       -4.4148148516462404     
   60.999941625394037       -5.0549246003509714     
   61.134121298302020       -5.6320447425328917     
   61.268392817849978       -6.1321775594343162     
   61.402755861920632       -6.5433968022996849     
   61.537210107630806       -6.8561174180435334     
   61.671755231330714       -7.0633060039251339     
   61.806390908603404       -7.1606277868484174     
   61.941116814264163       -7.1465265315389637     
   62.075932622359872       -7.0222348234543741     
   62.210838006168416       -6.7917137970459605     
   62.345832638198175       -6.4615235543290028     
   62.480916190187315       -6.0406280297877766     
   62.616088333103285       -5.5401405789446336     
   62.751348737142244       -4.9730187446241381     
   62.886697071728506       -4.3537182060703863     
   63.022133005513851       -3.6978166994828108     
   63.157656206377162       -3.0216187407904629     
   63.293266341423767       -2.3417514553758929     
   63.428963076984850       -1.6747609850378744     
   63.564746078617034       -1.0367180687807138     
   63.700615011101732      -0.44284068516574876     
   63.836569538444664        9.2858810652221430E-002
   63.972609323875361       0.55789486253734200     
   64.108734029846630       0.94159118258386887     
   64.244943318033975        1.2353178053408536     
   64.381236849335210        1.4326766614701116     
   64.517614283869875        1.5296307085376661     
   64.654075280978745        1.5245732401257968     
   64.790619499223425        1.4183359612776014     
   64.927246596385743        1.2141365770565167     
   65.063956229467365       0.91746875282846641     
   65.200748054689299       0.53593914089919137     
   65.337621727491381        7.9057561322957229E-002
   65.474576902531950      -0.44201269606044674     
   65.611613233687237       -1.0147370849048467     
   65.748730374051064       -1.6255171382952445     
   65.885927975934237       -2.2600157109643364     
   66.023205690864287       -2.9034931308211047     
   66.160563169584961       -3.5411474042028734     
   66.298000062055735       -4.1584516310440405     
   66.435516017451562       -4.7414816935761843     
   66.573110684162316       -5.2772271765218095     
   66.710783709792437       -5.7538784853837326     
   66.848534741160577       -6.1610833801391749     
   66.986363424299142       -6.4901667264563230     
   67.124269404453997       -6.7343082162342665     
   67.262252326083981       -6.8886740847703658     
   67.400311832860638       -6.9505003508736527     
   67.538447567667774       -6.9191266890544671     
   67.676659172601163       -6.7959815605976335     
   67.814946288968159       -6.5845205584483883     
   67.953308557287372       -6.2901209814256420     
   68.091745617288268       -5.9199364261683707     
   68.230257107911001       -5.4827157046258046     
   68.368842667305913       -4.9885907332692314     
   68.507501932833307       -4.4488382859254054     
   68.646234541063080       -3.8756207340366231     
   68.785040127774550       -3.2817111659017364     
   68.923918327955974       -2.6802085885296747     
   69.062868775804418       -2.0842492387920681     
   69.201891104725377       -1.5067202990816360     
   69.340984947332558      -0.95998244607432981     
   69.480149935447571      -0.45560758509320348     
   69.619385700099699       -4.1377867755775493E-003
   69.758691871525656       0.38512916467011771     
   69.898068079169235       0.70432305212458557     
   70.037513951681262       0.94714980224222645     
   70.177029116919130        1.1090029402747243     
   70.316613201946865        1.1870366149191811     
   70.456265833034522        1.1801999081109658     
   70.595986635658392        1.0892330256668190     
   70.735775234500451       0.91662668131916736     
   70.875631253448432       0.66654654957082071     
   71.015554315595381       0.34472510789284649     
   71.155544043239743       -4.1676434514972674E-002
   71.295600057884982      -0.48423306698438617     
   71.435721980239478      -0.97344433881757553     
   71.575909430216484       -1.4989423205983401     
   71.716162026933731       -2.0497149120778868     
   71.856479388713495       -2.6143398370482482     
   71.996861133082376       -3.1812243242977170     
   72.137306876771220       -3.7388452507102028     
   72.277816235714923       -4.2759844636642264     
   72.418388825052332       -4.7819541336672007     
   72.559024259126247       -5.2468073185654100     
   72.699722151483144       -5.6615294297356469     
   72.840482114873296       -6.0182069355714889     
   72.981303761250444       -6.3101703669532361     
   73.122186701771994       -6.5321094451353261     
   73.263130546798720       -6.6801588846271223     
   73.404134905894821       -6.7519540953456705     
   73.545199387827907       -6.7466566008025817     
   73.686323600568784       -6.6649495019820568     
   73.827507151291698       -6.5090037640089111     
   73.968749646373993       -6.2824165083181773     
   74.110050691396310       -5.9901228815804872     
   74.251409891142572       -5.6382834640099899     
   74.392826849599842       -5.2341495830258484     
   74.534301169958454       -4.7859093093147900     
   74.675832454611964       -4.3025173141012178     
   74.817420305157270       -3.7935121311070139     
   74.959064322394440       -3.2688246633838962     
   75.100764106327020       -2.7385819717940239     
   75.242519256161870       -2.2129104567163149     
   75.384329370309302       -1.7017424848728826     
   75.526194046383168       -1.2146303218386314     
   75.668112881200898      -0.76057092325071229     
   75.810085470783534      -0.34784474016182337     
   75.952111410355954        1.6128761480870939E-002
   76.094190294346859       0.32491664775334572     
   76.236321716388929       0.57317738734325197     
   76.378505269318879       0.75674375541245631     
   76.520740545177716       0.87268289728395632     
   76.663027135210712       0.91933305915105434     
   76.805364629867654       0.89631684451875515     
   76.947752618802980       0.80453118958453018     
   77.090190690875900       0.64611458152747492     
   77.232678434150600       0.42439238147597708     
   77.375215435896379       0.14380146366135860     
   77.517801282587953      -0.19020425810241096     
   77.660435559905423      -0.57126548610854788     
   77.803117852734772      -0.99224410308736866     
   77.945847745167853       -1.4453620651227861     
   78.088624820502631       -1.9223497937131642     
   78.231448661243618       -2.4146010632611166     
   78.374318849101826       -2.9133312932908577     
   78.517234964995211       -3.4097361602873981     
   78.660196589048908       -3.8951475382811078     
   78.803203300595456       -4.3611839506884191     
   78.946254678175052       -4.7998929515063935     
   79.089350299535937       -5.2038831334078219     
   79.232489741634566       -5.5664437640874889     
   79.375672580636035       -5.8816503637030610     
   79.518898391914334       -6.1444548423994974     
   79.662166750052663       -6.3507591119949955     
   79.805477228843770       -6.4974713633463272     
   79.948829401290368       -6.5825444711378926     
   80.092222839605341       -6.6049962460728828     
   80.235657115212234       -6.5649115154833382     
   80.379131798745647       -6.4634262774650244     
   80.522646460051448       -6.3026944454058986     
   80.666200668187301       -6.0858379778653298     
   80.809793991423092       -5.8168814681164909     
   80.953425997241183       -5.5006725403307986     
   81.097096252337039       -5.1427896525847228     
   81.240804322619454       -4.7494391315342721     
   81.384549773211205       -4.3273434443571128     
   81.528332168449253       -3.8836228446447874     
   81.672151071885438       -3.4256726025351565     
   81.816006046286788       -2.9610380448503943     
   81.959896653636093       -2.4972895908980997     
   82.103822455132317       -2.0418998803394546     
   82.247783011191174       -1.6021249602097674     
   82.391777881445648       -1.1848913394639125     
   82.535806624746300      -0.79669054129936001     
   82.679868799162179      -0.44348259578446259     
   82.823963961980951      -0.13060972440976545     
   82.968091669709793       0.13727872120792300     
   83.112251478075734       0.35628919063402881     
   83.256442942026311       0.52333404410830675     
   83.400665615730119       0.63616833229959324     
   83.544919052577413       0.69341292504308683     
   83.689202805180784       0.69456385970071932     
   83.833516425375606       0.63998797850276290     
   83.977859464220799       0.53090512899000164     
   84.122231471999385       0.36935741029390456     
   84.266631998219211       0.15816615556448646     
   84.411060591613520       -9.9122458704119537E-002
   84.555516800141604      -0.39830209966472446     
   84.700000170989611      -0.73458002032687963     
   84.844510250571048       -1.1026584799459986     
   84.989046584527628       -1.4968223630497810     
   85.133608717729899       -1.9110314516507092     
   85.278196194277911       -2.3390157764926278     
   85.422808557502123       -2.7743724803246708     
   85.567445349963904       -3.2106626654581993     
   85.712106113456542       -3.6415067644132719     
   85.856790389005724       -4.0606770603762499     
   86.001497716870546       -4.4621860876525625     
   86.146227636544126       -4.8403697558462655     
   86.290979686754540       -5.1899641608125462     
   86.435753405465491       -5.5061751671869770     
   86.580548329877161       -5.7847399704522733     
   86.725363996427134       -6.0219799692867904     
   86.870199940791068       -6.2148444036775139     
   87.015055697883724       -6.3609443403312778     
   87.159930801859630       -6.4585767166041910     
   87.304824786114153       -6.5067382877895721     
   87.449737183284142       -6.5051294604301342     
   87.594667525249051       -6.4541481354426526     
   87.739615343131689       -6.3548738274435337     
   87.884580167299262       -6.2090424675254550     
   88.029561527364052       -6.0190124332976751     
   88.174558952184725       -5.7877224760957366     
   88.319571969866942       -5.5186423299256209     
   88.464600107764511       -5.2157168833271950     
   88.609642892480210       -4.8833048731236577     
   88.754699849866967       -4.5261131152140193     
   88.899770505028656       -4.1491273217531779     
   89.044854382321219       -3.7575405667351780     
   89.189951005353663       -3.3566804546569107     
   89.335059896989023       -2.9519360219904756     
   89.480180579345458       -2.5486853613673937     
   89.625312573797331       -2.1522249070148063     
   89.770455400976175       -1.7677012595834816     
   89.915608580771874       -1.4000463621296944     
   90.060771632333626       -1.0539167683327171     
   90.205944074071198      -0.73363767057423479     
   90.351125423655844      -0.44315228001843232     
   90.496315198021605      -0.18597707344978670     
   90.641512913366313        3.4836657826208144E-002
   90.786718085152799       0.21673460366493286     
   90.931930228110048       0.35768430686048402     
   91.077148856234288       0.45619293050474868     
   91.222373482790303       0.51131783133331965     
   91.367603620312508       0.52266994267920897     
   91.512838780606145       0.49041006502910955     
   91.658078474748649       0.41523825606742926     
   91.803322213090681       0.29837660351815054     
   91.948569505257524       0.14154575083317303     
   92.093819860150219       -5.3064374420399567E-002
   92.239072785946846      -0.28282910884259865     
   92.384327790103882      -0.54472829752302376     
   92.529584379357402      -0.83538960590846756     
   92.674842059724412       -1.1511352355045645     
   92.820100336504140       -1.4880313576856898     
   92.965358714279390       -1.8419395701054149     
   93.110616696917830       -2.2085696821847134     
   93.255873787573421       -2.5835331483758122     
   93.401129488687616       -2.9623964888586825     
   93.546383301990957       -3.3407340654718389     
   93.691634728504269       -3.7141796143943022     
   93.836883268540149       -4.0784759749960298     
   93.982128421704331       -4.4295224952971335     
   94.127369686897154       -4.7634196375842270     
   94.272606562314962       -5.0765103528427282     
   94.417838545451573       -5.3654178387944063     
   94.563065133099613       -5.6270793443145166     
   94.708285821352263       -5.8587757322304439     
   94.853500105604454       -6.0581565634972341     
   94.998707480554501       -6.2232605185010987     
   95.143907440205595       -6.3525310256951215     
   95.289099477867367       -6.4448270237405900     
   95.434283086157308       -6.4994288403447102     
   95.579457757002345       -6.5160392284245896     
   95.724622981640564       -6.4947796568686851     
   95.869778250622531       -6.4361820091755204     
   96.014923053813050       -6.3411758949090098     
   96.160056880392645       -6.2110718288980973     
   96.305179218859337       -6.0475405765263730     
   96.450289557030061       -5.8525890021477585     
   96.595387382042361       -5.6285327896106878     
   96.740472180356221       -5.3779664291062472     
   96.885543437755416       -5.1037308827803738     
   97.030600639349402       -4.8088793529645644     
   97.175643269574977       -4.4966415817386887     
   97.320670812197903       -4.1703871095327836     
   97.465682750314656       -3.8335879138346449     
   97.610678566354167       -3.4897808387162099     
   97.755657742079521       -3.1425302104391126     
   97.900619758589755       -2.7953910173045426     
   98.045564096321584       -2.4518730113830429     
   98.190490235051186       -2.1154060678329429     
   98.335397653895967       -1.7893071139134371     
   98.480285831316422       -1.4767489150139959     
   98.625154245117912       -1.1807309791180058     
   98.770002372452453      -0.90405281416510774     
   98.914829689820664      -0.64928974476862744     
   99.059635673073515      -0.41877146578147412     
   99.204419797414218      -0.21456347965140826     
   99.349181537400113       -3.8451534055181022E-002
   99.493920366944650       0.10807085679168134     
   99.638635759319143       0.22381175585731219     
   99.783327187154754       0.30788699441281064     
   99.927994122444474       0.35972322607988000     
   100.07263603654502       0.37905789216927699     
   100.21725240017878       0.36593617847164944     
   100.36184268343584       0.32070507391472197     
   100.50640635577588       0.24400466965317433     
   100.65094288603029       0.13675686272354176     
   100.79545174240411        1.5165094912046636E-004
   100.93993239247801      -0.16436877497974067     
   101.08438430321044      -0.35512792064675908     
   101.22880694093961      -0.57023462456446750     
   101.37319977138560      -0.80760420015251522     
   101.51756225965235       -1.0649808357853920     
   101.66189387022985       -1.3399610038048664     
   101.80619406699623       -1.6300176304392322     
   101.95046231321975       -1.9325247821936897     
   102.09469807156123       -2.2447826300752136     
   102.23890080407578       -2.5640424606561303     
   102.38306997221537       -2.8875315121252187     
   102.52720503683069       -3.2124774238393714     
   102.67130545817352       -3.5361320990998442     
   102.81537069589889       -3.8557947933010914     
   102.95940020906721       -4.1688342517694528     
   103.10339345614656       -4.4727097356348864     
   103.24734989501502       -4.7649907874339679     
   103.39126898296274       -5.0433756028274619     
   103.53515017669434       -5.3057078896829521     
   103.67899293233116       -5.5499921112948272     
   103.82279670541351       -5.7744070265554548     
   103.96656095090303       -5.9773174563934068     
   104.11028512318501       -6.1572842227638507     
   104.25396867607067       -6.3130722236990975     
   104.39761106279961       -6.4436566253765672     
   104.54121173604200       -6.5482271693518781     
   104.68477014790120       -6.6261906107191653     
   104.82828574991592       -6.6771713187168880     
   104.97175799306275       -6.7010100882026018     
   105.11518632775854       -6.6977612246551770     
   105.25857020386283       -6.6676879794712836     
   105.40190907068029       -6.6112564246701506     
   105.54520237696323       -6.5291278670599455     
   105.68844957091396       -6.4221499112343539     
   105.83165010018740       -6.2913462884364462     
   105.97480341189350       -6.1379055743213220     
   106.11790895259976       -5.9631689230065863     
   106.26096616833377       -5.7686169476441673     
   106.40397450458579       -5.5558558789320047     
   106.54693340631121       -5.3266031336296198     
   106.68984231793321       -5.0826724228149311     
   106.83270068334531       -4.8259585290269174     
   106.97550794591390       -4.5584218771473104     
   107.11826354848098       -4.2820730208036499     
   107.26096693336660       -3.9989571615160164     
   107.40361754237179       -3.7111388129789309     
   107.54621481678080       -3.4206867175830378     
   107.68875819736421       -3.1296591166269052     
   107.83124712438115       -2.8400894697020269     
   107.97368103758245       -2.5539727124466705     
   108.11605937621300       -2.2732521353060116     
   108.25838157901461       -1.9998069590939613     
   108.40064708422877       -1.7354406760438108     
   108.54285532959923       -1.4818702175200320     
   108.68500575237508       -1.2407160021387660     
   108.82709778931313       -1.0134929098366745     
   108.96913087668101      -0.80160221955162980     
   109.11110445025979      -0.60632453979259637     
   109.25301794534698      -0.42881375305770825     
   109.39487079675908      -0.27009198667972012     
   109.53666243883467      -0.13104561438115003     
   109.67839230543717       -1.2422284699343965E-002
   109.82005982995778        8.5171035429847122E-002
   109.96166444531818       0.16126902113339295     
   110.10320558397366       0.21554798036861209     
   110.24468267791589       0.24782490776084154     
   110.38609515867587       0.25805564025473660     
   110.52744245732697       0.24633215839405820     
   110.66872400448766       0.21287908199388900     
   110.80993923032473       0.15804941238420520     
   110.95108756455608        8.2319576925507176E-002
   111.09216843645387       -1.3716166207281779E-002
   111.23318127484741      -0.12935190311557690     
   111.37412550812616      -0.26377675810057766     
   111.51500056424297      -0.41608204476059935     
   111.65580587071688      -0.58526881248923868     
   111.79654085463633      -0.77025572695181099     
   111.93720494266223      -0.96988722385492865     
   112.07779756103099       -1.1829418764051838     
   112.21831813555769       -1.4081409182015310     
   112.35876609163914       -1.6441568649311376     
   112.49914085425704       -1.8896221799969557     
   112.63944184798117       -2.1431379312402643     
   112.77966849697258       -2.4032823879516609     
   112.91982022498647       -2.6686195096948016     
   113.05989645537579       -2.9377072807778761     
   113.19989661109425       -3.2091058467224993     
   113.33982011469951       -3.4813854116704692     
   113.47966638835636       -3.7531338583871374     
   113.61943485384016       -4.0229640553754660     
   113.75912493253995       -4.2895208185428002     
   113.89873604546176       -4.5514874979596787     
   114.03826761323184       -4.8075921634117682     
   114.17771905610005       -5.0566133657294756     
   114.31708979394308       -5.2973854542340515     
   114.45637924626787       -5.5288034340150602     
   114.59558683221488       -5.7498273503871671     
   114.73471197056149       -5.9594861907967767     
   114.87375407972526       -6.1568812987651036     
   115.01271257776746       -6.3411892968342345     
   115.15158688239639       -6.5116645194185896     
   115.29037641097078       -6.6676409593054258     
   115.42908058050315       -6.8085337345749215     
   115.56769880766343       -6.9338400854983417     
   115.70623050878223       -7.0431399135159305     
   115.84467509985434       -7.1360958767494740     
   115.98303199654229       -7.2124530585852371     
   116.12130061417975       -7.2720382277056199     
   116.25948036777498       -7.3147587095232209     
   116.39757067201460       -7.3406008903132722     
   116.53557094126674       -7.3496283764088393     
   116.67348058958495       -7.3419798318080201     
   116.81129903071144       -7.3178665176221376     
   116.94902567808096       -7.2775695585411491     
   117.08665994482406       -7.2214369598293358     
   117.22420124377102       -7.1498804002425267     
   117.36164898745513       -7.0633718251308872     
   117.49900258811658       -6.9624398642010057     
   117.63626145770588       -6.8476660980353543     
   117.77342500788774       -6.7196811970990105     
   117.91049265004450       -6.5791609564951647     
   118.04746379527998       -6.4268222491972162     
   118.18433785442305       -6.2634189198994070     
   118.32111423803150       -6.0897376409736230     
   118.45779235639546       -5.9065937513323989     
   118.59437161954149       -5.7148270982537328     
   118.73085143723601       -5.5152979014378962     
   118.86723121898929       -5.3088826577609511     
   119.00351037405905       -5.0964701041637275     
   119.13968831145426       -4.8789572556013248     
   119.27576443993915       -4.6572455333575089     
   119.41173816803672       -4.4322369986762435     
   119.54760890403269       -4.2048307051971729     
   119.68337605597941       -3.9759191827272597     
   119.81903903169960       -3.7463850637447549     
   119.95459723879024       -3.5170978628542393     
   120.09005008462640       -3.2889109182441341     
   120.22539697636520       -3.0626585029872921     
   120.36063732094979       -2.8391531128262990     
   120.49577052511296       -2.6191829358895564     
   120.63079599538143       -2.4035095085815024     
   120.76571313807949       -2.1928655607469731     
   120.90052135933315       -1.9879530520518578     
   121.03522006507399       -1.7894414004647305     
   121.16980866104322       -1.5979659026526167     
   121.30428655279555       -1.4141263451561512     
   121.43865314570331       -1.2384858042696953     
   121.57290784496045       -1.0715696317257872     
   121.70705005558645      -0.91386462249757849     
   121.84107918243051      -0.76581836034575568     
   121.97499463017553      -0.62783873611221230     
   122.10879580334213      -0.50029363321965059     
   122.24248210629284      -0.38351077436157122     
   122.37605294323610      -0.27777772296933129     
   122.50950771823037      -0.18334203270805483     
   122.64284583518831      -0.10041153797791467     
   122.77606669788079       -2.9154778190895011E-002
   122.90916970994121        3.0298451583793944E-002
   123.04215427486939        7.7856431112793403E-002
   123.17501979603603       0.11346473422554879     
   123.30776567668663       0.13710534440284841     
   123.44039131994587       0.14879567436647229     
   123.57289612882168       0.14858749728344189     
   123.70527950620954       0.13656579718104445     
   123.83754085489659       0.11284754605525414     
   123.96967957756605        7.7580415144221135E-002
   124.10169507680135        3.0941427686115741E-002
   124.23358675509027       -2.6864439598192642E-002
   124.36535401482959       -9.5605699189805743E-002
   124.49699625832883      -0.17502583264961491     
   124.62851288781516      -0.26484480086336831     
   124.75990330543718      -0.36476057799600442     
   124.89116691326954      -0.47445070266340938     
   125.02230311331726      -0.59357384003536406     
   125.15331130751987      -0.72177134877508864     
   125.28419089775601      -0.85866884695433610     
   125.41494128584763       -1.0038777713095128     
   125.54556187356452       -1.1569969244700977     
   125.67605206262850       -1.3176140050417040     
   125.80641125471803       -1.4853071157254469     
   125.93663885147245       -1.6596462449148131     
   126.06673425449659       -1.8401947176367219     
   126.19669686536507       -2.0265106117329914     
   126.32652608562667       -2.2181481359394541     
   126.45622131680905       -2.4146589664260412     
   126.58578196042305       -2.6155935389475466     
   126.71520741796712       -2.8205022940117166     
   126.84449709093204       -3.0289368727995321     
   126.97365038080511       -3.2404512619105836     
   127.10266668907488       -3.4546028853290283     
   127.23154541723575       -3.6709536423094682     
   127.36028596679226       -3.8890708901859741     
   127.48888773926384       -4.1085283714003156     
   127.61735013618930       -4.3289070843110293     
   127.74567255913134       -4.5497960975991711     
   127.87385440968126       -4.7707933083349952     
   128.00189508946349       -4.9915061439890138     
   128.12979400014015       -5.2115522088601738     
   128.25755054341576       -5.4305598756057005     
   128.38516412104187       -5.6481688227337639     
   128.51263413482141       -5.8640305188203570     
   128.63995998661386       -6.0778086551501351     
   128.76714107833942       -6.2891795271676152     
   128.89417681198395       -6.4978323667930216     
   129.02106658960361       -6.7034696266481379     
   129.14780981332942       -6.9058072177716792     
   129.27440588537212       -7.1045747023675370     
   129.40085420802680       -7.2995154431639646     
   129.52715418367760       -7.4903867110263675     
   129.65330521480254       -7.6769597524783935     
   129.77930670397811       -7.8590198188159217     
   129.90515805388415       -8.0363661585159551     
   130.03085866730859       -8.2088119746471353     
   130.15640794715216       -8.3761843490095949     
   130.28180529643316       -8.5383241347101979     
   130.40705011829237       -8.6950858189060529     
   130.53214181599779       -8.8463373574253517     
   130.65707979294936       -8.9919599829738335     
   130.78186345268389       -9.1318479886335311     
   130.90649219887985       -9.2659084883470300     
   131.03096543536225       -9.3940611559648239     
   131.15528256610736       -9.5162379448305678     
   131.27944299524779       -9.6323827890152671     
   131.40344612707713       -9.7424512883434762     
   131.52729136605492       -9.8464103784895176     
   131.65097811681164       -9.9442379878271971     
   131.77450578415338       -10.035922682543589     
   131.89787377306703       -10.121463301524759     
   132.02108148872486       -10.200868582486814     
   132.14412833648967       -10.274156780775117     
   132.26701372191977       -10.341355282223228     
   132.38973705077373       -10.402500211405567     
   132.51229772901542       -10.457636036583864     
   132.63469516281901       -10.506815172586089     
   132.75692875857391       -10.550097582797566     
   132.87899792288962       -10.587550381406412     
   133.00090206260097       -10.619247436969964     
   133.12264058477294       -10.645268978311918     
   133.24421289670562       -10.665701203711329     
   133.36561840593936       -10.680635894265803     
   133.48685652025969       -10.690170032295899     
   133.60792664770241       -10.694405425242451     
   133.72882819655865       -10.693448336811766     
   133.84956057537977       -10.687409124104303     
   133.97012319298250       -10.676401883362312     
   134.09051545845404       -10.660544103512139     
   134.21073678115710       -10.639956328481139     
   134.33078657073500       -10.614761828590114     
   134.45066423711660       -10.585086281383820     
   134.57036919052172       -10.551057462210110     
   134.68990084146580       -10.512804944791869     
   134.80925860076536       -10.470459812004743     
   134.92844187954307       -10.424154377024747     
   135.04745008923265       -10.374021914967942     
   135.16628264158422       -10.320196405112195     
   135.28493894866935       -10.262812283750366     
   135.40341842288629       -10.202004207692436     
   135.52172047696493       -10.137906828413966     
   135.63984452397222       -10.070654576805442     
   135.75778997731703       -10.000381458477008     
   135.87555625075569       -9.9272208595166500     
   135.99314275839683       -9.8513053626271159     
   136.11054891470675       -9.7727665734976537     
   136.22777413451456       -9.6917349573766121     
   136.34481783301749       -9.6083396852818019     
   136.46167942578589       -9.5227084907291584     
   136.57835832876853       -9.4349675353190108     
   136.69485395829807       -9.3452412843368275     
   136.81116573109577       -9.2536523914855930     
   136.92729306427722       -9.1603215927841841     
   137.04323537535737       -9.0653676094273870     
   137.15899208225565       -8.9689070594220226     
   137.27456260330158       -8.8710543778304185     
   137.38994635723961       -8.7719217454483882     
   137.50514276323466       -8.6716190257458443     
   137.62015124087733       -8.5702537099237404     
   137.73497121018912       -8.4679308699359730     
   137.84960209162782       -8.3647531193509792     
   137.96404330609272       -8.2608205819483018     
   138.07829427492979       -8.1562308679640019     
   138.19235441993729       -8.0510790579364322     
   138.30622316337084       -7.9454576941432613     
   138.41989992794865       -7.8394567796683221     
   138.53338413685714       -7.7331637851961856     
   138.64667521375600       -7.6266636637210334     
   138.75977258278363       -7.5200388734398480     
   138.87267566856247       -7.4133694092325149     
   138.98538389620421       -7.3067328432069223     
   139.09789669131536       -7.2002043755769547     
   139.21021348000244       -7.0938568955333308     
   139.32233368887725       -6.9877610555536558     
   139.43425674506253       -6.8819853590631261     
   139.54598207619699       -6.7765962649255354     
   139.65750911044086       -6.6716583116887369     
   139.76883727648121       -6.5672342659656477     
   139.87996600353722       -6.4633853008595148     
   139.99089472136586       -6.3601712124623759     
   140.10162286026699       -6.2576506855780636     
   140.21214985108884       -6.1558816242631558     
   140.32247512523321       -6.0549215694422083     
   140.43259811466135       -5.9548282358645599     
   140.54251825189888       -5.8556602162622120     
   140.65223497004141       -5.7574779253764081     
   140.76174770275986       -5.6603448973308650     
   140.87105588430603       -5.5643296193908585     
   140.98015894951774       -5.4695082086731617     
   141.08905633382446       -5.3759684687749560     
   141.19774747325278       -5.2838163187385767     
   141.30623180443155       -5.1931865535034660     
   141.41450876459760       -5.1042621378272868     
   141.52257779160092       -5.0173120751112599     
   141.63043832391045       -4.9327756803826714     
   141.73808980061904       -4.8514893618099357     
   141.84553166144931       -4.7755412590854078     
   141.95276334675884       -4.7174151227024783     
   142.05978429754563       -4.6377035119857908     
   142.16659395545378       -4.5425795923360255     
   142.27319176277854       -4.4488107620988195     
   142.37957716247220       -4.3564039049929413     
   142.48574959814914       -4.2653644796218417     
   142.59170851409164       -4.1756965771519390     
   142.69745335525502       -4.0874029780432339     
   142.80298356727340       -4.0004852077853821     
   142.90829859646487       -3.9149435916000828     
   143.01339788983714       -3.8307773080795555     
   143.11828089509302       -3.7479844417265595     
   143.22294706063576       -3.6665620343742158     
   143.32739583557458       -3.5865061354617320     
   143.43162666973024       -3.5078118511450840     
   143.53563901364024       -3.4304733922332855     
   143.63943231856467       -3.3544841209315956     
   143.74300603649129       -3.2798365963873066     
   143.84635962014133       -3.2065226190279614     
   143.94949252297479       -3.1345332736911771     
   144.05240419919593       -3.0638589715394295     
   144.15509410375884       -2.9944894907686552     
   144.25756169237280       -2.9264140161020760     
   144.35980642150781       -2.8596211770844686     
   144.46182774840005       -2.7940990851740821     
   144.56362513105751       -2.7298353696482498     
   144.66519802826522       -2.6668172123246463     
   144.76654589959088       -2.6050313811390917     
   144.86766820539026       -2.5444642624450222     
   144.96856440681290       -2.4851018924241646     
   145.06923396580723       -2.4269299870736964     
   145.16967634512636       -2.3699339712678502     
   145.26989100833345       -2.3140990066608000     
   145.36987741980710       -2.2594100185163848     
   145.46963504474695       -2.2058517214761166     
   145.56916334917918       -2.1534086442866096     
   145.66846179996190       -2.1020651535026498     
   145.76752986479067       -2.0518054761878881     
   145.86636701220388       -2.0026137216356377     
   145.96497271158844       -1.9544739021290132     
   146.06334643318505       -1.9073699527612535     
   146.16148764809375       -1.8612857503418709     
   146.25939582827942       -1.8162051314080998     
   146.35707044657727       -1.7721119093654070     
   146.45451097669820       -1.7289898907792129     
   146.55171689323433       -1.6868228908415217     
   146.64868767166453       -1.6455947480359314     
   146.74542278835975       -1.6052893380211808     
   146.84192172058866       -1.5658905867619761     
   146.93818394652291       -1.5273824829222742     
   147.03420894524277       -1.4897490895524812     
   147.12999619674244       -1.4529745550861515     
   147.22554518193562       -1.4170431236737380     
   147.32085538266091       -1.3819391448725362     
   147.41592628168735       -1.3476470827175298     
   147.51075736271954       -1.3141515241936872     
   147.60534811040367       -1.2814371871312960     
   147.69969801033233       -1.2494889275460725     
   147.79380654905037       -1.2182917464469503     
   147.88767321406027       -1.1878307961247929     
   147.98129749382741       -1.1580913859556412     
   148.07467887778569       -1.1290589877250647     
   148.16781685634280       -1.1007192404987431     
   148.26071092088574       -1.0730579550602648     
   148.35336056378625       -1.0460611179304067     
   148.44576527840624       -1.0197148949906241     
   148.53792455910300      -0.99400563472225567     
   148.62983790123496      -0.96891987108570754     
   148.72150480116682      -0.94444432605128259     
   148.81292475627498      -0.92056591179944502     
   148.90409726495321      -0.89727173260743787     
   148.99502182661755      -0.87454908643523011     
   149.08569794171220      -0.85238546622782063     
   149.17612511171458      -0.83076856094759344     
   149.26630283914091      -0.80968625634933222     
   149.35623062755144      -0.78912663551324413     
   149.44590798155585      -0.76907797914805487     
   149.53533440681872      -0.74952876567628157     
   149.62450941006480      -0.73046767111480970     
   149.71343249908438      -0.71188356876108627     
   149.80210318273862      -0.69376552869767760     
   149.89052097096496      -0.67610281712469000     
   149.97868537478246      -0.65888489553094787     
   150.06659590629710      -0.64210141971396850     
   150.15425207870709      -0.62574223865840772     
   150.24165340630816      -0.60979739328164839     
   150.32879940449914      -0.59425711505583445     
   150.41568958978687      -0.57911182451531740     
   150.50232347979184      -0.56435212965602166     
   150.58870059325332      -0.54996882423646021     
   150.67482045003479      -0.53595288598663637     
   150.76068257112900      -0.52229547473190419     
   150.84628647866347      -0.50898793051042812     
   150.93163169590588      -0.49602177119938451     
   151.01671774726879      -0.48338869111755223     
   151.10154415831556      -0.47108055818905226     
   151.18611045576526      -0.45908941208155607     
   151.27041616749790      -0.44740746188962599     
   151.35446082255982      -0.43602708384137068     
   151.43824395116889      -0.42494081896766894     
   151.52176508471968      -0.41414137073839152     
   151.60502375578869      -0.40362160266997865     
   151.68801949813957      -0.39337453590857924     
   151.77075184672842      -0.38339334679248832     
   151.85322033770893      -0.37367136439856907     
   151.93542450843745      -0.36420206807532901     
   152.01736389747833      -0.35497908496660990     
   152.09903804460913      -0.34599618752886807     
   152.18044649082560      -0.33724729104553491     
   152.26158877834695      -0.32872645114069049     
   152.34246445062112      -0.32042786129537759     
   152.42307305232967      -0.31234585036877355     
   152.50341412939315      -0.30447488012687524     
   152.58348722897608      -0.29680954278045435     
   152.66329189949209      -0.28934455853532448     
   152.74282769060903      -0.28207477315578527     
   152.82209415325431      -0.27499515554396609     
   152.90109083961954      -0.26810079533637965     
   152.97981730316590      -0.26138690051944063     
   153.05827309862923      -0.25484879506514524     
   153.13645778202505      -0.24848191658885357     
   153.21437091065349      -0.24228181402994348     
   153.29201204310448      -0.23624414535641985     
   153.36938073926282      -0.23036467529517682     
   153.44647656031307      -0.22463927308832649     
   153.52329906874462      -0.21906391027649333     
   153.59984782835670      -0.21363465851034646     
   153.67612240426342      -0.20834768739038084     
   153.75212236289877      -0.20319926233627847     
   153.82784727202144      -0.19818574248613047     
   153.90329670071998      -0.19330357862577138     
   153.97847021941755      -0.18854931114897577     
   154.05336739987709      -0.18391956804758333     
   154.12798781520624      -0.17941106293970976     
   154.20233103986192      -0.17502059311544207     
   154.27639664965571      -0.17074503763048990     
   154.35018422175844      -0.16658135542196173     
   154.42369333470521      -0.16252658345941956     
   154.49692356840026      -0.15857783492773073     
   154.56987450412183      -0.15473229744237518     
   154.64254572452683      -0.15098723129672173     
   154.71493681365618      -0.14733996774155875     
   154.78704735693910      -0.14378790729680796     
   154.85887694119816      -0.14032851809490318     
   154.93042515465422      -0.13695933425627344     
   155.00169158693097      -0.13367795429609319     
   155.07267582905996      -0.13048203956268595     
   155.14337747348520      -0.12736931270684176     
   155.21379611406803      -0.12433755618221652     
   155.28393134609178      -0.12138461077617799     
   155.35378276626656      -0.11850837417107285     
   155.42334997273403      -0.11570679953533565     
   155.49263256507203      -0.11297789414451866     
   155.56163014429933      -0.11031971803130548     
   155.63034231288029      -0.10773038266474556     
   155.69876867472959      -0.10520804965793441     
   155.76690883521678      -0.10275092950388416     
   155.83476240117110      -0.10035728033940521     
   155.90232898088595       -9.8025406736118953E-002
   155.96960818412359       -9.5753658518660079E-002
   156.03659962211975       -9.3540429609489592E-002
   156.10330290758824       -9.1384156899838073E-002
   156.16971765472545       -8.9283319146414103E-002
   156.23584347921508       -8.7236435893499692E-002
   156.30167999823240       -8.5242066419940157E-002
   156.36722683044917       -8.3298808710663669E-002
   156.43248359603797       -8.1405298452189578E-002
   156.49744991667660       -7.9560208051921322E-002
   156.56212541555283       -7.7762245680497361E-002
   156.62650971736861       -7.6010154336999494E-002
   156.69060244834483       -7.4302710936555577E-002
   156.75440323622558       -7.2638725419827202E-002
   156.81791171028263       -7.1017039883993646E-002
   156.88112750131984       -6.9436527734933959E-002
   156.94405024167770       -6.7896092859964355E-002
   157.00667956523748       -6.6394668820925457E-002
   157.06901510742591       -6.4931218067049906E-002
   157.13105650521931       -6.3504731167454601E-002
   157.19280339714805       -6.2114226062410204E-002
   157.25425542330083       -6.0758747333533383E-002
   157.31541222532911       -5.9437365491699375E-002
   157.37627344645119       -5.8149176284723623E-002
   157.43683873145690       -5.6893300018427642E-002
   157.49710772671136       -5.5668880899854722E-002
   157.55708008015966       -5.4475086393697185E-002
   157.61675544133092       -5.3311106596375835E-002
   157.67613346134249       -5.2176153625905580E-002
   157.73521379290423       -5.1069461027541327E-002
   157.79399609032279       -4.9990283194533150E-002
   157.85248000950548       -4.8937894803954739E-002
   157.91066520796485       -4.7911590267097334E-002
   157.96855134482249       -4.6910683194126855E-002
   158.02613808081335       -4.5934505872676307E-002
   158.08342507828976       -4.4982408760110379E-002
   158.14041200122557       -4.4053759988983525E-002
   158.19709851522029       -4.3147944885565961E-002
   158.25348428750300       -4.2264365501035468E-002
   158.30956898693645       -4.1402440154999359E-002
   158.36535228402124       -4.0561602991106109E-002
   158.42083385089956       -3.9741303544486836E-002
   158.47601336135949       -3.8941006320636067E-002
   158.53089049083866       -3.8160190385541866E-002
   158.58546491642846       -3.7398348966767775E-002
   158.63973631687793       -3.6654989065168703E-002
   158.69370437259752       -3.5929631077095785E-002
   158.74736876566325       -3.5221808426649848E-002
   158.80072917982034       -3.4531067207926626E-002
   158.85378530048732       -3.3856965836878833E-002
   158.90653681475968       -3.3199074712563795E-002
   158.95898341141384       -3.2556975887592030E-002
   159.01112478091099       -3.1930262747514163E-002
   159.06296061540073       -3.1318539698908326E-002
   159.11449060872499       -3.0721421865943437E-002
   159.16571445642165       -3.0138534795239893E-002
   159.21663185572854       -2.9569514168771890E-002
   159.26724250558689       -2.9014005524619156E-002
   159.31754610664515       -2.8471663985363913E-002
   159.36754236126268       -2.7942153993931677E-002
   159.41723097351354       -2.7425149056698999E-002
   159.46661164918984       -2.6920331493636439E-002
   159.51568409580560       -2.6427392195356128E-002
   159.56444802260040       -2.5946030386837397E-002
   159.61290314054267       -2.5475953397675239E-002
   159.66104916233377       -2.5016876438657021E-002
   159.70888580241092       -2.4568522384558956E-002
   159.75641277695129       -2.4130621562913096E-002
   159.80362980387525       -2.3702911548634270E-002
   159.85053660284987       -2.3285136964361453E-002
   159.89713289529240       -2.2877049286324197E-002
   159.94341840437377       -2.2478406655592916E-002
   159.98939285502206       -2.2088973694603650E-002
   160.03505597392578       -2.1708521328764038E-002
   160.08040748953746       -2.1336826613043123E-002
   160.12544713207677       -2.0973672563380841E-002
   160.17017463353420       -2.0618847992790193E-002
   160.21458972767414       -2.0272147352082704E-002
   160.25869215003823       -1.9933370574948962E-002
   160.30248163794883       -1.9602322927475237E-002
   160.34595793051196       -1.9278814861777165E-002
   160.38912076862101       -1.8962661873784151E-002
   160.43196989495954       -1.8653684364950168E-002
   160.47450505400477       -1.8351707507913081E-002
   160.51672599203064       -1.8056561115817441E-002
   160.55863245711109       -1.7768079515385591E-002
   160.60022419912312       -1.7486101423506081E-002
   160.64150096974984       -1.7210469827263073E-002
   160.68246252248380       -1.6941031866795211E-002
   160.72310861262997       -1.6677638725266928E-002
   160.76343899730870       -1.6420145511466065E-002
   160.80345343545895       -1.6168411160789101E-002
   160.84315168784121       -1.5922298326678064E-002
   160.88253351704054       -1.5681673280630554E-002
   160.92159868746941       -1.5446405813865716E-002
   160.96034696537097       -1.5216369141833469E-002
   160.99877811882160       -1.4991439811352569E-002
   161.03689191773418       -1.4771497610416618E-002
   161.07468813386083       -1.4556425480505130E-002
   161.11216654079564       -1.4346109431356519E-002
   161.14932691397775       -1.4140438458155598E-002
   161.18616903069415       -1.3939304461027407E-002
   161.22269267008230       -1.3742602166819870E-002
   161.25889761313314       -1.3550229053065051E-002
   161.29478364269374       -1.3362085274083495E-002
   161.33035054347002       -1.3178073589172588E-002
   161.36559810202957       -1.2998099292822207E-002
   161.40052610680416       -1.2822070146866617E-002
   161.43513434809270       -1.2649896314569331E-002
   161.46942261806353       -1.2481490296553665E-002
   161.50339071075746       -1.2316766868536838E-002
   161.53703842208995       -1.2155643020813877E-002
   161.57036554985399       -1.1998037899439812E-002
   161.60337189372268       -1.1843872749086532E-002
   161.63605725525142       -1.1693070857474258E-002
   161.66842143788088       -1.1545557501402424E-002
   161.70046424693922       -1.1401259894270767E-002
   161.73218548964448       -1.1260107135093502E-002
   161.76358497510734       -1.1122030158945249E-002
   161.79466251433328       -1.0986961688796225E-002
   161.82541792022505       -1.0854836188710817E-002
   161.85585100758502       -1.0725589818359516E-002
   161.88596159311777       -1.0599160388811944E-002
   161.91574949543201       -1.0475487319582066E-002
   161.94521453504308       -1.0354511596870810E-002
   161.97435653437540       -1.0236175732993381E-002
   162.00317531776457       -1.0120423726956240E-002
   162.03167071145944       -1.0007201026125992E-002
   162.05984254362471       -9.8964544890035554E-003
   162.08769064434279       -9.7881323490329290E-003
   162.11521484561607       -9.6821841794347257E-003
   162.14241498136914       -9.5785608590354190E-003
   162.16929088745079       -9.4772145390659545E-003
   162.19584240163613       -9.3780986108816210E-003
   162.22206936362878       -9.2811676746204497E-003
   162.24797161506271       -9.1863775087309366E-003
   162.27354899950444       -9.0936850403676005E-003
   162.29880136245492       -9.0030483166281296E-003
   162.32372855135159       -8.9144264766076245E-003
   162.34833041557027       -8.8277797242405191E-003
   162.37260680642720       -8.7430693019237716E-003
   162.39655757718057       -8.6602574648873016E-003
   162.42018258303304       -8.5793074562862011E-003
   162.44348168113291       -8.5001834830249808E-003
   162.46645473057649       -8.4228506922507038E-003
   162.48910159240955       -8.3472751485345695E-003
   162.51142212962924       -8.2734238116989062E-003
   162.53341620718592       -8.2012645152876283E-003
   162.55508369198463       -8.1307659456539682E-003
   162.57642445288718       -8.0618976216496434E-003
   162.59743836071340       -7.9946298749096218E-003
   162.61812528824319       -7.9289338306888467E-003
   162.63848511021783       -7.8647813892902298E-003
   162.65851770334183       -7.8021452079905492E-003
   162.67822294628439       -7.7409986835354910E-003
   162.69760071968099       -7.6813159351195523E-003
   162.71665090613487       -7.6230717878821982E-003
   162.73537339021854       -7.5662417568795100E-003
   162.75376805847540       -7.5108020315497502E-003
   162.77183479942104       -7.4567294606164569E-003
   162.78957350354477       -7.4040015374620604E-003
   162.80698406331095       -7.3525963859366814E-003
   162.82406637316041       -7.3024927465861486E-003
   162.84082032951179       -7.2536699633112310E-003
   162.85724583076291       -7.2061079704215780E-003
   162.87334277729207       -7.1597872800984522E-003
   162.88911107145927       -7.1146889702340477E-003
   162.90455061760758       -7.0707946726570291E-003
   162.91966132206414       -7.0280865617255448E-003
   162.93444309314179       -6.9865473432680304E-003
   162.94889584113974       -6.9461602438981645E-003
   162.96301947834502       -6.9069090006554082E-003
   162.97681391903367       -6.8687778509796396E-003
   162.99027907947163       -6.8317515230318345E-003
   163.00341487791596       -6.7958152263095217E-003
   163.01622123461581       -6.7609546425950219E-003
   163.02869807181352       -6.7271559171993584E-003
   163.04084531374559       -6.6944056505059855E-003
   163.05266288664367       -6.6626908898110605E-003
   163.06415071873545       -6.6319991214459657E-003
   163.07530874024553       -6.6023182631835247E-003
   163.08613688339662       -6.5736366569103949E-003
   163.09663508241005       -6.5459430615818718E-003
   163.10680327350681       -6.5192266464287729E-003
   163.11664139490827       -6.4934769844271819E-003
   163.12614938683708       -6.4686840460176148E-003
   163.13532719151777       -6.4448381930781399E-003
   163.14417475317765       -6.4219301731408916E-003
   163.15269201804745       -6.3999511138385845E-003
   163.16087893436193       -6.3788925176013278E-003
   163.16873545236058       -6.3587462565692660E-003
   163.17626152428815       -6.3395045677463483E-003
   163.18345710439542       -6.3211600483692029E-003
   163.19032214893932       -6.3037056514962464E-003
   163.19685661618391       -6.2871346818162985E-003
   163.20306046640033       -6.2714407916742623E-003
   163.20893366186726       -6.2566179772964043E-003
   163.21447616687129       -6.2426605752380817E-003
   163.21968794770672       -6.2295632590240431E-003
   163.22456897267546       -6.2173210360027395E-003
   163.22911921208637       -6.2059292443877425E-003
   163.23333863825428       -6.1953835505181654E-003
   163.23722722549752       -6.1856799462940348E-003
   163.24078495013376       -6.1768147468343046E-003
   163.24401179047280       -6.1687845883149342E-003
   163.24690772680134       -6.1615864260262353E-003
   163.24947274135332       -6.1552175326563064E-003
   163.25170681824378       -6.1496754968442700E-003
   163.25360994330885       -6.1449582221645028E-003
   163.25518210366101       -6.1410639269863024E-003
   163.25642328619739       -6.1379911471198881E-003
   163.25733347094689       -6.1357387514007237E-003
   163.25791258200510       -6.1343060623678357E-003

