 # Molecular potential
 # R (nm)   Energy shift (MHz)
   1.6209761334243743E-004   0.0000000000000000     
   5.4340065974187515E-004   0.0000000000000000     
   1.1426943495438065E-003   0.0000000000000000     
   1.9599318947187932E-003   0.0000000000000000     
   2.9951044949829159E-003   0.0000000000000000     
   4.2482090318201379E-003   0.0000000000000000     
   5.7192436880463497E-003   0.0000000000000000     
   7.4082069655919992E-003   0.0000000000000000     
   9.3150973924624545E-003   0.0000000000000000     
   1.1439913417203325E-002   0.0000000000000000     
   1.3782653365267577E-002   0.0000000000000000     
   1.6343315419126932E-002   0.0000000000000000     
   1.9121897608307768E-002   0.0000000000000000     
   2.2118397804188016E-002   0.0000000000000000     
   2.5332813716969289E-002   0.0000000000000000     
   2.8765142894012777E-002   0.0000000000000000     
   3.2415382718703423E-002   0.0000000000000000     
   3.6283530409762926E-002   0.0000000000000000     
   4.0369583020820568E-002   0.0000000000000000     
   4.4673537440026993E-002   0.0000000000000000     
   4.9195390389870197E-002   0.0000000000000000     
   5.3935138426954958E-002   0.0000000000000000     
   5.8892777941841147E-002   0.0000000000000000     
   6.4068305158972813E-002   0.0000000000000000     
   6.9461716136507132E-002   0.0000000000000000     
   7.5073006766257860E-002   0.0000000000000000     
   8.0902172773570494E-002   0.0000000000000000     
   8.6949209717248427E-002   0.0000000000000000     
   9.3214112989482220E-002   0.0000000000000000     
   9.9696877815702759E-002   0.0000000000000000     
  0.10639749925457254        0.0000000000000000     
  0.11331597219783746        0.0000000000000000     
  0.12045229137026098        0.0000000000000000     
  0.12780645132953791        0.0000000000000000     
  0.13537844646618738        0.0000000000000000     
  0.14316827100348106        0.0000000000000000     
  0.15117591899731089        0.0000000000000000     
  0.15940138433612358        0.0000000000000000     
  0.16784466074081070        0.0000000000000000     
  0.17650574176459424        0.0000000000000000     
  0.18538462079292292        0.0000000000000000     
  0.19448129104338818        0.0000000000000000     
  0.20379574556556340        0.0000000000000000     
  0.21332797724094987        0.0000000000000000     
  0.22307797878281502        0.0000000000000000     
  0.23304574273608114        0.0000000000000000     
  0.24323126147723323        0.0000000000000000     
  0.25363452721415103        0.0000000000000000     
  0.26425553198601531        0.0000000000000000     
  0.27509426766317047        0.0000000000000000     
  0.28615072594698099        0.0000000000000000     
  0.29742489836970859        0.0000000000000000     
  0.30891677629436026        0.0000000000000000     
  0.32062635091457853        0.0000000000000000     
  0.33255361325446464        0.0000000000000000     
  0.34469855416843598        0.0000000000000000     
  0.35706116434111079        0.0000000000000000     
  0.36964143428711665        0.0000000000000000     
  0.38243935435096560        0.0000000000000000     
  0.39545491470687744        0.0000000000000000     
  0.40868810535862915        0.0000000000000000     
  0.42213891613940080        0.0000000000000000     
  0.43580733671159949        0.0000000000000000     
  0.44969335656669579        0.0000000000000000     
  0.46379696502505469        0.0000000000000000     
  0.47811815123576146        0.0000000000000000     
  0.49265690417644453        0.0000000000000000     
  0.50741321265310713        0.0000000000000000     
  0.52238706529993240        0.0000000000000000     
  0.53757845057910691        0.0000000000000000     
  0.55298735678063882        0.0000000000000000     
  0.56861377202215668        0.0000000000000000     
  0.58445768424874234        0.0000000000000000     
  0.60051908123269582        0.0000000000000000     
  0.61679795057337505        0.0000000000000000     
  0.63329427969698349        0.0000000000000000     
  0.65000805585636789        0.0000000000000000     
  0.66693926613081300        0.0000000000000000     
  0.68408789742582965        0.0000000000000000     
  0.70145393647294796        0.0000000000000000     
  0.71903736982950439        0.0000000000000000     
  0.73683818387842492        0.0000000000000000     
  0.75485636482801122        0.0000000000000000     
  0.77309189871171391        0.0000000000000000     
  0.79154477138790147        0.0000000000000000     
  0.81021496853965658        0.0000000000000000     
  0.82910247567450324        0.0000000000000000     
  0.84820727812424068        0.0000000000000000     
  0.86752936104463929        0.0000000000000000     
  0.88706870941524740        0.0000000000000000     
  0.90682530803913264        0.0000000000000000     
  0.92679914154265963        0.0000000000000000     
  0.94699019437519316        0.0000000000000000     
  0.96739845080892495        0.0000000000000000     
  0.98802389493855192        0.0000000000000000     
   4.5779413628586481        478.39629230144510     
   4.6225321317592716        476.46204085034151     
   4.6673371048662613        495.52890412008037     
   5.5104108483863499        474.16480537698794     
   5.5592781770877480        410.95208300807087     
   5.6083589019320614        357.38309905624476     
   5.6576529800890389        315.65409453897252     
   5.7071603684928762        287.07508405524442     
   5.7568810238416006        272.15597572866341     
   5.8068149025964866        270.42082493005427     
   5.8569619609813701        280.64392538925193     
   5.9073221549821051        301.01059919701470     
   5.9578954403458715        329.07323031732813     
   6.0086817725805970        362.29832382417322     
   6.0596811069542866        397.80401127880822     
   6.1108933984944107        432.93915996672587     
   6.1623186019872698        465.12785275736172     
   6.2139566719773445        492.09103980432531     
   6.5282527122199472        476.86240201312404     
   6.5813795544884970        444.75682155099440     
   6.6347188908273695        407.11387251929153     
   6.6882706735755448        366.31306112586122     
   6.7420348548236815        324.30840809984846     
   6.7960113864134168        283.62568008751288     
   6.8502002199366956        246.15838111760206     
   6.9046013067351142        213.94119351378009     
   6.9592145978992388        188.24832492175523     
   7.0140400442679312        170.14505385820271     
   7.0690775964276495        159.96900022153059     
   7.1243272047117827        157.66206767216281     
   7.1797888191999597        162.64343219698168     
   7.2354623897173616        173.90930604661585     
   7.2913478658340329        190.23693552864384     
   7.3474451968641823        210.05272084901981     
   7.4037543318654739        231.85728369351642     
   7.4602752196383522        253.92016320867330     
   7.5170078087253369        274.78494541168277     
   7.5739520474102866        292.92597155127487     
   7.6311078837177480        307.16918333895865     
   7.6884752654121877        316.49321111695662     
   7.7460541399973089        320.19318682913814     
   7.8038444547153558        317.98202821520101     
   7.8618461565463358        309.76415680851233     
   7.9200591922073675        296.08324322304333     
   7.9784835081519265        277.49181615539646     
   8.0371190505690890        255.23673868702963     
   8.0959657653828714        230.38806892347773     
   8.1550235982514536        204.53064924895295     
   8.2142924945664486        178.95284629850391     
   8.2737723994521630        155.10535137812965     
   8.3334632577648993        134.12493477723655     
   8.3933650140921543        116.96134596723178     
   8.4534776127519322        104.29706386870448     
   8.5138009977919431        96.456035459452579     
   8.5743351129889085        93.526347727390430     
   8.6350799018477673        95.283713596629468     
   8.6960353076009405        101.26256389819260     
   8.7572012732075848        110.82128867886999     
   8.8185777413527955        123.11851712638943     
   8.8801646544469044        137.19348482482314     
   8.9419619546246540        152.06356403108836     
   9.0039695837444569        166.58238732936738     
   9.0661874833876368        179.83227014256511     
   9.1286155948576511        190.75911431548201     
   9.1912538591792980        198.65305293479486     
   9.2541022170979534        202.91592254319207     
   9.3171606090787993        203.16611117005093     
   9.3804289753060157        199.46239409398970     
   9.4439072556820349        191.88343320260896     
   9.5075953898266903        181.01322047343342     
   9.5714933170765164        167.44444575730310     
   9.6356009764838699        151.96797756240727     
   9.6999183068161656        135.52033247062300     
   9.7644452465551268        118.88301589783870     
   9.8291817338958865        102.98513040778109     
   9.8941277067462678        88.536067081297233     
   9.9592831027259443        76.188679894606366     
   10.024647859165633        66.490648267528670     
   10.090221913106303        59.772487279067064     
   10.156005201298312        56.264747860116159     
   10.221997660200667        55.983856660632341     
   10.288199225980124        58.780089543429945     
   10.354609834510434        64.301295863308709     
   10.421229421371487        72.068476792993181     
   10.488057921848480        81.424228706875667     
   10.555095270931101        91.632210851434564     
   10.622341403312717        101.97278918554554     
   10.689796253389488        111.64190148481920     
   10.757459755259589        120.02388788603628     
   10.825331842722345        126.57575520222304     
   10.893412449277353        130.83984817671558     
   10.961701508123729        132.65322769878995     
   11.030198952159163        131.86910207873501     
   11.098904713979140        128.53104603509553     
   11.167818725876050        122.88264270589868     
   11.236940919838357        115.13982727290094     
   11.306271227549734        105.73503430064864     
   11.375809580388191        95.168986196938675     
   11.445555909425243        83.927541765373746     
   11.515510145425013        72.649912118319989     
   11.585672218843392        61.919198819640215     
   11.656042059827159        52.270082255393127     
   11.726619598213109        44.228086796842163     
   11.797404763527171        38.151840188272487     
   11.868397484983577        34.278857928527060     
   11.939597691483895        32.710738712598918     
   12.011005311616245        33.384748974334073     
   12.082620273654339        36.120423118291285     
   12.154442505556654        40.612768585264995     
   12.226471934965497        46.501172200931713     
   12.298708489206142        53.359697807210864     
   12.371152095285906        60.699555214569827     
   12.443802679893302        68.073679230885702     
   12.516660169397101        75.003560696859111     
   12.589724489845427        81.005686476461719     
   12.662995566964884        85.720939898734386     
   12.736473326159638        88.814910358113750     
   12.810157692510494        90.027937602473031     
   12.884048590773993        89.305547353283004     
   12.958145945381514        86.670444898728846     
   13.032449680438324        82.245439729037528     
   13.106959719722706        76.342995623686363     
   13.181675986685002        69.311713832864939     
   13.256598404446699        61.521040610102581     
   13.331726895799511        53.426662101120108     
   13.407061383204432        45.447407997273679     
   13.482601788790845        37.948008550730755     
   13.558348034355546        31.301045894880058     
   13.634300041361819        25.814634630964871     
   13.710457730938518        21.715299487710332     
   13.786821023879112        19.180425641967563     
   13.863389840640753        18.294114738326417     
   13.940164101343294        19.038735490604711     
   14.017143725768406        21.303503784119183     
   14.094328633358570        24.870455782607149     
   14.171718743216164        29.455140649112963     
   14.249313974102469        34.724771780205806     
   14.327114244436766        40.294288534757449     
   14.405119472295313        45.799647311725828     
   14.483329575410449        50.920961806028593     
   14.561744471169570        55.338613945274766     
   14.640364076614203        58.787057810020727     
   14.719188308439024        61.093099700917868     
   14.798217082990879        62.108212377532602     
   14.877450316267836        61.729230446006120     
   14.956887923918179        59.971944576140999     
   15.036529821239441        56.923828296335543     
   15.116375923177428        52.715082203772951     
   15.196426144325235        47.580879333584413     
   15.276680398922247        41.835467158448019     
   15.357138600853185        35.792918605874974     
   15.437800663647081        29.777168411596605     
   15.518666500476296        24.123146565381486     
   15.599736024155538        19.113549492241543     
   15.681009147140847        14.966863080712191     
   15.762485781528605        11.862382461251411     
   15.844165839054542        9.9224290146897882     
   15.926049231092712        9.2001961214867052     
   16.008135868654502        9.6935610106970174     
   16.090425662387634        11.335902347418159     
   16.172918522575124        13.990034898771945     
   16.255614359134295        17.466700996250832     
   16.338513081615737        21.524529786882841     
   16.421614599202325        25.874891314967559     
   16.504918820708170        30.229095691189958     
   16.588425654577613        34.324792104718512     
   16.672135008884165        37.912277067160382     
   16.756046791329549        40.775789672897226     
   16.840160909242599        42.771482731294704     
   16.924477269578276        43.806022261803605     
   17.008995778916606        43.807725362445680     
   17.093716343461683        42.757624757774011     
   17.178638869040572        40.711939741221947     
   17.263763261102334        37.771047599351377     
   17.349089424716919        34.069960788028467     
   17.434617264574179        29.807029873744106     
   17.520346684982780        25.233029216838332     
   17.606277589869187        20.602526295538901     
   17.692409882776584        16.157159337317577     
   17.778743466863826        12.129613746162931     
   17.865278244904395        8.7215198026829750     
   17.952014119285334        6.0805889771404731     
   18.038950992006196        4.3080520641507372     
   18.126088764677963        3.4667420600756027     
   18.213427338521996        3.5719488707783689     
   18.300966614368971        4.5890702259436260     
   18.388706492657807        6.4389147816994177     
   18.476646873434568        8.9924368125548337     
   18.564787656351442        12.070946008014891     
   18.653128740665636        15.468625495462618     
   18.741670025238278        18.972289426591395     
   18.830411408533386        22.364554616361136     
   18.919352788616752        25.437893432178079     
   19.008494063154853        28.022765349362874     
   19.097835129413802        29.992761395647769     
   19.187375884258220        31.245519727511763     
   19.277116224150163        31.701887756656021     
   19.367056045148036        31.328033758083706     
   19.457195242905492        30.141210994842204     
   19.547533712670329        28.194931752123296     
   19.638071349283404        25.578808454205380     
   19.728808047177520        22.433529305622457     
   19.819743700376321        18.944304796211412     
   19.910878202493230        15.309624200570640     
   20.002211446730268        11.720106351942166     
   20.093743325876989        8.3569336152513589     
   20.185473732309408        5.3865449133984926     
   20.277402557988779        2.9461835239508494     
   20.369529694460589        1.1386227359485868     
   20.461855032853400        3.7535866289911471E-002
   20.554378463877701      -0.31399780219968626     
   20.647099877824822        8.6406973486701413E-002
   20.740019164565815        1.1965565035350700     
   20.833136213550297        2.9341196219419765     
   20.926450913805354        5.1799726448514463     
   21.019963153934391        7.7835660625575249     
   21.113672822116019        10.579531444320416     
   21.207579806102896        13.406818623521032     
   21.301683993220617        16.113909480126107     
   21.395985270366573        18.554579152634037     
   21.490483524008798        20.592168921098658     
   21.585178640184836        22.112681880948028     
   21.680070504500595        23.030896967393996     
   21.775159002129215        23.287903215764207     
   21.870444017809898        22.855738194457572     
   21.965925435846788        21.752082760934751     
   22.061603140107810        20.046275687365515     
   22.157477014023474        17.845352349082159     
   22.253546940585789        15.274153774371147     
   22.349812802347081        12.466623973075277     
   22.446274481418808        9.5648720650275632     
   22.542931859470443        6.7134403342309756     
   22.639784817728273        4.0492986258550241     
   22.736833236974253        1.6971022731150185     
   22.834076997544845      -0.23064954364156889     
   22.931515979329856       -1.6384711054482557     
   23.029150061771237       -2.4598091461159304     
   23.126979123861947       -2.6661890690399441     
   23.225003044144742       -2.2668918351573701     
   23.323221700711052       -1.3037090205442132     
   23.421634971199758       0.15350240109695484     
   23.520242732796035        2.0119546995773794     
   23.619044862230151        4.1637660106275041     
   23.718041235776319        6.4919787327450136     
   23.817231729251482        8.8706017905807943     
   23.916616218014155        11.164059274154184     
   24.016194576963201        13.235235658309167     
   24.115966680536680        14.961552264887734     
   24.215932402710617        16.248210960559444     
   24.316091616997859        17.031480712371419     
   24.416444196446836        17.276537131748427     
   24.516990013640392        16.977023036409317     
   24.617728940694565        16.155463248285283     
   24.718660849257390        14.859267009878613     
   24.819785610507751        13.153294348185250     
   24.921103095154088        11.116281944130526     
   25.022613173433250        8.8438753487441133     
   25.124315715109297        6.4511889224263497     
   25.226210589472231        4.0665377546645898     
   25.328297665336859        1.8173648677547976     
   25.430576811041551      -0.18282901831546530     
   25.533047894446987       -1.8406305942942165     
   25.635710782935007       -3.0838877101405626     
   25.738565343407377       -3.8623596749609455     
   25.841611442284535       -4.1487614857357293     
   25.944848945504418       -3.9388521580472018     
   26.048277718521199       -3.2511806856291061     
   26.151897626304102       -2.1284170637697351     
   26.255708533336147      -0.63910125770644477     
   26.359710303612960        1.1248323758993581     
   26.463902800641492        3.0571914943405480     
   26.568285887438865        5.0493116812590193     
   26.672859426531037        6.9977388416119792     
   26.777623279951680        8.8056806231580023     
   26.882577309240880        10.382397885662851     
   26.987721375443908        11.645431919615465     
   27.093055339110002        12.526022997446086     
   27.198579060291134        12.974608750871473     
   27.304292398540728        12.964506647698782     
   27.410195212912466        12.494602603789037     
   27.516287361959030        11.591471825949304     
   27.622568703730842        10.308616965341344     
   27.729039095774841        8.7203374808949903     
   27.835698395133207        6.9118550017866474     
   27.942546458342164        4.9711955097701193     
   28.049583141430663        2.9868829729175657     
   28.156808299919199        1.0497318517196150     
   28.264221788818485      -0.74700251307311927     
   28.371823462628281       -2.3129841183071003     
   28.479613175336063       -3.5699685573478472     
   28.587590780415820       -4.4596815696915515     
   28.695756130826773       -4.9469843873820514     
   28.804109079012090       -5.0189664352698387     
   28.912649476897688       -4.6826678965997477     
   29.021377175890919       -3.9631990341741923     
   29.130292026879310       -2.9024072285362963     
   29.239393880229350       -1.5578021587412161     
   29.348682585785149       -1.5557826344111247E-003
   29.458157992867214        1.6812624390894586     
   29.567819950271186        3.3969404765532958     
   29.677668306266568        5.0507912540112159     
   29.787702908595389        6.5563113362034562     
   29.897923604471064        7.8416360731305561     
   30.008330240576989        8.8503728097101817     
   30.118922663065341        9.5382685806105805     
   30.229700717555776        9.8706594447574485     
   30.340664249134161        9.8247691529509797     
   30.451813102351288        9.3962600389330770     
   30.563147121221608        8.6051401573774555     
   30.674666149221938        7.4960759473452692     
   30.786370029290183        6.1323153600696481     
   30.898258603824054        4.5869083582075199     
   31.010331714679761        2.9358955873642176     
   31.122589203170801        1.2554361147305360     
   31.235030910066580      -0.37857717527450963     
   31.347656675591185       -1.8912192000263108     
   31.460466339422055       -3.2112802474163940     
   31.573459740688769       -4.2758575825204463     
   31.686636717971634       -5.0353834440507157     
   31.799997109300499       -5.4575671801346406     
   31.913540752153427       -5.5292092502719292     
   32.027267483455390       -5.2555516127237034     
   32.141177139576989       -4.6577581449926475     
   32.255269556333140       -3.7700210838803914     
   32.369544568981809       -2.6378984950402500     
   32.484002012222682       -1.3182605973806643     
   32.598641720195907       0.12071341760939268     
   32.713463526480737        1.6020142949079184     
   32.828467264094307        3.0459767148404167     
   32.943652765490235        4.3784073848983738     
   33.059019862557392        5.5368198827130115     
   33.174568386618631        6.4718870968533144     
   33.290298168429374        7.1447877233456127     
   33.406209038176385        7.5243266451681228     
   33.522300825476457        7.5877483637516621     
   33.638573359375073        7.3258614065259735     
   33.755026468345172        6.7490516584195417     
   33.871659980285735        5.8893543135379938     
   33.988473722520553        4.7963333595285498     
   34.105467521796939        3.5290126580337025     
   34.222641204284308        2.1486967593026209     
   34.339994595572989       0.71615491200386416     
   34.457527520672841      -0.70726117518683951     
   34.575239804011957       -2.0581200582125776     
   34.693131269435355       -3.2725656714769040     
   34.811201740203664       -4.2917324138885533     
   34.929451038991822       -5.0682378892335906     
   35.047878987887742       -5.5701804388663607     
   35.166485408391004       -5.7811671875580766     
   35.285270121411529       -5.6979308445956720     
   35.404232947268284       -5.3284186279252532     
   35.523373705687945       -4.6919907193700601     
   35.642692215803592       -3.8208836859026314     
   35.762188296153383       -2.7605323625351978     
   35.881861764679243       -1.5669589862539213     
   36.001712438725519      -0.30165454159889427     
   36.121740135037705       0.97373633809562266     
   36.241944669761097        2.2006621986894745     
   36.362325858439448        3.3244187340534141     
   36.482883516013686        4.2939822869285225     
   36.603617456820551        5.0630438348812437     
   36.724527494591342        5.5931469075711968     
   36.845613442450521        5.8578980784714281     
   36.966875112914416        5.8460953000223350     
   37.088312317889930        5.5621517233085145     
   37.209924868673134        5.0238993765540982     
   37.331712575948046        4.2593627583468434     
   37.453675249785221        3.3042952896012738     
   37.575812699640494        2.2011826647366548     
   37.698124734353577       0.99899836465905745     
   37.820611162146818      -0.24768172195491683     
   37.943271790623811       -1.4811276325073022     
   38.066106426768108       -2.6442316503528542     
   38.189114876941872       -3.6844564152592478     
   38.312296946884551       -4.5567673325232061     
   38.435652441711547       -5.2251306767142207     
   38.559181165912946       -5.6630504182853780     
   38.682882923352075       -5.8539652608699324     
   38.806757517264288       -5.7919708243174810     
   38.930804750255582       -5.4826476471519641     
   39.055024424301266       -4.9433309543028550     
   39.179416340744673       -4.2022792741126196     
   39.303980300295777       -3.2967538830221237     
   39.428716103029913       -2.2705560866090715     
   39.553623548386426       -1.1716855694298312     
   39.678702435167331       -5.0439334837569787E-002
   39.803952561536029        1.0422240243050460     
   39.929373725015928        2.0564889037510392     
   40.054965722489143        2.9459385419872564     
   40.180728350195139        3.6701213049376054     
   40.306661403729464        4.1969191172158320     
   40.432764678042375        4.5041676505168740     
   40.559037967437476        4.5802820838270355     
   40.685481065570471        4.4240656820497462     
   40.812093765447784        4.0441286918926380     
   40.938875859425252        3.4582780762172463     
   41.065827139206760        2.6929423908618118     
   41.192947395842971        1.7824037265653252     
   41.320236419729959       0.76752584939337476     
   41.447694000607882      -0.30616096539883536     
   41.575319927559676       -1.3908636755947892     
   41.703113989009729       -2.4390501609564517     
   41.831075972722516       -3.4057213142144285     
   41.959205665801321       -4.2502446985902660     
   42.087502854686882       -4.9377915768027760     
   42.215967325156086       -5.4405393057172979     
   42.344598862320609       -5.7387537486467828     
   42.473397250625631       -5.8217120489177407     
   42.602362273848499       -5.6882904933601939     
   42.731493715097372       -5.3470258082757418     
   42.860791356809948       -4.8155716078515463     
   42.990254980752105       -4.1196362027091276     
   43.119884368016606       -3.2915969892616976     
   43.249679299021729       -2.3689805036724461     
   43.379639553510010       -1.3928984901921684     
   43.509764910546856      -0.40641997880362002     
   43.640055148519288       0.54718271061959234     
   43.770510045134550        1.4263232449579177     
   43.901129377418862        2.1930267460032389     
   44.031912921716078        2.8147041585791972     
   44.162860453686292        3.2655803911566208     
   44.293971748304642        3.5276603258746286     
   44.425246579859930        3.5912349794767531     
   44.556684721953282        3.4550186965928851     
   44.688285947496894        3.1260228860857926     
   44.820050028712643        2.6192174494716634     
   44.951976737130842        1.9569543046188687     
   45.084065843588910        1.1680844047122194     
   45.216317118230002       0.28672128988111573     
   45.348730330501773      -0.64932062772985000     
   45.481305249155035       -1.6002996551128885     
   45.614041642242405       -2.5263710955386034     
   45.746939277117100       -3.3893132379333104     
   45.879997920431521       -4.1540649001498373     
   46.013217338135981       -4.7900518506437546     
   46.146597295477449       -5.2723180148858040     
   46.280137556998163       -5.5824716559149214     
   46.413837886534367       -5.7094199303166082     
   46.547698047214993       -5.6498284449541778     
   46.681717801460408       -5.4082345991828218     
   46.815896910981024       -4.9967742906371129     
   46.950235136776051       -4.4345370044894823     
   47.084732239132222       -3.7466166221386907     
   47.219387977622418       -2.9629502340955813     
   47.354202111104435       -2.1170279074546730     
   47.489174397719673       -1.2445255257522703     
   47.624304594891825      -0.38188371994101633     
   47.759592459325560       0.43515210643128344     
   47.895037747005325        1.1729979344478738     
   48.030640213193919        1.8016390123220996     
   48.166399612431334        2.2958897210272093     
   48.302315698533384        2.6364139295620190     
   48.438388224590355        2.8104402420210786     
   48.574616942965960        2.8121494287040583     
   48.711001605295735        2.6427523794899996     
   48.847541962486019        2.3102997697664995     
   48.984237764712532        1.8292639081729016     
   49.121088761419081        1.2199163836037215     
   49.258094701316388       0.50750729122892002     
   49.395255332380742      -0.27875287156393547     
   49.532570401852681       -1.1068934394925842     
   49.670039656235829       -1.9435231748364812     
   49.807662841295496       -2.7552383334410848     
   49.945439702057520       -3.5100129354211012     
   50.083369982806914       -4.1784891032724492     
   50.221453427086637       -4.7351061572911890     
   50.359689777696296       -5.1590345109706224     
   50.498078776690917       -5.4349025374132172     
   50.636620165379668       -5.5533141771163210     
   50.775313684324580       -5.5111524301745840     
   50.914159073339292       -5.3116559332764171     
   51.053156071487834       -4.9642518691563433     
   51.192304417083292       -4.4841351025872358     
   51.331603847686580       -3.8916012479556326     
   51.471054100105256       -3.2111648093459104     
   51.610654910392178       -2.4705140212191643     
   51.750406013844284       -1.6993643903486904     
   51.890307145001380      -0.92827088808912250     
   52.030358037644845      -0.18744757772212206     
   52.170558424796376       0.49436996927072108     
   52.310908038716818        1.0909930701830659     
   52.451406610904861        1.5797538687109485     
   52.592053872095832        1.9423542356114858     
   52.732849552260426        2.1655524606227567     
   52.873793380603502        2.2416487945046630     
   53.014885085562852        2.1687379575229251     
   53.156124394807968        1.9507125519807578     
   53.297511035238756        1.5970218668349141     
   53.439044732984428        1.1222097994229785     
   53.580725213402168       0.54526830264697002     
   53.722552201075963      -0.11115329458411233     
   53.864525419815386      -0.82164600531784271     
   54.006644592654347       -1.5590150996052428     
   54.148909441849938       -2.2953038966269164     
   54.291319688881131       -3.0028408910545217     
   54.433875054447661       -3.6552786325472786     
   54.576575258468765       -4.2285856339672110     
   54.719420020081984       -4.7019474178173732     
   54.862409057641983       -5.0585331241527189     
   55.005542088719274       -5.2860912331627459     
   55.148818830099181       -5.3773505425849697     
   55.292238997780451       -5.3302172376626888     
   55.435802306974189       -5.1477718964091048     
   55.579508472102653       -4.8380789386537542     
   55.723357206797992       -4.4138248187106592     
   55.867348223901153       -3.8918017318301619     
   56.011481235460671       -3.2922534384571498     
   56.155755952731404       -2.6381015141808066     
   56.300172086173554       -1.9540750595978806     
   56.444729345451250       -1.2657739832849177     
   56.589427439431567      -0.59870324567256572     
   56.734266076183268        2.2679739858531629E-002
   56.879244962975669       0.57586200991257919     
   57.024363806277421        1.0410783422613992     
   57.169622311755461        1.4019914396914397     
   57.315020184273735        1.6462294307778813     
   57.460557127892130        1.7657700731658938     
   57.606232845865257        1.7571673854576468     
   57.752047040641365        1.6216198463520666     
   57.897999413861186        1.3648807933650831     
   58.044089666356705       0.99701299051321690     
   58.190317498150151       0.53199220279676629     
   58.336682608452783       -1.2830116156962642E-002
   58.483184695663745      -0.61738757134928590     
   58.629823457369021       -1.2596575220532995     
   58.776598590340228       -1.9164854146209997     
   58.923509790533508       -2.5644384981660933     
   59.070556753088397       -3.1806524339373898     
   59.217739172326816       -3.7436375061839078     
   59.365056741751772       -4.2340165709420239     
   59.512509154046413       -4.6351729279916283     
   59.660096101072824       -4.9337915657616227     
   59.807817273870981       -5.1202809911534635     
   59.955672362657602       -5.1890652569447182     
   60.103661056825104       -5.1387376681455814     
   60.251783044940431       -4.9720700824466633     
   60.400038014744077       -4.6958755876850731     
   60.548425653148911       -4.3207279015682287     
   60.696945646239094       -3.8605476239076379     
   60.845597679269119       -3.3320724328974562     
   60.994381436662515       -2.7542342183158972     
   61.143296602011006       -2.1474699864397233     
   61.292342858073340       -1.5329947258080485     
   61.441519886774188      -0.93206352934820280     
   61.590827369203126      -0.36524789246591483     
   61.740264985613621       0.14825178078631163     
   61.889832415421893       0.59123801223396477     
   62.039529337205963       0.94907485769224698     
   62.189355428704495        1.2101570363219532     
   62.339310366815852        1.3662746172775149     
   62.489393827596999        1.4128602672634605     
   62.639605486262532        1.3491092790357522     
   62.789945017183591        1.1779672553926452     
   62.940412093886842       0.90598613023090058     
   63.091006389053483       0.54305547868328341     
   63.241727574518215       0.10202192540114358     
   63.392575321268239      -0.40178589015035077     
   63.543549299442226      -0.95110636961656514     
   63.694649178329321       -1.5273463871442663     
   63.845874626368179       -2.1112136239001371     
   63.997225311145897       -2.6833593268535032     
   64.148700899397070       -3.2250122311001110     
   64.300301057002827       -3.7185854153665936     
   64.452025448989801       -4.1482385917081386     
   64.603873739529178       -4.5003789598437711     
   64.755845591935710       -4.7640846856736934     
   64.907940668666754       -4.9314367321121821     
   65.060158631321286       -4.9977474795897932     
   65.212499140639011       -4.9616783633393853     
   65.364961856499264       -4.8252433694888142     
   65.517546437920245       -4.5937001891747604     
   65.670252543057941       -4.2753355529164150     
   65.823079829205227       -3.8811552496517527     
   65.976027952790901       -3.4244922656128951     
   66.129096569378802       -2.9205483053086660     
   66.282285333666835       -2.3858848571447839     
   66.435593899486108       -1.8378802650047179     
   66.589021919799919       -1.2941692953287278     
   66.742569046702926      -0.77208168820886514     
   66.896234931420224      -0.28809621183836620     
   67.050019224306425       0.14267331427974564     
   67.203921574844742       0.50694394737176174     
   67.357941631646128       0.79366641802554883     
   67.512079042448406       0.99435153133483889     
   67.666333454115303        1.1033096045779907     
   67.820704512635686        1.1177958166654012     
   67.975191863122575        1.0380582414408244     
   68.129795149812395       0.86728930219799960     
   68.284514016063966       0.61148503668307874     
   68.439348104357805       0.27921961111507554     
   68.594297056295147      -0.11865517149900409     
   68.749360512597192      -0.56937403878168713     
   68.904538113104152       -1.0586737532016863     
   69.059829496774569       -1.5712469744843618     
   69.215234301684333       -2.0912210398826168     
   69.370752165025934       -2.6026478241040354     
   69.526382723107673       -3.0899905031432238     
   69.682125611352760       -3.5385928705302452     
   69.837980464298568       -3.9351170104083573     
   69.993946915595785       -4.2679357977616954     
   70.150024598007718       -4.5274679981428063     
   70.306213143409337       -4.7064457051176696     
   70.462512182786654       -4.8001063947216558     
   70.618921346235823       -4.8063048029083264     
   70.775440262962420       -4.7255428942833602     
   70.932068561280673       -4.5609191342396809     
   71.088805868612724       -4.3180008957861320     
   71.245651811487747       -4.0046260054275322     
   71.402606015541366       -3.6306411333360531     
   71.559668105514817       -3.2075860175621744     
   71.716837705254250       -2.7483334822247163     
   71.874114437709878       -2.2666959743232944     
   72.031497924935422       -1.7770099773139123     
   72.188987788087317       -1.2937101793952641     
   72.346583647423941      -0.83090563510088411     
   72.504285122304964      -0.40197026691406429     
   72.662091831190708       -1.9159798521408828E-002
   72.820003391641237       0.30673350175032005     
   72.978019420315945       0.56667810329703239     
   73.136139532972649       0.75364405072411478     
   73.294363344467044       0.86278096418368400     
   73.452690468751982       0.89152912668096207     
   73.611120518876788       0.83966196390063352     
   73.769653106986624       0.70926050294376686     
   73.928287844321844       0.50462244719036486     
   74.087024341217372       0.23211025037651076     
   74.245862207101965      -0.10005600297834626     
   74.404801050497753      -0.48205397025755231     
   74.563840479019419      -0.90275483446644578     
   74.722980099373672       -1.3500509250879764     
   74.882219517358678       -1.8112059966807335     
   75.041558337863393       -2.2732184964620559     
   75.200996164866993       -2.7231878050937297     
   75.360532601438237       -3.1486732859008542     
   75.520167249734925       -3.5380360952626138     
   75.679899711003344       -3.8807541523755855     
   75.839729585577601       -4.1677014750485473     
   75.999656472879209       -4.3913842553076954     
   76.159679971416324       -4.5461275265613805     
   76.319799678783411       -4.6282079776815781     
   76.480015191660556       -4.6359302896071632     
   76.640326105812974       -4.5696461929601382     
   76.800732016090492       -4.4317171695456157     
   76.961232516427032       -4.2264232724778603     
   77.121827199840055       -3.9598218787674946     
   77.282515658430029       -3.6395613078040738     
   77.443297483380107       -3.2746551561882193     
   77.604172264955409       -2.8752239458321647     
   77.765139592502692       -2.4522112869136188     
   77.926199054449739       -2.0170822393764642     
   78.087350238304992       -1.5815119157095150     
   78.248592730657137       -1.1570725846650032     
   78.409926117174479      -0.75492757695905111     
   78.571349982604630      -0.38554012186270786     
   78.732863910773986       -5.8404825615249296E-002
   78.894467484587409       0.21819117604030508     
   79.056160286027648       0.43737129034837674     
   79.217941896155054       0.59383181415568331     
   79.379811895107110       0.68395991569955950     
   79.541769862098008       0.70590501483965462     
   79.703815375418287       0.65960274150802367     
   79.865948012434529       0.54675201160787457     
   80.028167349588756       0.37074700771732566     
   80.190472962398303       0.13656695080266168     
   80.352864425455323      -0.14937251494913575     
   80.515341312426443      -0.47940172766086342     
   80.677903196052483      -0.84480797982535538     
   80.840549648148013       -1.2360693346186056     
   81.003280239601139       -1.6431051793640992     
   81.166094540373081       -2.0555371299014800     
   81.328992119497940       -2.4629537303448004     
   81.491972545082291       -2.8551723448388864     
   81.655035384305080       -3.2224917315433923     
   81.818180203417043       -3.5559290431343187     
   81.981406567740720       -3.8474354270412703     
   82.144714041669957       -4.0900850057368485     
   82.308102188669821       -4.2782327917364462     
   82.471570571276203       -4.4076380082929640     
   82.635118751095675       -4.4755503055537904     
   82.798746288805134       -4.4807574372529890     
   82.962452744151761       -4.4235940437840169     
   83.126237675952552       -4.3059122275256101     
   83.290100642094345       -4.1310155665806603     
   83.454041199533464       -3.9035590662697062     
   83.618058904295580       -3.6294182789529197     
   83.782153311475511       -3.3155314279956087     
   83.946323975237078       -2.9697188563103571     
   84.110570448812894       -2.6004844923517183     
   84.274892284504162       -2.2168042974778728     
   84.439289033680723       -1.8279068350062446     
   84.603760246780638       -1.4430511858955346     
   84.768305473310264       -1.0713074262805391     
   84.932924261844036      -0.72134477162937527     
   85.097616160024415      -0.40123227261817179     
   85.262380714561701      -0.11825661319007777     
   85.427217471233959       0.12123889237333470     
   85.592125974887068       0.31199057237198619     
   85.757105769434446       0.44992307664175535     
   85.922156397857037       0.53222834383474771     
   86.087277402203398       0.55741353757851131     
   86.252468323589397       0.52531745066010149     
   86.417728702198445       0.43709568278680855     
   86.583058077281237       0.29517566165718090     
   86.748455987155850       0.10318327392061068     
   86.913921969207735      -0.13415651579103111     
   87.079455559889681      -0.41114216389799468     
   87.245056294721820      -0.72123785463627044     
   87.410723708291627       -1.0572319847675302     
   87.576457334254059       -1.4114079680860341     
   87.742256705331386       -1.7757233569600130     
   87.908121353313518       -2.1419932103208121     
   88.074050809057766       -2.5020736417246372     
   88.240044602489078       -2.8480415544470699     
   88.406102262600143       -3.1723667136267886     
   88.572223317451375       -3.4680725190023582     
   88.738407294171040       -3.7288821277862954     
   88.904653718955387       -3.9493469355504591     
   89.070962117068817       -4.1249548508890435     
   89.237332012843808       -4.2522162903006100     
   89.403762929681307       -4.3287263620497551     
   89.570254390050707       -4.3532022863287576     
   89.736805915490066       -4.3254956958020294     
   89.903417026606249       -4.2465800548997947     
   90.070087243075150       -4.1185140084912302     
   90.236816083641784       -3.9443820020161042     
   90.403603066120667       -3.7282139907090595     
   90.570447707395772       -3.4748864640261292     
   90.737349523420988       -3.1900073461369161     
   90.904308029220132       -2.8797875920632392     
   91.071322738887446       -2.5509024830499185     
   91.238393165587595       -2.2103457379552487     
   91.405518821556043       -1.8652796052939820     
   91.572699218099402       -1.5228840887636608     
   91.739933865595518       -1.1902083929411982     
   91.907222273493900      -0.87402755947797328     
   92.074563950316090      -0.58070710060895170     
   92.241958403655772      -0.31607822806072888     
   92.409405140179288       -8.5326023088548184E-002
   92.576903665625849       0.10710740072747571     
   92.744453484807934       0.25760302364346532     
   92.912054101611687       0.36342698422948821     
   93.079705018997203       0.42277362770854177     
   93.247405738998964       0.43478899935151238     
   93.415155762726215       0.39957466917158740     
   93.582954590363357       0.31817219681064329     
   93.750801721170390       0.19252895354926483     
   93.918696653483252        2.5446399934390868E-002
   94.086638884714432      -0.17948773806194770     
   94.254627911353197      -0.41798165285261318     
   94.422663228966215      -0.68513401100858085     
   94.590744332197929      -0.97553870211842764     
   94.758870714771092       -1.2833974675273103     
   94.927041869487240       -1.6026380166287300     
   95.095257288227216       -1.9270352112584506     
   95.263516461951681       -2.2503329193034931     
   95.431818880701513       -2.5663642019675446     
   95.600164033598617       -2.8691676003411608     
   95.768551408846207       -3.1530974213243597     
   95.936980493729493       -3.4129260871212934     
   96.105450774616259       -3.6439368021953711     
   96.273961736957403       -3.8420050054186441     
   96.442512865287625       -4.0036673092788746     
   96.611103643225846       -4.1261768808390311     
   96.779733553476063       -4.2075444872559240     
   96.948402077827751       -4.2465647085593039     
   97.117108697156752       -4.2428271075830031     
   97.285852891425677       -4.1967124360625707     
   97.454634139684785       -4.1093742408329605     
   97.623451920072540       -3.9827065084440654     
   97.792305709816290       -3.8192982431388387     
   97.961194985233135       -3.6223761064005342     
   98.130119221730368       -3.3957364497759506     
   98.299077893806526       -3.1436682423520081     
   98.468070475051817       -2.8708685267068850     
   98.637096438149115       -2.5823521307048085     
   98.806155254874596       -2.2833574169900293     
   98.975246396098527       -1.9792498686283859     
   99.144369331786095       -1.6754252903236282     
   99.313523530998197       -1.3772143533620762     
   99.482708461892230       -1.0897901322081938     
   99.651923591722948      -0.81808017594791571     
   99.821168386843226      -0.56668453178848854     
   99.990442312705085      -0.33980099456187135     
   100.15974483386030      -0.14115869860569266     
   100.32907541396159        2.6039000631269380E-002
   100.49843351576314       0.15916158596697688     
   100.66781860112184       0.25618779444023504     
   100.83723013099799       0.31573099501973106     
   101.00666756545634       0.33705332542057637     
   101.17613036366694       0.32006857765786356     
   101.34561798390611       0.26533401196262957     
   101.51512988355751       0.17403146321017299     
   101.68466551911298        4.7938280148436367E-002
   101.85422434617364      -0.11061119798189761     
   102.02380581945076      -0.29877277363631138     
   102.19340939276697      -0.51324714716916187     
   102.36303451905708      -0.75034120225172019     
   102.53268065036927       -1.0060346388657786     
   102.70234723786612       -1.2760507100655947     
   102.87203373182564       -1.5559297820233231     
   103.04173958164229       -1.8411044253406565     
   103.21146423582834       -2.1269747587951766     
   103.38120714201462       -2.4089828025237199     
   103.55096774695191       -2.6826846544145555     
   103.72074549651195       -2.9438193784248199     
   103.89053983568861       -3.1883735839857699     
   104.06035020859913       -3.4126407787630741     
   104.23017605848513       -3.6132746900229842     
   104.40001682771394       -3.7873358701797777     
   104.56987195777981       -3.9323310272974008     
   104.73974088930497       -4.0462446497737616     
   104.90962306204108       -4.1275626233424774     
   105.07951791487022       -4.1752876679691671     
   105.24942488580641       -4.1889465489933784     
   105.41934341199665       -4.1685891411288711     
   105.58927292972238       -4.1147795436904255     
   105.75921287440067       -4.0285795597005727     
   105.92916268058552       -3.9115249590194154     
   106.09912178196932       -3.7655950449890931     
   106.26908961138398       -3.5931761339993908     
   106.43906560080252       -3.3970196361878529     
   106.60904918134017       -3.1801954932590299     
   106.77903978325604       -2.9460417814463042     
   106.94903683595425       -2.6981113293173027     
   107.11903976798547       -2.4401162232036895     
   107.28904800704839       -2.1758710836677411     
   107.45906097999105       -1.9092359909620276     
   107.62907811281231       -1.6440599178142921     
   107.79909883066333       -1.3841254946155086     
   107.96912255784906       -1.1330958863914684     
   108.13914871782971      -0.89446450427437307     
   108.30917673322232      -0.67150820822366386     
   108.47920602580214      -0.46724458418152076     
   108.64923601650436      -0.28439379951750465     
   108.81926612542540      -0.12534545732983204     
   108.98929577182471        7.8692155784686243E-003
   109.15932437412629       0.11359959873902364     
   109.32935134992016       0.19059216385177860     
   109.49937611596413       0.23800113863567657     
   109.66939808818532       0.25539335276999714     
   109.83941668168173       0.24274734846209478     
   110.00943131072412       0.20044691256032060     
   110.17944138875748       0.12926925688036589     
   110.34944632840266        3.0368138022886026E-002
   110.51944554145834       -9.4747733012792962E-002
   110.68943843890234      -0.24424058812539190     
   110.85942443089372      -0.41597335643834743     
   111.02940292677431      -0.60754278607304846     
   111.19937333507046      -0.81631541127119767     
   111.36933506349486       -1.0394658178534730     
   111.53928751894840       -1.2740166429320050     
   111.70923010752169       -1.5168797357932777     
   111.87916223449722       -1.7648979060115824     
   112.04908330435090       -2.0148866920793909     
   112.21899272075410       -2.2636755989867443     
   112.38888988657534       -2.5081482758276645     
   112.55877420388224       -2.7452811341654653     
   112.72864507394351       -2.9721799439079661     
   112.89850189723053       -3.1861139849184896     
   113.06834407341967       -3.3845473787691414     
   113.23817100139391       -3.5651672748101428     
   113.40798207924487       -3.7259086171913940     
   113.57777670427483       -3.8649752735309977     
   113.74755427299863       -3.9808573607260120     
   113.91731418114577       -4.0723446579120504     
   114.08705582366221       -4.1385360501099342     
   114.25677859471253       -4.1788449978422015     
   114.42648188768202       -4.1930010773664383     
   114.59616509517856       -4.1810476830668097     
   114.76582760903479       -4.1433360257192744     
   114.93546882031025       -4.0805156023528300     
   115.10508811929326       -3.9935213467761832     
   115.27468489550323       -3.8835577040713694     
   115.44425853769268       -3.7520798994965023     
   115.61380843384951       -3.6007726966048321     
   115.78333397119899       -3.4315269593451219     
   115.95283453620594       -3.2464143487829045     
   116.12230951457708       -3.0476604968266403     
   116.29175829126304       -2.8376170069513718     
   116.46118025046073       -2.6187326354299034     
   116.63057477561544       -2.3935240060210146     
   116.79994124942321       -2.1645462063853018     
   116.96927905383296       -1.9343636063386616     
   117.13858757004893       -1.7055212252254208     
   117.30786617853278       -1.4805169605161910     
   117.47711425900603       -1.2617749701322714     
   117.64633119045237       -1.0516204790182258     
   117.81551635112002      -0.85225625561717322     
   117.98466911852398      -0.66574097678172217     
   118.15378886944849      -0.49396967073735260     
   118.32287497994940      -0.33865639742445441     
   118.49192682535656      -0.20131929437642390     
   118.66094378027626       -8.3268084751099855E-002
   118.82992521859362        1.4405887346507837E-002
   118.99887051347507        9.0837060048648804E-002
   119.16777903737083       0.14539049121210329     
   119.33665016201736       0.17766415470753039     
   119.50548325843990       0.18748874708713148     
   119.67427769695482       0.17492508141247240     
   119.84303284717244       0.14025916815586251     
   120.01174807799929        8.3995103997073842E-002
   120.18042275764081        6.8459079247995356E-003
   120.34905625360398       -9.0277539725106076E-002
   120.51764793269973      -0.20627928582910002     
   120.68619716104564      -0.33989263969175121     
   120.85470330406866      -0.48969586482526634     
   121.02316572650761      -0.65412903030585989     
   121.19158379241581      -0.83151182002541613     
   121.35995686516397       -1.0200620955512889     
   121.52828430744258       -1.2179150077562535     
   121.69656548126484       -1.4231424537449975     
   121.86479974796924       -1.6337726788508333     
   122.03298646822239       -1.8478098284632103     
   122.20112500202170       -2.0632532611478398     
   122.36921470869815       -2.2781164427627534     
   122.53725494691918       -2.4904452510305064     
   122.70524507469126       -2.6983355311071837     
   122.87318444936295       -2.8999497550351774     
   123.04107242762760       -3.0935326513779482     
   123.20890836552618       -3.2774256857023674     
   123.37669161845017       -3.4500802877001089     
   123.54442154114449       -3.6100697364249226     
   123.71209748771027       -3.7560996313404442     
   123.87971881160793       -3.8870168929454012     
   124.04728486565995       -4.0018172534094347     
   124.21479500205386       -4.0996512134435310     
   124.38224857234519       -4.1798284575851028     
   124.54964492746053       -4.2418207351879929     
   124.71698341770043       -4.2852632289043751     
   124.88426339274240       -4.3099544460618855     
   125.05148420164390       -4.3158546809802472     
   125.21864519284553       -4.3030831078341203     
   125.38574571417398       -4.2719135740882113     
   125.55278511284499       -4.2227691737350019     
   125.71976273546674       -4.1562156875595351     
   125.88667792804260       -4.0729539843499030     
   126.05353003597448       -3.9738114828155648     
   126.22031840406588       -3.8597327772771584     
   126.38704237652506       -3.7317695352853706     
   126.55370129696820       -3.5910697751077891     
   126.72029450842265       -3.4388666337691798     
   126.88682135332998       -3.2764667355377477     
   127.05328117354925       -3.1052382700748606     
   127.21967331036043       -2.9265988877014339     
   127.38599710446731       -2.7420035166816832     
   127.55225189600104       -2.5529322041689206     
   127.71843702452327       -2.3608780785257593     
   127.88455182902958       -2.1673355261806830     
   128.05059564795258       -1.9737886711128543     
   128.21656781916533       -1.7817002394458794     
   128.38246767998490       -1.5925008856385323     
   128.54829456717539       -1.4075790502761911     
   128.71404781695148       -1.2282714129210266     
   128.87972676498188       -1.0558539961209441     
   129.04533074639247      -0.89153396984937616     
   129.21085909577013      -0.73644219798612331     
   129.37631114716595      -0.59162656110913947     
   129.54168623409851      -0.45804608235191813     
   129.70698368955775      -0.33656587563417467     
   129.87220284600815      -0.22795292824223826     
   130.03734303539241      -0.13287272255592941     
   130.20240358913489       -5.1886694803226913E-002
   130.36738383814509        1.4549477927365276E-002
   130.53228311282140        6.6086777464072904E-002
   130.69710074305451       0.10248295206179203     
   130.86183605823098       0.12360185803562344     
   131.02648838723692       0.12941206688090140     
   131.19105705846167       0.11998477371126767     
   131.35554139980127        9.5491046798354601E-002
   131.51994073866223        5.6198461403338486E-002
   131.68425440196515        2.4671639726896841E-003
   131.84848171614837       -6.5254584886960662E-002
   132.01262200717193      -0.14643533841776873     
   132.17667460052076      -0.24046581114518670     
   132.34063882120893      -0.34666459334454824     
   132.50451399378318      -0.46428417976511199     
   132.66829944232660      -0.59251725987900472     
   132.83199449046262      -0.73050321736726265     
   132.99559846135861      -0.87733478735139792     
   133.15911067772979       -1.0320648210132370     
   133.32253046184312       -1.1937131086757493     
   133.48585713552094       -1.3612732141048673     
   133.64909002014508       -1.5337192746899577     
   133.81222843666055       -1.7100127244271268     
   133.97527170557944       -1.8891088986444562     
   134.13821914698505       -2.0699634822626871     
   134.30107008053551       -2.2515387656438866     
   134.46382382546790       -2.4328096749695125     
   134.62647970060220       -2.6127695468092313     
   134.78903702434519       -2.7904356194249202     
   134.95149511469447       -2.9648542162626863     
   135.11385328924246       -3.1351056000238531     
   135.27611086518050       -3.3003084786821715     
   135.43826715930277       -3.4596241477729470     
   135.60032148801037       -3.6122602562283119     
   135.76227316731541       -3.7574741859493654     
   135.92412151284515       -3.8945760381770769     
   136.08586583984592       -4.0229312225168181     
   136.24750546318748       -4.1419626472203444     
   136.40903969736695       -4.2511525117972129     
   136.57046785651301       -4.3500437059774519     
   136.73178925439015       -4.4382408206431645     
   136.89300320440270       -4.5154107794578620     
   137.05410901959920       -4.5812831013727777     
   137.21510601267644       -4.6356498063890301     
   137.37599349598375       -4.6783649786237582     
   137.53677078152728       -4.7093440023045732     
   137.69743718097416       -4.7285624876843597     
   137.85799200565702       -4.7360549050698308     
   138.01843456657784       -4.7319129461504383     
   138.17876417441263       -4.7162836326386257     
   138.33898013951568       -4.6893671928587306     
   138.49908177192378       -4.6514147273882429     
   138.65906838136058       -4.6027256851360763     
   138.81893927724101       -4.5436451713743624     
   138.97869376867581       -4.4745611091587323     
   139.13833116447557       -4.3959012758409797     
   139.29785077315537       -4.3081302346225323     
   139.45725190293928       -4.2117461835312247     
   139.61653386176468       -4.1072777402293390     
   139.77569595728664       -3.9952806831417202     
   139.93473749688252       -3.8763346674011907     
   140.09365778765650       -3.7510399337082116     
   140.25245613644401       -3.6200140273264982     
   140.41113184981609       -3.4838885435812315     
   140.56968423408421       -3.3433059152970777     
   140.72811259530468       -3.1989162566835816     
   140.88641623928325       -3.0513742771874930     
   141.04459447157950       -2.9013362778584257     
   141.20264659751186       -2.7494572417626557     
   141.36057192216165       -2.5963880289758592     
   141.51836975037838       -2.4427726856782837     
   141.67603938678363       -2.2892458758615577     
   141.83358013577629       -2.1364304431841661     
   141.99099130153704       -1.9849351093931364     
   142.14827218803305       -1.8353523151621391     
   142.30542209902248       -1.6882562074693914     
   142.46244033805954       -1.5442007776161482     
   142.61932620849893       -1.4037181523828821     
   142.77607901350083       -1.2673170402492442     
   142.93269805603538       -1.1354813336759861     
   143.08918263888768       -1.0086688676210422     
   143.24553206466246      -0.88731033367148460     
   143.40174563578896      -0.77180834843163149     
   143.55782265452558      -0.66253667408669448     
   143.71376242296500      -0.55983958839794223     
   143.86956424303878      -0.46403140076259880     
   144.02522741652226      -0.37539611039556203     
   144.18075124503952      -0.29418720216255267     
   144.33613503006819      -0.22062757512055023     
   144.49137807294440      -0.15490959839139209     
   144.64647967486763       -9.7195288625175694E-002
   144.80143913690586       -4.7616602983059475E-002
   144.95625576000003       -6.2758412985816124E-003
   145.11092884496964        2.6753849138767986E-002
   145.26545769251720        5.1427872917092089E-002
   145.41984160323349        6.7729496804840805E-002
   145.57407987760254        7.5669077961051767E-002
   145.72817181600638        7.5283217023038723E-002
   145.88211671873060        6.6633843036510793E-002
   146.03591388596882        4.9807237149461898E-002
   146.18956261782813        2.4913001911676037E-002
   146.34306221433405       -7.9170170900065874E-003
   146.49641197543548       -4.8529850669973229E-002
   146.64961120101009       -9.6752560132682658E-002
   146.80265919086915      -0.15239341977661586     
   146.95555524476279      -0.21524312178953522     
   147.10829866238518      -0.28507599773281506     
   147.26088874337961      -0.36165125105671159     
   147.41332478734356      -0.44471419533717699     
   147.56560609383416      -0.53399749318309087     
   147.71773196237316      -0.62922239103666699     
   147.86970169245214      -0.73009994534857803     
   148.02151458353785      -0.83633223589249461     
   148.17316993507737      -0.94761356226336357     
   148.32466704650338       -1.0636316198568043     
   148.47600521723942       -1.1840686519259338     
   148.62718374670504       -1.3086025745618264     
   148.77820193432137       -1.4369080717246681     
   148.92905907951612       -1.5686576577001012     
   149.07975448172911       -1.7035227046279962     
   149.23028744041750       -1.8411744329873585     
   149.38065725506110       -1.9812848631790265     
   149.53086322516768       -2.1235277265785921     
   149.68090465027865       -2.2675793346661339     
   149.83078082997397       -2.4131194050726221     
   149.98049106387791       -2.5598318435838237     
   150.13003465166418       -2.7074054813779838     
   150.27941089306171       -2.8555347669519673     
   150.42861908785954       -3.0039204124024517     
   150.57765853591278       -3.1522699939146990     
   150.72652853714777       -3.3002985064812584     
   150.87522839156762       -3.4477288730722515     
   151.02375739925779       -3.5942924084929384     
   151.17211486039125       -3.7397292387858019     
   151.32030007523443       -3.8837886763011404     
   151.46831234415237       -4.0262295517200766     
   151.61615096761449       -4.1668205036729322     
   151.76381524619993       -4.3053402270611940     
   151.91130448060323       -4.4415776812100161     
   152.05861797163979       -4.5753322590729022     
   152.20575502025167       -4.7064139188087344     
   152.35271492751286       -4.8346432791078167     
   152.49949699463502       -4.9598516797254222     
   152.64610052297309       -5.0818812087232939     
   152.79252481403103       -5.2005846979714869     
   152.93876916946724       -5.3158256884948569     
   153.08483289110026       -5.4274783672810969     
   153.23071528091450       -5.5354274771719023     
   153.37641564106585       -5.6395682014874238     
   153.52193327388736       -5.7398060250221574     
   153.66726748189490       -5.8360565730434528     
   153.81241756779301       -5.9282454299297225     
   153.95738283448023       -6.0163079390375183     
   154.10216258505537       -6.1001889853584998     
   154.24675612282283       -6.1798427626690922     
   154.39116275129840       -6.2552325263285722     
   154.53538177421510       -6.3263303336717724     
   154.67941249552891       -6.3931167730624523     
   154.82325421942463       -6.4555806831621130     
   154.96690625032141       -6.5137188637173145     
   155.11036789287888       -6.5675357791530438     
   155.25363845200272       -6.6170432562123667     
   155.39671723285056       -6.6622601768198608     
   155.53960354083767       -6.7032121673030929     
   155.68229668164304       -6.7399312850387609     
   155.82479596121516       -6.7724557035459041     
   155.96710068577758       -6.8008293969842546     
   156.10921016183528       -6.8251018249691819     
   156.25112369617997       -6.8453276185536263     
   156.39284059589662       -6.8615662681783203     
   156.53436016836872       -6.8738818143368112     
   156.67568172128466       -6.8823425416516324     
   156.81680456264334       -6.8870206770107538     
   156.95772800076028       -6.8879920923543647     
   157.09845134427346       -6.8853360126696366     
   157.23897390214935       -6.8791347296947896     
   157.37929498368865       -6.8694733217810633     
   157.51941389853255       -6.8564393803757797     
   157.65932995666856       -6.8401227434010510     
   157.79904246843620       -6.8206152359930172     
   157.93855074453367       -6.7980104187997528     
   158.07785409602312       -6.7724033441410549     
   158.21695183433718       -6.7438903202422535     
   158.35584327128458       -6.7125686837431333     
   158.49452771905655       -6.6785365806316577     
   158.63300449023251       -6.6418927557321830     
   158.77127289778639       -6.6027363508495434     
   158.90933225509235       -6.5611667116377506     
   159.04718187593130       -6.5172832032371861     
   159.18482107449651       -6.4711850346974300     
   159.32224916539991       -6.4229710921879146     
   159.45946546367813       -6.3727397809597290     
   159.59646928479862       -6.3205888760222635     
   159.73325994466566       -6.2666153814596646     
   159.86983675962654       -6.2109153983094130     
   160.00619904647778       -6.1535840009024909     
   160.14234612247080       -6.0947151215486608     
   160.27827730531868       -6.0344014434455095     
   160.41399191320187       -5.9727343016700827     
   160.54948926477431       -5.9098035921071785     
   160.68476867916996       -5.8456976878466458     
   160.81982947600855       -5.7805033652154432     
   160.95467097540183       -5.7143057321141519     
   161.08929249795995       -5.6471881706950935     
   161.22369336479738       -5.5792322817956332     
   161.35787289753935       -5.5105178385761384     
   161.49183041832774       -5.4411227466154539     
   161.62556524982753       -5.3711230107257251     
   161.75907671523285       -5.3005927083542108     
   161.89236413827334       -5.2296039694900696     
   162.02542684322015       -5.1582269629965740     
   162.15826415489232       -5.0865298893458633     
   162.29087539866308       -5.0145789797634821     
   162.42325990046584       -4.9424385018624974     
   162.55541698680062       -4.8701707719044220     
   162.68734598474023       -4.7978361739372364     
   162.81904622193659       -4.7254931861648029     
   162.95051702662693       -4.6531984150683403     
   163.08175772763997       -4.5810066380043954     
   163.21276765440234       -4.5089708552680090     
   163.34354613694484       -4.4371423529694560     
   163.47409250590857       -4.3655707785599986     
   163.60440609255147       -4.2943042314862447     
   163.73448622875421       -4.2233893723772979     
   163.86433224702699       -4.1528715554269890     
   163.99394348051544       -4.0827949904635110     
   164.12331926300712       -4.0132029438196897     
   164.25245892893770       -3.9441379911516052     
   164.38136181339746       -3.8756423407462237     
   164.51002725213749       -3.8077582562716725     
   164.63845458157587       -3.7405286207781701     
   164.76664313880443       -3.6739977094539076     
   164.89459226159448       -3.6082122787233866     
   165.02230128840372       -3.5432231524727760     
   165.14976955838219       -3.4790876220738087     
   165.27699641137889       -3.4158732457103693     
   165.40398118794778       -3.3536642031790467     
   165.53072322935452       -3.2925726867376834     
   165.65722187758257       -3.2327612575418940     
   165.78347647533971       -3.1744926061061483     
   165.90948636606419       -3.1182635026876362     
   166.03525089393136       -3.0653098191295740     
   166.16076940385972       -3.0230134608559731     
   166.28604124151767       -2.9680508544523172     
   166.41106575332950       -2.9041113215726329     
   166.53584228648219       -2.8411186196138027     
   166.66037018893135       -2.7790783307538378     
   166.78464880940788       -2.7179949229579266     
   166.90867749742432       -2.6578717962169498     
   167.03245560328111       -2.5987113280576399     
   167.15598247807318       -2.5405149182827791     
   167.27925747369616       -2.4832830329039539     
   167.40227994285289       -2.4270152472294559     
   167.52504923905980       -2.3717102880769061     
   167.64756471665322       -2.3173660750868472     
   167.76982573079587       -2.2639797611468762     
   167.89183163748328       -2.2115477716796530     
   168.01358179355012       -2.1600658433906830     
   168.13507555667670       -2.1095290615348872     
   168.25631228539513       -2.0599318965302471     
   168.37729133909616       -2.0112682394586665     
   168.49801207803523       -1.9635314365792527     
   168.61847386333892       -1.9167143228311589     
   168.73867605701165       -1.8708092543300914     
   168.85861802194162       -1.8258081398551413     
   168.97829912190770       -1.7817024713294376     
   169.09771872158544       -1.7384833532989381     
   169.21687618655386       -1.6961415314152444     
   169.33577088330159       -1.6546674199309541     
   169.45440217923326       -1.6140511282151710     
   169.57276944267622       -1.5742824863010343     
   169.69087204288667       -1.5353510694778840     
   169.80870935005612       -1.4972462219373865     
   169.92628073531796       -1.4599570794932506     
   170.04358557075363       -1.4234725913849389     
   170.16062322939933       -1.3877815411838450     
   170.27739308525219       -1.3528725668172499     
   170.39389451327668       -1.3187341797297008     
   170.51012688941131       -1.2853547831967818     
   170.62608959057468       -1.2527226898132549     
   170.74178199467212       -1.2208261381713617     
   170.85720348060210       -1.1896533087523560     
   170.97235342826235       -1.1591923390472743     
   171.08723121855678       -1.1294313379301293     
   171.20183623340137       -1.1003583993029771     
   171.31616785573090       -1.0719616150310789     
   171.43022546950527       -1.0442290872180255     
   171.54400845971588       -1.0171489396557618     
   171.65751621239198      -0.99070932902876874     
   171.77074811460713      -0.96489845494735749     
   171.88370355448569      -0.93970456979302408     
   171.99638192120892      -0.91511598780586034     
   172.10878260502170      -0.89112109363730374     
   172.22090499723882      -0.86770835035626448     
   172.33274849025116      -0.84486630692898756     
   172.44431247753241      -0.82258360519277474     
   172.55559635364517      -0.80084898634102619     
   172.66659951424742      -0.77965129693938406     
   172.77732135609904      -0.75897949449097779     
   172.88776127706785      -0.73882265256864710     
   172.99791867613635      -0.71916996553222512     
   173.10779295340788      -0.70001075284752234     
   173.21738351011291      -0.68133446302416933     
   173.32668974861562      -0.66313067718906982     
   173.43571107242013      -0.64538911231051233     
   173.54444688617673      -0.62809962409047948     
   173.65289659568850      -0.61125220953766668     
   173.76105960791733      -0.59483700923847860     
   173.86893533099064      -0.57884430933946851     
   173.97652317420736      -0.56326454325440589     
   174.08382254804434      -0.54808829311064311     
   174.19083286416293      -0.53330629094783533     
   174.29755353541501      -0.51890941968038196     
   174.40398397584923      -0.50488871383810774     
   174.51012360071778      -0.49123536009477620     
   174.61597182648219      -0.47794069759739316     
   174.72152807081994      -0.46499621810733338     
   174.82679175263064      -0.45239356596296132     
   174.93176229204221      -0.44012453787538242     
   175.03643911041749      -0.42818108256632970     
   175.14082163036016      -0.41655530025784426     
   175.24490927572123      -0.40523944201483098     
   175.34870147160518      -0.39422590900810706     
   175.45219764437633      -0.38350725153633008     
   175.55539722166506      -0.37307616808532662     
   175.65829963237397      -0.36292550417631064     
   175.76090430668418      -0.35304825115516608     
   175.86321067606178      -0.34343754488566880     
   175.96521817326357      -0.33408666435883622     
   176.06692623234363      -0.32498903022519038     
   176.16833428865959      -0.31613820325613856     
   176.26944177887862      -0.30752788274093945     
   176.37024814098376      -0.29915190482444870     
   176.47075281427999      -0.29100424079156395     
   176.57095523940052      -0.28307899530333397     
   176.67085485831316      -0.27537040459004103     
   176.77045111432585      -0.26787283460573635     
   176.86974345209367      -0.26058077914879529     
   176.96873131762430      -0.25348885795288612     
   177.06741415828463      -0.24659181475250125     
   177.16579142280648      -0.23988451532648031     
   177.26386256129317      -0.23336194552378378     
   177.36162702522529      -0.22701920927456470     
   177.45908426746703      -0.22085152658987564     
   177.55623374227213      -0.21485423155330124     
   177.65307490529008      -0.20902277030700017     
   177.74960721357226      -0.20335269903556563     
   177.84583012557775      -0.19783968194957921     
   177.94174310117981      -0.19247948927154690     
   178.03734560167152      -0.18726799522689414     
   178.13263708977203      -0.18220117604133979     
   178.22761702963274      -0.17727510794727561     
   178.32228488684316      -0.17248596520082313     
   178.41664012843674      -0.16783001811110373     
   178.51068222289737      -0.16330363108366114     
   178.60441064016493      -0.15890326067912305     
   178.69782485164154      -0.15462545368881955     
   178.79092433019733      -0.15046684522847481     
   178.88370855017683      -0.14642415685108631     
   178.97617698740436      -0.14249419468003341     
   179.06832911919031      -0.13867384756373677     
   179.16016442433707      -0.13496008525046399     
   179.25168238314504      -0.13134995659548709     
   179.34288247741821      -0.12784058777058166     
   179.43376419047041      -0.12442918052412608     
   179.52432700713103      -0.12111301044792051     
   179.61457041375098      -0.11788942527595009     
   179.70449389820857      -0.11475584320813755     
   179.79409694991514      -0.11170975126001151     
   179.88337905982138      -0.10874870363920679     
   179.97233972042272      -0.10587032014857826     
   180.06097842576531      -0.10307228461624457     
   180.14929467145191      -0.10035234335291432     
   180.23728795464763       -9.7708303636410088E-002
   180.32495777408570       -9.5138032223489849E-002
   180.41230363007324       -9.2639453889143838E-002
   180.49932502449707       -9.0210549993199052E-002
   180.58602146082947       -8.7849357074202383E-002
   180.67239244413383       -8.5553965470731019E-002
   180.75843748107053       -8.3322517969610502E-002
   180.84415607990238       -8.1153208481429456E-002
   180.92954775050066       -7.9044280742721837E-002
   181.01461200435054       -7.6994027044906141E-002
   181.09934835455689       -7.5000786989738652E-002
   181.18375631584996       -7.3062946270953208E-002
   181.26783540459087       -7.1178935481976929E-002
   181.35158513877735       -6.9347228949391271E-002
   181.43500503804938       -6.7566343591822564E-002
   181.51809462369482       -6.5834837804064142E-002
   181.60085341865479       -6.4151310366086053E-002
   181.68328094752951       -6.2514399376522894E-002
   181.76537673658379       -6.0922781210513990E-002
   181.84714031375233       -5.9375169501387923E-002
   181.92857120864571       -5.7870314145862363E-002
   182.00966895255547       -5.6407000332541882E-002
   182.09043307845982       -5.4984047593171527E-002
   182.17086312102921       -5.3600308876449648E-002
   182.25095861663161       -5.2254669643882860E-002
   182.33071910333800       -5.0946046987474090E-002
   182.41014412092801       -4.9673388768683754E-002
   182.48923321089507       -4.8435672778496162E-002
   182.56798591645205       -4.7231905917987080E-002
   182.64640178253649       -4.6061123399247429E-002
   182.72448035581604       -4.4922387966065278E-002
   182.80222118469393       -4.3814789134171035E-002
   182.87962381931413       -4.2737442450576736E-002
   182.95668781156672       -4.1689488771568806E-002
   183.03341271509345       -4.0670093559132446E-002
   183.10979808529260       -3.9678446195433793E-002
   183.18584347932475       -3.8713759315682952E-002
   183.26154845611762       -3.7775268152618315E-002
   183.33691257637153       -3.6862229912086417E-002
   183.41193540256469       -3.5973923146444674E-002
   183.48661649895831       -3.5109647157881299E-002
   183.56095543160171       -3.4268721412202670E-002
   183.63495176833780       -3.3450484968815655E-002
   183.70860507880781       -3.2654295926042388E-002
   183.78191493445689       -3.1879530881019941E-002
   183.85488090853895       -3.1125584404115812E-002
   183.92750257612190       -3.0391868527417494E-002
   183.99977951409247       -2.9677812247051683E-002
   184.07171130116191       -2.8982861038890109E-002
   184.14329751787028       -2.8306476387424687E-002
   184.21453774659204       -2.7648135327464685E-002
   184.28543157154090       -2.7007329998335324E-002
   184.35597857877468       -2.6383567210303008E-002
   184.42617835620055       -2.5776368022908877E-002
   184.49603049357984       -2.5185267334911648E-002
   184.56553458253302       -2.4609813485609068E-002
   184.63469021654456       -2.4049567867154113E-002
   184.70349699096801       -2.3504104547692053E-002
   184.77195450303077       -2.2973009904994707E-002
   184.84006235183898       -2.2455882270320037E-002
   184.90782013838231       -2.1952331582271008E-002
   184.97522746553886       -2.1461979050367827E-002
   185.04228393808015       -2.0984456828084301E-002
   185.10898916267544       -2.0519407695146038E-002
   185.17534274789719       -2.0066484748768619E-002
   185.24134430422501       -1.9625351103692651E-002
   185.30699344405107       -1.9195679600713417E-002
   185.37228978168451       -1.8777152523523546E-002
   185.43723293335611       -1.8369461323630123E-002
   185.50182251722325       -1.7972306353125942E-002
   185.56605815337397       -1.7585396605119551E-002
   185.62993946383230       -1.7208449461620669E-002
   185.69346607256259       -1.6841190448650678E-002
   185.75663760547383       -1.6483352998432066E-002
   185.81945369042461       -1.6134678218394340E-002
   185.88191395722754       -1.5794914666887167E-002
   185.94401803765371       -1.5463818135368252E-002
   186.00576556543731       -1.5141151436899012E-002
   186.06715617628006       -1.4826684200769609E-002
   186.12818950785567       -1.4520192673107377E-002
   186.18886519981436       -1.4221459523272527E-002
   186.24918289378704       -1.3930273655879986E-002
   186.30914223339013       -1.3646430028341901E-002
   186.36874286422963       -1.3369729473689067E-002
   186.42798443390552       -1.3099978528605925E-002
   186.48686659201616       -1.2836989266481386E-002
   186.54538899016259       -1.2580579135355562E-002
   186.60355128195286       -1.2330570800609501E-002
   186.66135312300625       -1.2086791992282761E-002
   186.71879417095744       -1.1849075356873450E-002
   186.77587408546097       -1.1617258313481767E-002
   186.83259252819519       -1.1391182914202325E-002
   186.88894916286665       -1.1170695708629710E-002
   186.94494365521408       -1.0955647612339883E-002
   187.00057567301269       -1.0745893779262893E-002
   187.05584488607818       -1.0541293477823713E-002
   187.11075096627090       -1.0341709970732601E-002
   187.16529358749978       -1.0147010398337012E-002
   187.21947242572659       -9.9570656654077699E-003
   187.27328715896977       -9.7717503313001150E-003
   187.32673746730853       -9.5909425034186833E-003
   187.37982303288680       -9.4145237332214100E-003
   187.43254353991725       -9.2423789171826864E-003
   187.48489867468504       -9.0743961977938110E-003
   187.53688812555194       -8.9104668700014725E-003
   187.58851158296002       -8.7504852892366942E-003
   187.63976873943571       -8.5943487824281066E-003
   187.69065928959338       -8.4419575616655907E-003
   187.74118293013947       -8.2932146403944321E-003
   187.79133935987591       -8.1480257521220033E-003
   187.84112827970415       -8.0062992715276369E-003
   187.89054939262886       -7.8679461379218517E-003
   187.93960240376151       -7.7328797809799151E-003
   187.98828702032432       -7.6010160486717996E-003
   188.03660295165346       -7.4722731373484431E-003
   188.08454990920316       -7.3465715238989109E-003
   188.13212760654918       -7.2238338999247023E-003
   188.17933575939225       -7.1039851078674218E-003
   188.22617408556184       -6.9869520790445767E-003
   188.27264230501956       -6.8726637735177388E-003
   188.31874013986274       -6.7610511217566192E-003
   188.36446731432778       -6.6520469680309609E-003
   188.40982355479397       -6.5455860154858686E-003
   188.45480858978650       -6.4416047728530386E-003
   188.49942214998009       -6.3400415027492227E-003
   188.54366396820251       -6.2408361714959108E-003
   188.58753377943756       -6.1439304004544089E-003
   188.63103132082881       -6.0492674187802697E-003
   188.67415633168264       -5.9567920176073806E-003
   188.71690855347168       -5.8664505055701002E-003
   188.75928772983795       -5.7781906656647255E-003
   188.80129360659623       -5.6919617133800362E-003
   188.84292593173708       -5.6077142560800701E-003
   188.88418445543033       -5.5254002535844544E-003
   188.92506893002775       -5.4449729799233232E-003
   188.96557911006681       -5.3663869862313847E-003
   189.00571475227312       -5.2895980647346894E-003
   189.04547561556404       -5.2145632138115936E-003
   189.08486146105147       -5.1412406040898329E-003
   189.12387205204482       -5.0695895455460192E-003
   189.16250715405425       -4.9995704555839742E-003
   189.20076653479342       -4.9311448280584371E-003
   189.23864996418260       -4.8642752032174224E-003
   189.27615721435129       -4.7989251385354044E-003
   189.31328805964156       -4.7350591804074440E-003
   189.35004227661057       -4.6726428366924864E-003
   189.38641964403345       -4.6116425500552583E-003
   189.42241994290623       -4.5520256721102671E-003
   189.45804295644859       -4.4937604383252462E-003
   189.49328847010653       -4.4368159436724642E-003
   189.52815627155510       -4.3811621189941002E-003
   189.56264615070131       -4.3267697080776983E-003
   189.59675789968642       -4.2736102454000446E-003
   189.63049131288898       -4.2216560345367405E-003
   189.66384618692720       -4.1708801272137188E-003
   189.69682232066168       -4.1212563029683312E-003
   189.72941951519775       -4.0727590494241675E-003
   189.76163757388832       -4.0253635431463063E-003
   189.79347630233619       -3.9790456310608898E-003
   189.82493550839644       -3.9337818124323262E-003
   189.85601500217919       -3.8895492213649862E-003
   189.88671459605169       -3.8463256098353205E-003
   189.91703410464086       -3.8040893312174346E-003
   189.94697334483587       -3.7628193243056910E-003
   189.97653213578991       -3.7224950978030475E-003
   190.00571029892316       -3.6830967152799809E-003
   190.03450765792462       -3.6446047805740213E-003
   190.06292403875460       -3.6070004236243985E-003
   190.09095926964670       -3.5702652867333649E-003
   190.11861318111036       -3.5343815112285392E-003
   190.14588560593268       -3.4993317245315772E-003
   190.17277637918082       -3.4650990276074399E-003
   190.19928533820379       -3.4316669827939212E-003
   190.22541232263504       -3.3990196019884093E-003
   190.25115717439405       -3.3671413351946495E-003
   190.27651973768849       -3.3360170594135511E-003
   190.30149985901639       -3.3056320678635717E-003
   190.32609738716775       -3.2759720595303510E-003
   190.35031217322688       -3.2470231290274219E-003
   190.37414407057415       -3.2187717567706197E-003
   190.39759293488760       -3.1912047994430517E-003
   190.42065862414529       -3.1643094807520230E-003
   190.44334099862678       -3.1380733824721988E-003
   190.46563992091492       -3.1124844357534962E-003
   190.48755525589783       -3.0875309127073778E-003
   190.50908687077049       -3.0632014182397386E-003
   190.53023463503635       -3.0394848821428096E-003
   190.55099842050933       -3.0163705514327259E-003
   190.57137810131508       -2.9938479829217861E-003
   190.59137355389282       -2.9719070360240863E-003
   190.61098465699689       -2.9505378657876179E-003
   190.63021129169837       -2.9297309161453976E-003
   190.64905334138646       -2.9094769133823097E-003
   190.66751069177008       -2.8897668598070175E-003
   190.68558323087925       -2.8705920276289412E-003
   190.70327084906677       -2.8519439530343719E-003
   190.72057343900940       -2.8338144304516895E-003
   190.73749089570921       -2.8161955070061732E-003
   190.75402311649509       -2.7990794771588761E-003
   190.77017000102398       -2.7824588775216723E-003
   190.78593145128229       -2.7663264818466888E-003
   190.80130737158694       -2.7506752961897795E-003
   190.81629766858671       -2.7354985542295510E-003
   190.83090225126352       -2.7207897127612870E-003
   190.84512103093348       -2.7065424473376102E-003
   190.85895392124806       -2.6927506480678154E-003
   190.87240083819529       -2.6794084155707639E-003
   190.88546170010056       -2.6665100570674631E-003
   190.89813642762809       -2.6540500826246279E-003
   190.91042494378166       -2.6420232015362645E-003
   190.92232717390553       -2.6304243188409785E-003
   190.93384304568579       -2.6192485319783995E-003
   190.94497248915087       -2.6084911275732776E-003
   190.95571543667245       -2.5981475783512895E-003
   190.96607182296671       -2.5882135401815404E-003
   190.97604158509475       -2.5786848492426427E-003
   190.98562466246352       -2.5695575193096769E-003
   190.99482099682652       -2.5608277391626455E-003
   191.00363053228460       -2.5524918701117054E-003
   191.01205321528658       -2.5445464436378794E-003
   191.02008899462979       -2.5369881591461589E-003
   191.02773782146065       -2.5298138818300917E-003
   191.03499964927522       -2.5230206406501618E-003
   191.04187443391930       -2.5166056264125051E-003
   191.04836213358914       -2.5105661899646622E-003
   191.05446270883093       -2.5048998404846169E-003
   191.06017612254098       -2.4996042438842768E-003
   191.06550233996478       -2.4946772213093158E-003
   191.07044132869578       -2.4901167477411434E-003
   191.07499305867265       -2.4859209507032743E-003
   191.07915750217450       -2.4820881090650893E-003
   191.08293463381207       -2.4786166519474538E-003
   191.08632443051030       -2.4755051577365580E-003
   191.08932687147330       -2.4727523532030206E-003
   191.09194193810728       -2.4703571127606930E-003
   191.09416961383286       -2.4683184579197548E-003
   191.09600988356473       -2.4666355571358566E-003
   191.09746273196549       -2.4653077268735881E-003
   191.09852813565831       -2.4643344382764619E-003
   191.09920600579437       -2.4637153692613338E-003

