 # Molecular potential
 # R (nm)   Energy shift (MHz)
   1.4614710570420118E-004   0.0000000000000000     
   4.8992969126114279E-004   0.0000000000000000     
   1.0302525030863661E-003   0.0000000000000000     
   1.7670733571221108E-003   0.0000000000000000     
   2.7003843190379589E-003   0.0000000000000000     
   3.8301825771818242E-003   0.0000000000000000     
   5.1564664931816597E-003   0.0000000000000000     
   6.6792347163789094E-003   0.0000000000000000     
   8.3984859196241414E-003   0.0000000000000000     
   1.0314218704127057E-002   0.0000000000000000     
   1.2426431560117107E-002   0.0000000000000000     
   1.4735122848911949E-002   0.0000000000000000     
   1.7240290793933809E-002   0.0000000000000000     
   1.9941933476018379E-002   0.0000000000000000     
   2.2840048830684880E-002   0.0000000000000000     
   2.5934634646635705E-002   0.0000000000000000     
   2.9225688564732375E-002   0.0000000000000000     
   3.2713208077376148E-002   0.0000000000000000     
   3.6397190528121022E-002   0.0000000000000000     
   4.0277633111325595E-002   0.0000000000000000     
   4.4354532871987130E-002   0.0000000000000000     
   4.8627886705542654E-002   0.0000000000000000     
   5.3097691357723242E-002   0.0000000000000000     
   5.7763943424490025E-002   0.0000000000000000     
   6.2626639351880009E-002   0.0000000000000000     
   6.7685775435955081E-002   0.0000000000000000     
   7.2941347822689420E-002   0.0000000000000000     
   7.8393352507903011E-002   0.0000000000000000     
   8.4041785337197750E-002   0.0000000000000000     
   8.9886642005825135E-002   0.0000000000000000     
   9.5927918058678424E-002   0.0000000000000000     
  0.10216560889015892        0.0000000000000000     
  0.10859970974411673        0.0000000000000000     
  0.11523021571377288        0.0000000000000000     
  0.12205712174162303        0.0000000000000000     
  0.12908042261937258        0.0000000000000000     
  0.13630011298781733        0.0000000000000000     
  0.14371618733678479        0.0000000000000000     
  0.15132864000503482        0.0000000000000000     
  0.15913746518015637        0.0000000000000000     
  0.16714265689847424        0.0000000000000000     
  0.17534420904497308        0.0000000000000000     
  0.18374211535315263        0.0000000000000000     
  0.19233636940497917        0.0000000000000000     
  0.20112696463073898        0.0000000000000000     
  0.21011389430893876        0.0000000000000000     
  0.21929715156622226        0.0000000000000000     
  0.22867672937721878        0.0000000000000000     
  0.23825262056445884        0.0000000000000000     
  0.24802481779824972        0.0000000000000000     
  0.25799331359654726        0.0000000000000000     
  0.26815810032484388        0.0000000000000000     
  0.27851917019603206        0.0000000000000000     
  0.28907651527030559        0.0000000000000000     
  0.29983012745499971        0.0000000000000000     
  0.31077999850446297        0.0000000000000000     
  0.32192612001995313        0.0000000000000000     
  0.33326848344946425        0.0000000000000000     
  0.34480708008761468        0.0000000000000000     
  0.35654190107548694        0.0000000000000000     
  0.36847293740049308        0.0000000000000000     
  0.38060017989623429        0.0000000000000000     
  0.39292361924234365        0.0000000000000000     
  0.40544324596433740        0.0000000000000000     
  0.41815905043346346        0.0000000000000000     
  0.43107102286654408        0.0000000000000000     
  0.44417915332581587        0.0000000000000000     
  0.45748343171877848        0.0000000000000000     
  0.47098384779801877        0.0000000000000000     
  0.48468039116105127        0.0000000000000000     
  0.49857305125015472        0.0000000000000000     
  0.51266181735219063        0.0000000000000000     
  0.52694667859845223        0.0000000000000000     
  0.54142762396445332        0.0000000000000000     
  0.55610464226978240        0.0000000000000000     
  0.57097772217791276        0.0000000000000000     
  0.58604685219601915        0.0000000000000000     
  0.60131202067479250        0.0000000000000000     
  0.61677321580825006        0.0000000000000000     
  0.63243042563354757        0.0000000000000000     
  0.64828363803078826        0.0000000000000000     
  0.66433284072282628        0.0000000000000000     
  0.68057802127507583        0.0000000000000000     
  0.69701916709530432        0.0000000000000000     
  0.71365626543342608        0.0000000000000000     
  0.73048930338131712        0.0000000000000000     
  0.74751826787257047        0.0000000000000000     
  0.76474314568234569        0.0000000000000000     
  0.78216392342709440        0.0000000000000000     
  0.79978058756438708        0.0000000000000000     
  0.81759312439267950        0.0000000000000000     
  0.83560152005111088        0.0000000000000000     
  0.85380576051923929        0.0000000000000000     
  0.87220583161688192        0.0000000000000000     
  0.89080171900382799        0.0000000000000000     
  0.90959340817964784        0.0000000000000000     
  0.92858088448345633        0.0000000000000000     
  0.94776413309366236        0.0000000000000000     
  0.96714313902773830        0.0000000000000000     
  0.98671788714199693        0.0000000000000000     
   5.5559425554590742        492.06020140459560     
   5.6024994067142346        430.34159551366787     
   5.6492481370674472        380.41708651045627     
   5.6961887050982689        343.91769700483161     
   5.7433210691665000        321.57245655932502     
   5.7906451874116049        313.27046216174944     
   5.8381610177520988        318.13305663427843     
   5.8858685178849912        334.63898845584924     
   5.9337676452851564        360.64463101094651     
   5.9818583572047768        393.80989777008023     
   6.0301406106727065        431.30271273698747     
   6.0786143624939131        470.60249230139749     
   6.6244519441102110        489.81758952894427     
   6.6752202246262273        446.02363542388997     
   6.7261794213072301        400.01194007563686     
   6.7773294877591814        354.20611021230059     
   6.8286703773548449        310.67181079679983     
   6.8802020432331839        271.46999340974889     
   6.9319244382986733        238.23688304778040     
   6.9838375152206869        212.22249758501283     
   7.0359412264328629        194.23211058098337     
   7.0882355241324122        184.52447549580586     
   7.1407203602795208        182.93376183530884     
   7.1933956865966762        188.84434478693947     
   7.2462614545679855        201.24229693829307     
   7.2993176154385768        218.94201895509943     
   7.3525641202138905        240.38182355148118     
   7.4060009196590526        264.13204024725138     
   7.4596279642981633        288.45793867901597     
   7.5134452044137028        311.92427851782162     
   7.5674525900457938        332.99782441007608     
   7.6216500709915840        350.39586479854830     
   7.6760375968045249        363.10515226830535     
   7.7306151167937411        370.15725561798263     
   7.7853825800233230        371.25568639249764     
   7.8403399353116585        365.96436260215864     
   7.8954871312307562        354.71442758865680     
   7.9508241161055402        337.80650999611896     
   8.0063508380131942        316.21912947898699     
   8.0620672447824457        291.00854732473823     
   8.1179732839928711        263.41665344050637     
   8.1740689029742306        234.96711487214657     
   8.2303540488057578        206.89861599515407     
   8.2868286683154508        180.69650946616579     
   8.3434927080793759        157.39659214970706     
   8.4003461144209783        138.00413367851701     
   8.4573888334103557        123.18463481896860     
   8.5146208108635744        113.31554149594142     
   8.5720419923419158        108.55427141665123     
   8.6296523231512410        108.74997346256640     
   8.6874517483411893        113.53728962235063     
   8.7454402127045032        122.35315391965729     
   8.8036176607763377        134.46891469592475     
   8.8619840368334728        148.96062978956695     
   8.9205392848936391        164.93443684863044     
   8.9792833487147679        181.25930080865990     
   9.0382161717942768        196.95772326743233     
   9.0973376973683422        211.02632184263535     
   9.1566478684111310        222.48490135215533     
   9.2161466276341191        230.72686744092513     
   9.2758339174852917        235.07207409683789     
   9.3357096801484705        235.30515098843534     
   9.3957738575425243        231.39987605161710     
   9.4560263913206235        223.45988185211630     
   9.5164672228695117        212.06988771225977     
   9.5770962933087738        197.73533043777078     
   9.6379135434900256        181.24458330773254     
   9.6989189139962235        163.48776457737534     
   9.7601123451408842        145.21281799780812     
   9.8214937769672854        127.35252884610043     
   9.8830631492477874        110.64393313022713     
   9.9448204014829980        95.753347698732611     
   10.006765472901041        83.321141033946631     
   10.068898302456782        73.752170743634878     
   10.131218828831065        67.380661607271577     
   10.193726990429930        64.365472518688094     
   10.256422725383835        64.686366509396066     
   10.319305971546902        68.157481539177269     
   10.382376666496105        74.417415120276871     
   10.445634747530523        82.979073722395569     
   10.509080151670538        93.169443463544539     
   10.572712815657042        104.30382520192018     
   10.636532675950662        115.64910193579925     
   10.700539668730991        126.41913159949478     
   10.764733729895735        136.02121473425717     
   10.829114795059978        143.87533557038597     
   10.893682799555352        149.50118486855564     
   10.958437678429259        152.69137334964620     
   11.023379366444056        153.23639933560565     
   11.088507798076250        151.09098656047161     
   11.153822907515687        146.43678310807880     
   11.219324628664776        139.41613710797009     
   11.285012895137644        130.34673367525806     
   11.350887640259335        119.70119680336711     
   11.416948797064993        107.89980101069733     
   11.483196298299067        95.507569852196298     
   11.549630076414457        83.152214756569791     
   11.616250063571707        71.368241327497600     
   11.683056191638196        60.726181983864386     
   11.750048392187281        51.730380356713439     
   11.817226596497509        44.726525451123337     
   11.884590735551759        39.977214201570220     
   11.952140740036411        37.601590142628815     
   12.019876540340521        37.569861456572859     
   12.087798066554980        39.744427028734428     
   12.155905248471676        43.868234289443038     
   12.224198015582655        49.624550119881420     
   12.292676297079263        56.627673003958350     
   12.361340021851330        64.417834429903152     
   12.430189118486286        72.558886059625877     
   12.499223515268364        80.588051077722938     
   12.568443140177662        87.998022402319847     
   12.637847920889389        94.377103175980949     
   12.707437784772944        99.361240320168847     
   12.777212658891070        102.59298487814210     
   12.847172469998998        103.88308488861416     
   12.917317144543601        103.17909306795046     
   12.987646608662480        100.46875812175870     
   13.058160788183173        95.902868095790581     
   13.128859608622198        89.778080584841163     
   13.199742995184261        82.391427599505136     
   13.270810872761325        74.101628053634386     
   13.342063165931764        65.349566122900882     
   13.413499798959482        56.528599540442535     
   13.485120695793032        48.001790277641021     
   13.556925780064724        40.156405681134395     
   13.628914975089744        33.325155959574190     
   13.701088203865288        27.768283132590533     
   13.773445389069638        23.713799806926900     
   13.845986453061309        21.315539779069489     
   13.918711317878129        20.627478676044479     
   13.991619905236362        21.620737194546898     
   14.064712136529796        24.166319037328368     
   14.137987932828858        28.047017512948656     
   14.211447214879698        32.992475341882489     
   14.285089903103309        38.669509863070942     
   14.358915917594588        44.712075047004930     
   14.432925178121469        50.785546205743408     
   14.507117604123982        56.566168478235710     
   14.581493114713355        61.724811226701057     
   14.656051628671110        65.995992255073460     
   14.730793064448109        69.182106052837909     
   14.805717340163694        71.093123692433295     
   14.880824373604717        71.588344698589651     
   14.956114082224660        70.639389025398472     
   15.031586383142660        68.281838208447425     
   15.107241193142650        64.590974109593645     
   15.183078428672360        59.745278506564418     
   15.259098005842443        54.017414804351979     
   15.335299840425511        47.695345455447246     
   15.411683847855235        41.079225137707624     
   15.488249943225350        34.503266174032319     
   15.564998041288796        28.283940557264771     
   15.641928056456701        22.679000787673456     
   15.719039902797491        17.911611858989897     
   15.796333494035924        14.174631985172425     
   15.873808743552155        11.601745703068216     
   15.951465564380790        10.268527705056156     
   16.029303869209905        10.202948719823096     
   16.107323570380135        11.369941510341016     
   16.185524579883701        13.667309650709678     
   16.263906809363466        16.939758854086865     
   16.342470170111941        20.975847029094901     
   16.421214573070380        25.513073416714562     
   16.500139928827782        30.277950763288199     
   16.579246147619930        35.009655361855501     
   16.658533139328426        39.449033619387428     
   16.738000813479751        43.353427533897658     
   16.817649079244248        46.535563510225558     
   16.897477845435194        48.857636398297601     
   16.977487020507802        50.198758094806514     
   17.057676512558260        50.469772910041101     
   17.138046229322725        49.649944331929824     
   17.218596078176382        47.776279690754812     
   17.299325966132454        44.917235365100524     
   17.380235799841184        41.190744614842764     
   17.461325485588901        36.786864749948329     
   17.542594929297003        31.939281887451493     
   17.624044036520971        26.884780127645445     
   17.705672712449388        21.860033136932891     
   17.787480861902935        17.104186002661290     
   17.869468389333399        12.833264704901177     
   17.951635198822707        9.2182694455489553     
   18.033981194081864        6.3927374784196873     
   18.116506278450018        4.4611597985335045     
   18.199210354893431        3.4887433193468800     
   18.282093326004446        3.4937771079186226     
   18.365155094000549        4.4513360829151551     
   18.448395560723313        6.2905581469979017     
   18.531814627637381        8.8881048087056822     
   18.615412195829489        12.078458209175283     
   18.699188166007453        15.673844475331018     
   18.783142438499112        19.471810539425746     
   18.867274913251361        23.259630486033483     
   18.951585489829085        26.835222681094233     
   19.036074067414212        30.028218501085746     
   19.120740544804594        32.695246775164399     
   19.205584820413069        34.705528395271052     
   19.290606792266392        35.948929913104230     
   19.375806358004212        36.357378552926022     
   19.461183414878050        35.907653646154124     
   19.546737859750269        34.609426046125044     
   19.632469589093045        32.508543393670323     
   19.718378498987313        29.703946759089682     
   19.804464485121763        26.346167641184120     
   19.890727442791786        22.611003120355452     
   19.977167266898409        18.677470449917585     
   20.063783851947303        14.725223062708992     
   20.150577092047708        10.933446972160681     
   20.237546880911406        7.4677420234904988     
   20.324693111851655        4.4682249568439723     
   20.412015677782154        2.0510916949527842     
   20.499514471215988       0.31269107174661187     
   20.587189384264594      -0.67733004805186559     
   20.675040308636689      -0.88740036915387599     
   20.763067135637218      -0.32746472978627045     
   20.851269756166307       0.95352974555723868     
   20.939648060718181        2.8687524574246082     
   21.028201939380150        5.2973256583479396     
   21.116931281831508        8.0976377281574461     
   21.205835977342488        11.122766894397754     
   21.294915914773171        14.225383097073529     
   21.384170982572478        17.254816900446318     
   21.473601068777029        20.060126507865053     
   21.563206061010149        22.501603213104733     
   21.652985846480732        24.458856880869980     
   21.742940311982210        25.830547693442757     
   21.833069343891442        26.536830083874360     
   21.923372828167697        26.532630120924825     
   22.013850650351515        25.821024212395578     
   22.104502695563674        24.451019601971478     
   22.195328848504076        22.501772635841927     
   22.286328993450667        20.069707024234781     
   22.377503014258405        17.266349974310785     
   22.468850794358112        14.218315023089952     
   22.560372216755404        11.060730715776636     
   22.652067164029646        7.9283018640122735     
   22.743935518332780        4.9522748710298403     
   22.835977161388332        2.2613654278492734     
   22.928191974490240       -2.2693636136299829E-002
   23.020579838501796       -1.7972945523564121     
   23.113140633854538       -2.9904299181744816     
   23.205874240547185       -3.5640927794367827     
   23.298780538144491       -3.5116951123512230     
   23.391859405776181       -2.8553018265511230     
   23.485110722135833       -1.6433964792961759     
   23.578534365479769        5.3497688698616833E-002
   23.672130213625977        2.1482045601696336     
   23.765898143952999        4.5387955723909990     
   23.859838033398777        7.1069441039184911     
   23.953949758459640        9.7193714569106273     
   24.048233195189095        12.237587115078776     
   24.142688219196760        14.532160736496829     
   24.237314705647282        16.492835199619851     
   24.332112529259163        18.031216275584541     
   24.427081564303684        19.080721001965532     
   24.522221684603799        19.598463747547655     
   24.617532763532939        19.567327867057717     
   24.713014674014019        18.993915574493425     
   24.808667288518212        17.903293047464345     
   24.904490479063874        16.336682838344661     
   25.000484117215411        14.355343642602270     
   25.096648074082150        12.045734195385409     
   25.192982220317230        9.5178947258436768     
   25.289486426116461        6.8949944646727843     
   25.386160561217196        4.3000885487534690     
   25.483004494897195        1.8472130922194305     
   25.580018095973529      -0.36186661295468336     
   25.677201232801405       -2.2388666866900153     
   25.774553773273052       -3.7109860920915860     
   25.872075584816606       -4.7231491937497196     
   25.969766534394925       -5.2392446741004584     
   26.067626488504501       -5.2432679307140724     
   26.165655313174298       -4.7420003215004858     
   26.263852873964609       -3.7681625493835402     
   26.362219035965943       -2.3802573017614987     
   26.460753663797860      -0.65680855569340724     
   26.559456621607815        1.3125261065996778     
   26.658327773070059        3.4338492733690207     
   26.757366981384457        5.6113634690538978     
   26.856574109275343        7.7473277020935818     
   26.955949018990417        9.7435378201050256     
   27.055491572299516        11.505772726993111     
   27.155201630493551        12.949492679134861     
   27.255079054383302        14.004765578324909     
   27.355123704298272        14.620373949264414     
   27.455335440085580        14.767931606454685     
   27.555714121108725        14.445138121801373     
   27.656259606246525        13.675493713933333     
   27.756971753891872        12.503055611080439     
   27.857850421950669        10.984647631665677     
   27.958895467840556        9.1843391844983380     
   28.060106748489890        7.1730562767678583     
   28.161484120336461        5.0314320597328202     
   28.263027439326407        2.8509191494924657     
   28.364736560913030       0.72962537049128695     
   28.466611340055621       -1.2362110771418515     
   28.568651631218323       -2.9609424337849459     
   28.670857288368936       -4.3748455607973469     
   28.773228164977780       -5.4255880434302295     
   28.875764114016516       -6.0777170483220919     
   28.978464987956983       -6.3120833022694107     
   29.081330638770016       -6.1258245551699808     
   29.184360917924291       -5.5326993399324271     
   29.287555676385178       -4.5635722719510801     
   29.390914764613495       -3.2667779014550091     
   29.494438032564435       -1.7073867807856853     
   29.598125329686322        3.6077182082017933E-002
   29.701976504919486        1.8779200797117279     
   29.805991406695014        3.7327714497870743     
   29.910169882933694        5.5210273682296203     
   30.014511781044732        7.1701110849921887     
   30.119016947924614        8.6126179269645036     
   30.223685229955954        9.7850186151809098     
   30.328516473006264        10.630251851933934     
   30.433510522426850        11.104340060860865     
   30.538667223051561        11.183646109522309     
   30.643986419195624        10.868448036543032     
   30.749467954654506        10.180908968917873     
   30.855111672702701        9.1591978252046786     
   30.960917416092521        7.8514992464487108     
   31.066885027052983        6.3127089400788838     
   31.173014347288582        4.6040000696443153     
   31.279305217978074        2.7933795869686042     
   31.385757479773361       0.95507739864918728     
   31.492370972798284      -0.83322777561791095     
   31.599145536647416       -2.4949426480420893     
   31.706081010384892       -3.9596997230615281     
   31.813177232543204       -5.1679118976793870     
   31.920434041122050       -6.0738518984490781     
   32.027851273587117       -6.6468145932246943     
   32.135428766868891       -6.8705742498935995     
   32.243166357361510       -6.7421041466443530     
   32.351063880921529       -6.2708759842039452     
   32.459121172866716       -5.4794819664871852     
   32.567338067974916       -4.4049476757223527     
   32.675714400482860       -3.0988921349048049     
   32.784250004084896       -1.6248087823128805     
   32.892944711931904       -5.2464286663687437E-002
   33.001798356629997        1.5484285073141013     
   33.110810770239418        3.1123458334865219     
   33.219981784273322        4.5784705630759648     
   33.329311229696536        5.8888897934085485     
   33.438798936924442        6.9876242045507899     
   33.548444735821704        7.8231283725334100     
   33.658248455701141        8.3542595687437498     
   33.768209925322495        8.5568083838091145     
   33.878328972891261        8.4267587805409470     
   33.988605426057454        7.9783640925404020     
   34.099039111914465        7.2385032998559682     
   34.209629856997800        6.2410339454052473     
   34.320377487283963        5.0243593522843488     
   34.431281828189199        3.6327191345197676     
   34.542342704568320        2.1188545337899494     
   34.653559940713492       0.54469082002992530     
   34.764933360353105       -1.0218565918251241     
   34.876462786650457       -2.5130510211787018     
   34.988148042202660       -3.8675660194133110     
   35.099988949039428       -5.0340854471176586     
   35.211985328621793       -5.9716561943636233     
   35.324137001841052       -6.6483756062822383     
   35.436443789017432       -7.0407245896087129     
   35.548905509898994       -7.1348032748531525     
   35.661521983660364       -6.9288474511088616     
   35.774293028901589       -6.4351348992663056     
   35.887218463646889       -5.6796428757137170     
   36.000298105343511       -4.6993295575709411     
   36.113531770860497       -3.5384535636965224     
   36.226919276487486       -2.2457311965354712     
   36.340460437933544      -0.87316713587664707     
   36.454155070325939       0.52407770746645388     
   36.568002988208960        1.8882826699591673     
   36.682004005542709        3.1614116778471484     
   36.796157935701892        4.2889698765524358     
   36.910464591474685        5.2242112120931123     
   37.024923785061432        5.9310814909461191     
   37.139535328073542        6.3850283270677801     
   37.254299031532256        6.5720800949172951     
   37.369214705867421        6.4874780922830233     
   37.484282160916358        6.1350832466711127     
   37.599501205922621        5.5279127126501777     
   37.714871649534793        4.6891433759969692     
   37.830393299805344        3.6524294877663888     
   37.946065964189359        2.4607012788745992     
   38.061889449543429        1.1634715802778104     
   38.177863562124365      -0.18652962502284839     
   38.293988107588092       -1.5363570914456981     
   38.410262890988378       -2.8348836284262608     
   38.526687716775712       -4.0339698356082607     
   38.643262388796039       -5.0893691526164080     
   38.759986710289610       -5.9619617806908796     
   38.876860483889807       -6.6194811453016138     
   38.993883511621881       -7.0383789291942334     
   39.111055594901842       -7.2052260150742349     
   39.228376534535208       -7.1172098870812297     
   39.345846130715849       -6.7817159901886104     
   39.463464183024769       -6.2153603771561361     
   39.581230490428943       -5.4429310870914254     
   39.699144851280110       -4.4964779184488348     
   39.817207063313596       -3.4144525817512204     
   39.935416923647090       -2.2405879403180764     
   40.053774228779531       -1.0222538692075154     
   40.172278774589849       0.19170775048384087     
   40.290930356335799        1.3533713470920490     
   40.409728768652784        2.4179129646186768     
   40.528673805552692        3.3452798755920230     
   40.647765260422666        4.1013011196880074     
   40.767002926023920        4.6584408274761184     
   40.886386594490610        4.9964690812807433     
   41.005916057328605        5.1031986674439995     
   41.125591105414323        4.9752086593687936     
   41.245411528993529        4.6182994212153554     
   41.365377117680197        4.0474084739591500     
   41.485487660455291        3.2858676194806566     
   41.605742945665604        2.3641026039240329     
   41.726142761022565        1.3180361792842148     
   41.846686893601095       0.18747039678854646     
   41.967375129838388      -0.98539532540989294     
   42.088207255532794       -2.1573200834239916     
   42.209183055842558       -3.2853706063972372     
   42.330302315284733       -4.3283777956657925     
   42.451564817733988       -5.2485108814392678     
   42.572970346421393       -6.0128491460095885     
   42.694518683933268       -6.5947563735251729     
   42.816209612210066       -6.9748857535471380     
   42.938042912545143       -7.1417437074194563     
   43.060018365583581       -7.0918571264360573     
   43.182135751321098       -6.8296552071771695     
   43.304394849102806       -6.3671664008964797     
   43.426795437622118       -5.7235634885357705     
   43.549337294919511       -4.9245169665434707     
   43.672020198381368       -4.0012881713671504     
   43.794843924738927       -2.9895277392205308     
   43.917808250066997       -1.9278218042460278     
   44.040912949782857      -0.85610280220244939     
   44.164157798645086       0.18592790512638610     
   44.287542570752407        1.1602464587557695     
   44.411067039542559        2.0317698339034336     
   44.534730977791106        2.7694501916910732     
   44.658534157610298        3.3472443516401276     
   44.782476350447958        3.7449841042752827     
   44.906557327086233        3.9491224671538352     
   45.030776857640603        3.9532815211882535     
   45.155134711558581        3.7585104356339487     
   45.279630657618661        3.3731899469227380     
   45.404264463929145        2.8125794372901032     
   45.529035897927002        2.0980657955604718     
   45.653944726376736        1.2562103973926819     
   45.778990715369233       0.31768821439103634     
   45.904173630320663      -0.68382114252589421     
   46.029493235971280       -1.7127738856088681     
   46.154949296384352       -2.7329449676289079     
   46.280541574944969       -3.7086623496317812     
   46.406269834358980       -4.6060731078288439     
   46.532133836651802       -5.3943842721726858     
   46.658133343167350       -6.0469956883041114     
   46.784268114566856       -6.5424425307607974     
   46.910537910827777       -6.8650913773734921     
   47.036942491242655       -7.0055731485030490     
   47.163481614418046       -6.9609707191071717     
   47.290155038273326       -6.7347950843086108     
   47.416962520039625       -6.3367788736833637     
   47.543903816258720       -5.7824980761984479     
   47.670978682781865       -5.0928160799358837     
   47.798186874768746       -4.2931406376965109     
   47.925528146686347       -3.4124982550287748     
   48.053002252307813       -2.4824562741086482     
   48.180608944711395       -1.5359488022510905     
   48.308347976279308      -0.60607680739005743     
   48.436219098696661       0.27505069016439637     
   48.564222062950314        1.0773857063103518     
   48.692356619327839        1.7738959470803080     
   48.820622517416403        2.3413988639205536     
   48.949019506101635        2.7612749313050657     
   49.077547333566542        3.0200530803214916     
   49.206205747290539        3.1098476920651064     
   49.334994494048189        3.0286157416005284     
   49.463913319908229        2.7802024229280722     
   49.592961970232437        2.3741565064890491     
   49.722140189674619        1.8253191470406551     
   49.851447722179429        1.1532139049456298     
   49.980884310981374       0.38128293119977225     
   50.110449698603745      -0.46398047413643978     
   50.240143626857481       -1.3539590825196157     
   50.369965836840151       -2.2588677912497297     
   50.499916068934887       -3.1487198428995762     
   50.629994062809274       -3.9942903082680590     
   50.760199557414388       -4.7680610832081207     
   50.890532290983614       -5.4451224851157711     
   51.020992001031686       -6.0039964006715634     
   51.151578424353566       -6.4273406194253129     
   51.282291297023477       -6.7024970769904710     
   51.413130354393736       -6.8218581231449376     
   51.544095331093828       -6.7830410747504573     
   51.675185961029285       -6.5888769819363437     
   51.806401977380681       -6.2472301883677215     
   51.937743112602575       -5.7706689168166942     
   52.069209098422476       -5.1760049153094592     
   52.200799665839867       -4.4837156315818509     
   52.332514545125058       -3.7172595035997649     
   52.464353465818270       -2.9022965615342153     
   52.596316156728570       -2.0658330063310997     
   52.728402345932828       -1.2353176547421938     
   52.860611760774724      -0.43772654328003024     
   52.992944127863794       0.30132387860100301     
   53.125399173074229       0.95839650136040011     
   53.257976621544074        1.5129553704638521     
   53.390676197674146        1.9479693670627218     
   53.523497625126950        2.2503879503169264     
   53.656440626825805        2.4114863821400983     
   53.789504924953768        2.4270806621156944     
   53.922690240952662        2.2976115186391985     
   54.055996295522107        2.0280944780930330     
   54.189422808618467        1.6279319964319079     
   54.322969499453919        1.1105859439954975     
   54.456636086495479       0.49311493829384129     
   54.590422287463994      -0.20441001360037359     
   54.724327819333155      -0.95958870760835924     
   54.858352398328570       -1.7484436846564264     
   54.992495739926731       -2.5462076181946021     
   55.126757558854138       -3.3281140901808639     
   55.261137569086230       -4.0701644011335132     
   55.395635483846547       -4.7498492396353198     
   55.530251015605629       -5.3468095636113198     
   55.664983876080214       -5.8434244378325726     
   55.799833776232155       -6.2253144811391241     
   55.934800426267600       -6.4817488042167257     
   56.069883535635938       -6.6059424045775357     
   56.205082813028923       -6.5952315426754353     
   56.340397966379768       -6.4511176898203741     
   56.475828702862096       -6.1791762786545368     
   56.611374728889167       -5.7888337863307209     
   56.747035750112822       -5.2930241070586668     
   56.882811471422627       -4.7077411569186651     
   57.018701596944979       -4.0515081494158007     
   57.154705830042133       -3.3447847800952855     
   57.290823873311304       -2.6093323040943277     
   57.427055428583841       -1.8675543418460323     
   57.563400196924199       -1.1418294411975656     
   57.699857878629132      -0.45385078068254942     
   57.836428173226771       0.17601091983263611     
   57.973110779475739       0.72930374184656954     
   58.109905395364272        1.1900313452473237     
   58.246811718109313        1.5451113269765051     
   58.383829444155658        1.7847382402710716     
   58.520958269175068        1.9026383729291090     
   58.658197888065416        1.8962089685976167     
   58.795547994949807        1.7665407442290824     
   58.933008283175688        1.5183282010453032     
   59.070578445314069        1.1596764660708034     
   59.208258173158612       0.70181584848667378     
   59.346047157724769       0.15873612101835910     
   59.483945089248998      -0.45324763919102529     
   59.621951657187829       -1.1159861832580851     
   59.760066550217161       -1.8100325827020425     
   59.898289456231304       -2.5152114416466658     
   60.036620062342188       -3.2112063733867511     
   60.175058054878605       -3.8781491677869386     
   60.313603119385299       -4.4971923666790996     
   60.452254940622211       -5.0510463470279241     
   60.591013202563609       -5.5244629130201268     
   60.729877588397400       -5.9046498540205121     
   60.868847780524199       -6.1816045766770076     
   61.007923460556540       -6.3483591391635601     
   61.147104309318259       -6.4011331078899589     
   61.286390006843448       -6.3393940659564736     
   61.425780232375899       -6.1658280560684515     
   61.565274664368147       -5.8862237969577089     
   61.704872980480857       -5.5092754922882348     
   61.844574857581918       -5.0463099059725005     
   61.984379971745803       -4.5109445124844374     
   62.124287998252690       -3.9186851685993047     
   62.264298611587783       -3.2864738571571905     
   62.404411485440590       -2.6321993420784557     
   62.544626292704038       -1.9741856097717030     
   62.684942705473972       -1.3306743045953695     
   62.825360395048136      -0.71931766695462762     
   62.965879031925681      -0.15669764712664438     
   63.106498285806317       0.34211496213902037     
   63.247217825589644       0.76395001558515097     
   63.388037319374369        1.0978674745588812     
   63.528956434457726        1.3354207055077598     
   63.669974837334671        1.4708495640500379     
   63.811092193697128        1.5012007660024804     
   63.952308168433468        1.4263741969041859     
   64.093622425627714        1.2490948020951615     
   64.235034628558836       0.97481081256440438     
   64.376544439700140       0.61152051823089870     
   64.518151520718547       0.16953168531062501     
   64.659855532473983      -0.33884005460618183     
   64.801656135018618      -0.89962516874075205     
   64.943552987596306       -1.4975957164661333     
   65.085545748641948       -2.1166899107402308     
   65.227634075780699       -2.7404523916345300     
   65.369817625827537       -3.3524767921197993     
   65.512096054786468       -3.9368378769910888     
   65.654469017849948       -4.4785018054492500     
   65.796936169398279       -4.9637046420079072     
   65.939497162998990       -5.3802908575625334     
   66.082151651406178       -5.7180050293120690     
   66.224899286560003       -5.9687311783149894     
   66.367739719585984       -6.1266752070174260     
   66.510672600794436       -6.1884868329191871     
   66.653697579679928       -6.1533184200974036     
   66.796814304920630       -6.0228193313405942     
   66.940022424377830       -5.8010659407882708     
   67.083321585095248       -5.4944292467131275     
   67.226711433298533       -5.1113839975910302     
   67.370191614394756       -4.6622652126523345     
   67.513761772971790       -4.1589797343745039     
   67.657421552797743       -3.6146818117460509     
   67.801170596820469       -3.0434225612109640     
   67.945008547167049       -2.4597834572101278     
   68.088935045143202       -1.8785038247605814     
   68.232949731232836       -1.3141117675496694     
   68.377052245097403      -0.78056722181987936     
   68.521242225575605      -0.29092502345865406     
   68.665519310682697       0.14297488589241952     
   68.809883137610043       0.51078367115217382     
   68.954333342724667       0.80388042403210924     
   69.098869561568790        1.0155644374293440     
   69.243491428859230        1.1411985580624848     
   69.388198578487064        1.1783002251445611     
   69.532990643517124        1.1265780373354515     
   69.677867256187440       0.98791316313463251     
   69.822828047908999       0.76628654981827404     
   69.967872649265090       0.46765457517190101     
   70.113000690010978        9.9777384773969163E-002
   70.258211799073464      -0.32799446738043214     
   70.403505604550404      -0.80496840506769185     
   70.548881733710402       -1.3193858921516761     
   70.694339812992283       -1.8587185033549887     
   70.839879468004710       -2.4099763268247116     
   70.985500323525912       -2.9600212348571380     
   71.131202003503105       -3.4958779005042926     
   71.276984131052231       -4.0050358282981984     
   71.422846328457553       -4.4757360582860297     
   71.568788217171274       -4.8972365838955429     
   71.714809417813242       -5.2600509203550558     
   71.860909550170405       -5.5561547211898485     
   72.007088233196754       -5.7791559220959394     
   72.153345085012702       -5.9244246406462553     
   72.299679722904955       -5.9891799971041406     
   72.446091763326024       -5.9725321341367881     
   72.592580821894060       -5.8754789496085866     
   72.739146513392427       -5.7008583494958964     
   72.885788451769400       -5.4532580807423985     
   73.032506250138013       -5.1388863394223945     
   73.179299520775530       -4.7654072965225414     
   73.326167875123389       -4.3417464048557788     
   73.473110923786749       -3.8778708386439615     
   73.620128276534416       -3.3845506941106853     
   73.767219542298321       -2.8731066866750741     
   73.914384329173572       -2.3551500687523217     
   74.061622244417904       -1.8423204075271371     
   74.208932894451706       -1.3460267371202843     
   74.356315884857622      -0.87719744671626887     
   74.503770820380410      -0.44604407766388005     
   74.651297304926629       -6.1843954496822458E-002
   74.798894941564626       0.26725376495710923     
   74.946563332524065       0.53439449686949825     
   75.094302079196027       0.73415357577831220     
   75.242110782132613       0.86263776173738338     
   75.389989041046832       0.91755100579228788     
   75.537936454812467       0.89822352444872533     
   75.685952621463883       0.80560422205608717     
   75.834037138195882       0.64221746371956445     
   75.982189601363544       0.41208608634309546     
   76.130409606482161       0.12062329896819890     
   76.278696748227006      -0.22550325988668626     
   76.427050620433292      -0.61853157777594792     
   76.575470816096015       -1.0497853881243673     
   76.723956927369869       -1.5098701084971438     
   76.872508545569175       -1.9888802475222875     
   77.021125261167754       -2.4766138901675419     
   77.169806663798880       -2.9627898815121418     
   77.318552342255217       -3.4372633579271419     
   77.467361884488653       -3.8902353612442160     
   77.616234877610466       -4.3124523810887361     
   77.765170907891019       -4.6953918588879926     
   77.914169560759944       -5.0314299509883593     
   78.063230420805994       -5.3139882107024370     
   78.212353071777002       -5.5376563142784541     
   78.361537096580022       -5.6982885185794672     
   78.510782077281149       -5.7930721821911577     
   78.660087595105622       -5.8205673784891081     
   78.809453230437839       -5.7807173466850461     
   78.958878562821397       -5.6748302280487106     
   79.108363170958953       -5.5055331876232589     
   79.257906632712590       -5.2767006007709245     
   79.407508525103609       -4.9933584727814226     
   79.557168424312593       -4.6615676531400734     
   79.706885905679684       -4.2882887064865356     
   79.856660543704422       -3.8812315231652756     
   80.006491912045931       -3.4486929033437490     
   80.156379583523119       -2.9993854493567214     
   80.306323130114563       -2.5422611585215775     
   80.456322122958852       -2.0863331315096851     
   80.606376132354484       -1.6404987989966777     
   80.756484727760210       -1.2133680167047158     
   80.906647477795033      -0.81309927735814325     
   81.056863950238409      -0.44724712720422682     
   81.207133712030426      -0.12262364645191183     
   81.357456329271912       0.15482344765911757     
   81.507831367224696       0.38011388753146669     
   81.658258390311701       0.54931737772225819     
   81.808736962117251       0.65961428119914423     
   81.959266645387160       0.70933370797772521     
   82.109847002029056       0.69796876255276019     
   82.260477593112540       0.62616920949431421     
   82.411157978869412       0.49571228531458245     
   82.561887718693995       0.30945280411633630     
   82.712666371143271        7.1254065368594466E-002
   82.863493493937284      -0.21409862928861256     
   83.014368643959301      -0.54099980521029745     
   83.165291377256111      -0.90313876171760687     
   83.316261249038419       -1.2936252726996338     
   83.467277813680994       -1.7051235798197257     
   83.618340624723089       -2.1299921529547259     
   83.769449234868773       -2.5604266564338412     
   83.920603195987169       -2.9886035510786302     
   84.071802059112898       -3.4068217825945721     
   84.223045374446329       -3.8076400610880423     
   84.374332691354084       -4.1840073294754845     
   84.525663558369260       -4.5293841553856558     
   84.677037523191871       -4.8378529651230249     
   84.828454132689330       -5.1042152698265602     
   84.979912932896681       -5.3240743099932537     
   85.131413469017161       -5.4939018587500890     
   85.282955285422503       -5.6110882659648649     
   85.434537925653473       -5.6739751836383050     
   85.586160932420256       -5.6818707734690816     
   85.737823847602925       -5.6350475481316211     
   85.889526212251937       -5.5347233267360636     
   86.041267566588516       -5.3830260834108010     
   86.193047450005224       -5.1829437299712842     
   86.344865401066428       -4.9382600969437611     
   86.496720957508813       -4.6534785597897770     
   86.648613656241906       -4.3337349070093927     
   86.800543033348546       -3.9847011574283613     
   86.952508624085525       -3.6124821217082110     
   87.104509962884009       -3.2235065612694749     
   87.256546583350257       -2.8244148348896365     
   87.408618018265983       -2.4219449381829694     
   87.560723799589155       -2.0228188340790316     
   87.712863458454407       -1.6336309417678880     
   87.865036525173792       -1.2607405949679349     
   88.017242529237265      -0.91017019567316704     
   88.169480999313322      -0.58751067441953742     
   88.321751463249839      -0.29783572283840648     
   88.474053448074315       -4.5626089076572479E-002
   88.626386479994949       0.16529497483468944     
   88.778750084401054       0.33181424782508739     
   88.931143785863824       0.45156842957939108     
   89.083567108137004       0.52297100447252365     
   89.236019574157524       0.54522594540887059     
   89.388500706046386       0.51832836245752978     
   89.541010025109173       0.44305242617819318     
   89.693547051836973       0.32092710115225803     
   89.846111305907002       0.15420040770469923     
   89.998702306183361       -5.4206912759829917E-002
   90.151319570717874      -0.30075732142307121     
   90.303962616750837      -0.58136087992275531     
   90.456630960711792      -0.89144692297623529     
   90.609324118220314       -1.2260417422105636     
   90.762041604086932       -1.5798509718760065     
   90.914782932313742       -1.9473453378561969     
   91.067547616095496       -2.3228484174040731     
   91.220335167820224       -2.7006250578240394     
   91.373145099070243       -3.0749691181656122     
   91.525976920622952       -3.4402892295324068     
   91.678830142451773       -3.7911913179561076     
   91.831704273726999       -4.1225566998236562     
   91.984598822816679       -4.4296146441963673     
   92.137513297287626       -4.7080083989588069     
   92.290447203906226       -4.9538537975944399     
   92.443400048639461       -5.1637896988778884     
   92.596371336655821       -5.3350196592320742     
   92.749360572326339       -5.4653443953324867     
   92.902367259225443       -5.5531847554838398     
   93.055390900132082       -5.5975950813958644     
   93.208430997030604       -5.5982670003496011     
   93.361487051111851       -5.5555238387874244     
   93.514558562774113       -5.4703059883388025     
   93.667645031624232       -5.3441476817822533     
   93.820745956478660       -5.1791457478224441     
   93.973860835364391       -4.9779210090679937     
   94.126989165520200       -4.7435730670884215     
   94.280130443397610       -4.4796292829226676     
   94.433284164661970       -4.1899888111040360     
   94.586449824193735       -3.8788625823092278     
   94.739626916089392       -3.5507101544812447     
   94.892814933662692       -3.2101743661518993     
   95.046013369445760       -2.8620147292837190     
   95.199221715190248       -2.5110404926666789     
   95.352439461868585       -2.1620442908105679     
   95.505666099674997       -1.8197372674115364     
   95.658901118026904       -1.4886865251003256     
   95.812144005565926       -1.1732557103526509     
   95.965394250159264      -0.87754947745328915     
   96.118651338900833      -0.60536251734107882     
   96.271914758112530      -0.36013375207711734     
   96.425183993345513      -0.14490621325786898     
   96.578458529381450        3.7706971923625869E-002
   96.731737850233785       0.18555016211020034     
   96.885021439149085       0.29694612813587873     
   97.038308778608325       0.37071020496725771     
   97.191599350328119       0.40615765173538670     
   97.344892635262184       0.40310430043296069     
   97.498188113602637       0.36186066662942579     
   97.651485264781300       0.28321978010389770     
   97.804783567471191       0.16843907056807839     
   97.958082499587746        1.9216710225198934E-002
   98.111381538290317      -0.16233712742026365     
   98.264680159983641      -0.37373358551966057     
   98.417977840319082      -0.61214247340361494     
   98.571274054196209      -0.87443307311261753     
   98.724568275764199       -1.1572178072485015     
   98.877859978423331       -1.4568981588097483     
   99.031148634826380       -1.7697122269265926     
   99.184433716880179       -2.0917833019032526     
   99.337714695747081       -2.4191688485599587     
   99.490991041846499       -2.7479092978886062     
   99.644262224856391       -3.0740760638915958     
   99.797527713714814       -3.3938182247055493     
   99.950786976621529       -3.7034073350103918     
   100.10403948103948       -3.9992798701818675     
   100.25728469369641       -4.2780768416429114     
   100.41052208058646       -4.5366801671510242     
   100.56375110697184       -4.7722454289733784     
   100.71697123738424       -4.9822307064420972     
   100.87018193562672       -5.1644212266749303     
   101.02338266477511       -5.3169496365024784     
   101.17657288717992       -5.4383117608611284     
   101.32975206446780       -5.5273777735216418     
   101.48291965754326       -5.5833987676385357     
   101.63607512659055       -5.6060087721147900     
   101.78921793107509       -5.5952223156820970     
   101.94234752974540       -5.5514276924536841     
   102.09546338063481       -5.4753761299005053     
   102.24856494106311       -5.3681671021863959     
   102.40165166763839       -5.2312300682754271     
   102.55472301625882       -5.0663029450925645     
   102.70777844211449       -4.8754076512108453     
   102.86081739968905       -4.6608230767035970     
   103.01383934276174       -4.4250558492324910     
   103.16684372440902       -4.1708092770359793     
   103.31982999700662       -3.9009508549866347     
   103.47279761223120       -3.6184787218777203     
   103.62574602106241       -3.3264874552718005     
   103.77867467378461       -3.0281335851068811     
   103.93158301998886       -2.7266011989026775     
   104.08447050857488       -2.4250680000817360     
   104.23733658775285       -2.1266721666007911     
   104.39018070504552       -1.8344803399688780     
   104.54300230728998       -1.5514570546791620     
   104.69580084063975       -1.2804358955684549     
   104.84857575056675       -1.0240926449791130     
   105.00132648186327      -0.78492065420595680     
   105.15405247864399      -0.56520864348843469     
   105.30675318434804      -0.36702110312976083     
   105.45942804174096      -0.19218143501544840     
   105.61207649291688       -4.2257939568009328E-002
   105.76469797930042        8.1447281532335450E-002
   105.91729194164891       0.17790647114489422     
   106.06985782005447       0.24637140920572595     
   106.22239505394600       0.28637568297900895     
   106.37490308209148       0.29773409703284220     
   106.52738134259998       0.28053931386059955     
   106.67982927292381       0.23515584246645296     
   106.83224630986079       0.16221151589742538     
   106.98463188955634        6.2586619399791779E-002
   107.13698544750567       -6.2599151411612694E-002
   107.28930641855602      -0.21200170830516235     
   107.44159423690897      -0.38406935828319794     
   107.59384833612241      -0.57706114676249609     
   107.74606814911316      -0.78906653499659363     
   107.89825310815885       -1.0180261867394036     
   108.05040264490050       -1.2617536374961118     
   108.20251619034470       -1.5179576200283043     
   108.35459317486585       -1.7842648219510737     
   108.50663302820861       -2.0582428551651133     
   108.65863517949018       -2.3374232221344671     
   108.81059905720250       -2.6193240710178798     
   108.96252408921495       -2.9014725397179468     
   109.11440970277646       -3.1814264984763607     
   109.26625532451791       -3.4567955113848567     
   109.41806038045465       -3.7252608491339365     
   109.56982429598897       -3.9845943984433614     
   109.72154649591222       -4.2326763278273045     
   109.87322640440770       -4.4675113845368211     
   110.02486344505280       -4.6872437136204157     
   110.17645704082159       -4.8901701068329713     
   110.32800661408726       -5.0747516064617955     
   110.47951158662481       -5.2396234070973495     
   110.63097137961329       -5.3836030155891663     
   110.78238541363851       -5.5056966481628091     
   110.93375310869565       -5.6051038601288061     
   111.08507388419163       -5.6812204210481489     
   111.23634715894785       -5.7336394640555035     
   111.38757235120271       -5.7621509531453450     
   111.53874887861420       -5.7667395261565435     
   111.68987615826266       -5.7475807838208048     
   111.84095360665323       -5.7050361065061512     
   111.99198063971858       -5.6396460901093324     
   112.14295667282164       -5.5521227009315961     
   112.29388112075820       -5.4433402562625828     
   112.44475339775963       -5.3143253430651125     
   112.59557291749562       -5.1662457908705735     
   112.74633909307674       -5.0003988188422870     
   112.89705133705749       -4.8181984775341986     
   113.04770906143884       -4.6211625075456899     
   113.19831167767089       -4.4108987364542651     
   113.34885859665594       -4.1890911344329469     
   113.49934922875109       -3.9574856469362736     
   113.64978298377113       -3.7178759201899578     
   113.80015927099130       -3.4720890318574344     
   113.95047749915015       -3.2219713353026207     
   114.10073707645250       -2.9693745213762335     
   114.25093741057219       -2.7161419965583344     
   114.40107790865493       -2.4640956707948649     
   114.55115797732130       -2.2150232421796257     
   114.70117702266970       -1.9706660595723393     
   114.85113445027915       -1.7327076364922449     
   115.00102966521227       -1.5027628834318185     
   115.15086207201827       -1.2823681171898607     
   115.30063107473596       -1.0729718984134060     
   115.45033607689662      -0.87592674026061212     
   115.59997648152705      -0.69248172285342324     
   115.74955169115267      -0.52377603987572052     
   115.89906110780048      -0.37083349536349175     
   116.04850413300201      -0.23455796056450695     
   116.19788016779657      -0.11572979275631010     
   116.34718861273414       -1.5003210239483682E-002
   116.49642886787866        6.7095389601828342E-002
   116.64560033281093       0.13016818913376410     
   116.79470240663184       0.17394581253235464     
   116.94373448796547       0.19828632320862283     
   117.09269597496224       0.20317339393301062     
   117.24158626530210       0.18871369161338247     
   117.39040475619767       0.15513352263819108     
   117.53915084439740       0.10277478805403560     
   117.68782392618890        3.2090300592024383E-002
   117.83642339740197       -5.6361482282817281E-002
   117.98494865341208      -0.16192225350975062     
   118.13339908914327      -0.28384012287709015     
   118.28177409907188      -0.42127629726539167     
   118.43007307722930      -0.57331211699160223     
   118.57829541720575      -0.73895639075466180     
   118.72644051215323      -0.91715297222898584     
   118.87450775478904       -1.1067885222205647     
   119.02249653739905       -1.3067004014194423     
   119.17040625184099       -1.5156846402308675     
   119.31823628954794       -1.7325039336931221     
   119.46598604153168       -1.9558956114177299     
   119.61365489838599       -2.1845795344438224     
   119.76124225029011       -2.4172658731170551     
   119.90874748701218       -2.6526627224704806     
   120.05616999791273       -2.8894835141144992     
   120.20350917194801       -3.1264541863111779     
   120.35076439767356       -3.3623200767345756     
   120.49793506324755       -3.5958525053696611     
   120.64502055643450       -3.8258550180494071     
   120.79202026460858       -4.0511692643225494     
   120.93893357475723       -4.2706804865611279     
   121.08575987348472       -4.4833226005422713     
   121.23249854701560       -4.6880828510846442     
   121.37914898119836       -4.8840060296196821     
   121.52571056150904       -5.0701982440242377     
   121.67218267305469       -5.2458302341518266     
   121.81856470057711       -5.4101402298794765     
   121.96485602845638       -5.5624363514533455     
   122.11105604071456       -5.7020985549605196     
   122.25716412101936       -5.8285801285174355     
   122.40317965268773       -5.9414087474274604     
   122.54910201868957       -6.0401870989657533     
   122.69493060165148       -6.1245930896990748     
   122.84066478386049       -6.1943796502355086     
   122.98630394726753       -6.2493741540836467     
   123.13184747349156       -6.2894774688573438     
   123.27729474382299       -6.3146626593819102     
   123.42264513922768       -6.3249733633876968     
   123.56789804035056       -6.3205218612741536     
   123.71305282751950       -6.3014868624578719     
   123.85810888074911       -6.2681110306301822     
   124.00306557974459       -6.2206982715346157     
   124.14792230390547       -6.1596108062167030     
   124.29267843232959       -6.0852660531996818     
   124.43733334381685       -5.9981333427906707     
   124.58188641687320       -5.8987304865352561     
   124.72633702971443       -5.7876202245180277     
   124.87068456027016       -5.6654065728078056     
   125.01492838618771       -5.5327310928442870     
   125.15906788483602       -5.3902691040178272     
   125.30310243330968       -5.2387258600454931     
   125.44703140843286       -5.0788327090782666     
   125.59085418676320       -4.9113432567139563     
   125.73457014459585       -4.7370295503060156     
   125.87817865796765       -4.5566783020301171     
   126.02167910266088       -4.3710871678631191     
   126.16507085420739       -4.1810610967913435     
   126.30835328789273       -3.9874087672261487     
   126.45152577876011       -3.7909391222404847     
   126.59458770161451       -3.5924580175492231     
   126.73753843102679       -3.3927649934777477     
   126.88037734133768       -3.1926501815026072     
   127.02310380666212       -2.9928913547897333     
   127.16571720089310       -2.7942511310270373     
   127.30821689770607       -2.5974743347100322     
   127.45060227056297       -2.4032855249211251     
   127.59287269271631       -2.2123866935140435     
   127.73502753721351       -2.0254551375130050     
   127.87706617690101       -1.8431415084659921     
   128.01898798442858       -1.6660680404285122     
   128.16079233225335       -1.4948269572774437     
   128.30247859264423       -1.3299790590586567     
   128.44404613768612       -1.1720524862191641     
   128.58549433928405       -1.0215416596155988     
   128.72682256916761      -0.87890639361098832     
   128.86803019889521      -0.74457117856404265     
   129.00911659985834      -0.61892462861583097     
   129.15008114328580      -0.50231908993146590     
   129.29092320024827      -0.39507040409804017     
   129.43164214166234      -0.29745782089036849     
   129.57223733829528      -0.20972405424710194     
   129.71270816076893      -0.13207547495175778     
   129.85305397956444       -6.4682433246660107E-002
   129.99327416502646       -7.6797043928329397E-003
   130.13336808736778        3.8832949983112687E-002
   130.27333511667339        7.4790112027872765E-002
   130.41317462290522       0.10015993663767249     
   130.55288597590658       0.11494328665816232     
   130.69246854540631       0.11917278169929879     
   130.83192170102373       0.11291176792501099     
   130.97124481227257        9.6253216123501725E-002
   131.11043724856600        6.9318555282467331E-002
   131.24949837922080        3.2256448793027595E-002
   131.38842757346191       -1.4758479716098635E-002
   131.52722420042724       -7.1526964047491107E-002
   131.66588762917178      -0.13782644989617815     
   131.80441722867258      -0.21341247955533665     
   131.94281236783297      -0.29802010050045807     
   132.08107241548751      -0.39136529167715134     
   132.21919674040618      -0.49314640151926986     
   132.35718471129934      -0.60304559193998930     
   132.49503569682216      -0.72073028276138473     
   132.63274906557930      -0.84585459128353746     
   132.77032418612961      -0.97806076194378810     
   132.90776042699065       -1.1169805812613072     
   133.04505715664354       -1.2622367735378459     
   133.18221374353755       -1.4134443730537385     
   133.31922955609471       -1.5702120687665404     
   133.45610396271471       -1.7321435178329523     
   133.59283633177949       -1.8988386245216213     
   133.72942603165791       -2.0698947814694995     
   133.86587243071077       -2.2449080703566975     
   134.00217489729519       -2.4234744196226607     
   134.13833279976961       -2.6051907169099104     
   134.27434550649861       -2.7896558743558830     
   134.41021238585748       -2.9764718451025218     
   134.54593280623729       -3.1652445896731103     
   134.68150613604942       -3.3555849911533318     
   134.81693174373063       -3.5471097183839073     
   134.95220899774782       -3.7394420366163899     
   135.08733726660273       -3.9322125653467546     
   135.22231591883701       -4.1250599832567110     
   135.35714432303701       -4.3176316804302850     
   135.49182184783868       -4.5095843581971105     
   135.62634786193232       -4.7005845771625081     
   135.76072173406772       -4.8903092541370876     
   135.89494283305896       -5.0784461088580191     
   136.02901052778921       -5.2646940615212596     
   136.16292418721596       -5.4487635822663449     
   136.29668318037571       -5.6303769939615220     
   136.43028687638903       -5.8092687293299790     
   136.56373464446548       -5.9851855444902728     
   136.69702585390877       -6.1578866896952897     
   136.83015987412145       -6.3271440393442617     
   136.96313607461019       -6.4927421826953662     
   137.09595382499060       -6.6544784769566601     
   137.22861249499246       -6.8121630644507745     
   137.36111145446455       -6.9656188555444736     
   137.49345007337971       -7.1146814790522654     
   137.62562772184003       -7.2591992018360223     
   137.75764377008193       -7.3990328193035291     
   137.88949758848099       -7.5340555185156619     
   138.02118854755733       -7.6641527155894922     
   138.15271601798048       -7.7892218690816266     
   138.28407937057466       -7.9091722709903651     
   138.41527797632381       -8.0239248170308901     
   138.54631120637666       -8.1334117577719205     
   138.67717843205202       -8.2375764322238378     
   138.80787902484369       -8.3363729854233277     
   138.93841235642608       -8.4297660715684177     
   139.06877779865872       -8.5177305439388356     
   139.19897472359196       -8.6002511338412511     
   139.32900250347200       -8.6773221185678295     
   139.45886051074584       -8.7489469812909206     
   139.58854811806708       -8.8151380631944569     
   139.71806469830040       -8.8759162095345197     
   139.84740962452736       -8.9313104107897789     
   139.97658227005141       -8.9813574401180283     
   140.10558200840296       -9.0261014882723583     
   140.23440821334506       -9.0655937970832348     
   140.36306025887825       -9.0998922925670289     
   140.49153751924607       -9.1290612186707047     
   140.61983936894015       -9.1531707726111495     
   140.74796518270580       -9.1722967427150355     
   140.87591433554692       -9.1865201496104874     
   141.00368620273173       -9.1959268915759633     
   141.13128015979754       -9.2006073947868927     
   141.25869558255681       -9.2006562691560205     
   141.38593184710163       -9.1961719704069989     
   141.51298832980979       -9.1872564689646783     
   141.63986440734971       -9.1740149262010213     
   141.76655945668600       -9.1565553784916993     
   141.89307285508454       -9.1349884296589838     
   142.01940398011840       -9.1094269516892510     
   142.14555220967259       -9.0799857950177856     
   142.27151692194985       -9.0467815075402047     
   142.39729749547598       -9.0099320633889235     
   142.52289330910511       -8.9695566013493551     
   142.64830374202526       -8.9257751731348289     
   142.77352817376368       -8.8787085016329232     
   142.89856598419237       -8.8284777492108102     
   143.02341655353345       -8.7752042961172929     
   143.14807926236455       -8.7190095290068843     
   143.27255349162436       -8.6600146395606856     
   143.39683862261805       -8.5983404331710620     
   143.52093403702278       -8.5341071476205794     
   143.64483911689314       -8.4674342816643442     
   143.76855324466652       -8.3984404334114267     
   143.89207580316884       -8.3272431483751870     
   144.01540617561980       -8.2539587770552671     
   144.13854374563857       -8.1787023418903519     
   144.26148789724931       -8.1015874134252766     
   144.38423801488639       -8.0227259955062173     
   144.50679348340032       -7.9422284193392390     
   144.62915368806290       -7.8602032462067699     
   144.75131801457320       -7.7767571787824812     
   144.87328584906260       -7.6919949801480243     
   144.99505657810082       -7.6060194023038310     
   145.11662958870099       -7.5189311208693912     
   145.23800426832565       -7.4308286787665123     
   145.35918000489210       -7.3418084370511529     
   145.48015618677795       -7.2519645332541236     
   145.60093220282684       -7.1613888470399818     
   145.72150744235392       -7.0701709730789037     
   145.84188129515147       -6.9783982010442713     
   145.96205315149456       -6.8861555026961776     
   146.08202240214635       -6.7935255260429672     
   146.20178843836436       -6.7005885966362682     
   146.32135065190528       -6.6074227261080880     
   146.44070843503127       -6.5141036281590372     
   146.55986118051510       -6.4207047422932435     
   146.67880828164607       -6.3272972657456164     
   146.79754913223559       -6.2339501942003333     
   146.91608312662265       -6.1407303721394388     
   147.03440965967977       -6.0477025539302014     
   147.15252812681842       -5.9549294771490251     
   147.27043792399473       -5.8624719501432834     
   147.38813844771525       -5.7703889565032576     
   147.50562909504239       -5.6787377800630647     
   147.62290926360032       -5.5875741553072915     
   147.73997835158065       -5.4969524498931754     
   147.85683575774777       -5.4069258885341025     
   147.97348088144517       -5.3175468312489143     
   148.08991312260034       -5.2288671245455456     
   148.20613188173110       -5.1409385523903692     
   148.32213655995105       -5.0538134269187180     
   148.43792655897525       -4.9675453794854301     
   148.55350128112596       -4.8821904467464332     
   148.66886012933836       -4.7978086045069670     
   148.78400250716624       -4.7144660052113307     
   148.89892781878771       -4.6322383672867220     
   149.01363546901104       -4.5512163448340308     
   149.12812486328008       -4.4715145133667580     
   149.24239540768045       -4.3932874802213302     
   149.35644650894477       -4.3167615050108195     
   149.47027757445883       -4.2423048720672423     
   149.58388801226693       -4.1706172862707858     
   149.69727723107803       -4.1034437281390295     
   149.81044464027102       -4.0512138099590524     
   149.92338964990100       -3.9809939408398525     
   150.03611167070449       -3.8979600173567408     
   150.14861011410565       -3.8161247112412751     
   150.26088439222170       -3.7354944296457675     
   150.37293391786886       -3.6560742691519552     
   150.48475810456799       -3.5778680694581402     
   150.59635636655042       -3.5008784661795467     
   150.70772811876378       -3.4251069427305523     
   150.81887277687753       -3.3505538812352369     
   150.92978975728892       -3.2772186125054747     
   151.04047847712886       -3.2050994647896087     
   151.15093835426734       -3.1341938117572239     
   151.26116880731948       -3.0644981191561222     
   151.37116925565127       -2.9960079904771852     
   151.48093911938528       -2.9287182114802999     
   151.59047781940637       -2.8626227935882183     
   151.69978477736765       -2.7977150161416757     
   151.80885941569619       -2.7339874675056537     
   151.91770115759860       -2.6714320850270319     
   152.02630942706713       -2.6100401938362952     
   152.13468364888521       -2.5498025445030570     
   152.24282324863344       -2.4907093495379735     
   152.35072765269510       -2.4327503187560353     
   152.45839628826218       -2.3759146935026805     
   152.56582858334104       -2.3201912797528923     
   152.67302396675825       -2.2655684800943141     
   152.77998186816626       -2.2120343246050433     
   152.88670171804941       -2.1595765006407497     
   152.99318294772939       -2.1081823815453919     
   153.09942498937136       -2.0578390542969172     
   153.20542727598954       -2.0085333461113564     
   153.31118924145301       -1.9602518500159039     
   153.41671032049157       -1.9129809494130705     
   153.52198994870136       -1.8667068416523580     
   153.62702756255089       -1.8214155606301645     
   153.73182259938656       -1.7770929984358645     
   153.83637449743864       -1.7337249260666916     
   153.94068269582704       -1.6912970132309002     
   154.04474663456685       -1.6497948472384842     
   154.14856575457441       -1.6092039511280736     
   154.25213949767297       -1.5695098007057899     
   154.35546730659848       -1.5306978410543617     
   154.45854862500525       -1.4927535020288181     
   154.56138289747196       -1.4556622130456511     
   154.66396956950717       -1.4194094170994722     
   154.76630808755525       -1.3839805840401815     
   154.86839789900219       -1.3493612231301892     
   154.97023845218121       -1.3155368949072095     
   155.07182919637859       -1.2824932223710557     
   155.17316958183949       -1.2502159015171601     
   155.27425905977361       -1.2186907112373027     
   155.37509708236112       -1.1879035226102621     
   155.47568310275815       -1.1578403075998016     
   155.57601657510278       -1.1284871471853970     
   155.67609695452063       -1.0998302389406494     
   155.77592369713076       -1.0718559040838569     
   155.87549626005122       -1.0445505940171578     
   155.97481410140495       -1.0179008963765250     
   156.07387668032553      -0.99189354060823010     
   156.17268345696277      -0.96651540309385964     
   156.27123389248851      -0.94175351184057554     
   156.36952744910252      -0.91759505075320613     
   156.46756359003786      -0.89402736350898016     
   156.56534177956689      -0.87103795704892806     
   156.66286148300696      -0.84861450470542976     
   156.76012216672598      -0.82674484897868894     
   156.85712329814834      -0.80541700398273919     
   156.95386434576031      -0.78461915757241685     
   157.05034477911616      -0.76433967316838480     
   157.14656406884342      -0.74456709129522536     
   157.24252168664890      -0.72529013084476524     
   157.33821710532419      -0.70649769008009533     
   157.43364979875142      -0.68817884740006385     
   157.52881924190896      -0.67032286185399426     
   157.62372491087706      -0.65291917345607331     
   157.71836628284350      -0.63595740327800288     
   157.81274283610932      -0.61942735334992249     
   157.90685405009430      -0.60331900637497216     
   158.00069940534300      -0.58762252526997372     
   158.09427838352991      -0.57232825254206188     
   158.18759046746547      -0.55742670951196160     
   158.28063514110164      -0.54290859539278158     
   158.37341188953727      -0.52876478623532441     
   158.46592019902417      -0.51498633374688818     
   158.55815955697233      -0.50156446399347410     
   158.65012945195576      -0.48849057599413737     
   158.74182937371799      -0.47575624021355289     
   158.83325881317776      -0.46335319696231914     
   158.92441726243456      -0.45127335471126917     
   159.01530421477429      -0.43950878832665408     
   159.10591916467459      -0.42805173723378087     
   159.19626160781087      -0.41689460351381913     
   159.28633104106149      -0.40602994994167341     
   159.37612696251335      -0.39545049796892340     
   159.46564887146775      -0.38514912565851289     
   159.55489626844562      -0.37511886557603963     
   159.64386865519330      -0.36535290264220577     
   159.73256553468772      -0.35584457195159619     
   159.82098641114231      -0.34658735656215200     
   159.90913079001251      -0.33757488525918977     
   159.99699817800081      -0.32880093029839130     
   160.08458808306287      -0.32025940513172213     
   160.17190001441256      -0.31194436211873039     
   160.25893348252771      -0.30384999022818243     
   160.34568799915547      -0.29597061273206160     
   160.43216307731782      -0.28830068489536176     
   160.51835823131697      -0.28083479166441838     
   160.60427297674087      -0.27356764535629297     
   160.68990683046877      -0.26649408343256215     
   160.77525931067643      -0.25960906580196558     
   160.86032993684159      -0.25290767331535086     
   160.94511822974971      -0.24638510470169839     
   161.02962371149886      -0.24003667468669770     
   161.11384590550554      -0.23385781165993691     
   161.19778433650984      -0.22784405543493316     
   161.28143853058097      -0.22199105502642211     
   161.36480801512263      -0.21629456644623665     
   161.44789231887813      -0.21075045051932603     
   161.53069097193614      -0.20535467072086200     
   161.61320350573564      -0.20010329103593924     
   161.69542945307160      -0.19499247384233218     
   161.77736834809997      -0.19001847781794218     
   161.85901972634335      -0.18517765587333315     
   161.94038312469601      -0.18046645311002510     
   162.02145808142927      -0.17588140480576936     
   162.10224413619687      -0.17141913442690618     
   162.18274083004025      -0.16707635166866122     
   162.26294770539349      -0.16284985052375259     
   162.34286430608901      -0.15873650737968603     
   162.42249017736259      -0.15473327914536053     
   162.50182486585857      -0.15083720140689058     
   162.58086791963515      -0.14704538661329547     
   162.65961888816958      -0.14335502229190528     
   162.73807732236332      -0.13976336929400990     
   162.81624277454731      -0.13626776007050276     
   162.89411479848692      -0.13286559697787445     
   162.97169294938752      -0.12955435061435969     
   163.04897678389918      -0.12633155818642991     
   163.12596586012216      -0.12319482190547219     
   163.20265973761178      -0.12014180741452365     
   163.27905797738373      -0.11717024224511163     
   163.35516014191907      -0.11427791430398124     
   163.43096579516933      -0.11146267038947609     
   163.50647450256156      -0.10872241473750341     
   163.58168583100343      -0.10605510759684901     
   163.65659934888845      -0.10345876383347725     
   163.73121462610055      -0.10093145156378049     
   163.80553123401967       -9.8471290816361606E-002
   163.87954874552636       -9.6076452222021672E-002
   163.95326673500696       -9.3745155731771418E-002
   164.02668477835857       -9.1475669362504133E-002
   164.09980245299400       -8.9266307969961586E-002
   164.17261933784667       -8.7115432052608549E-002
   164.24513501337577       -8.5021446560058556E-002
   164.31734906157095       -8.2982799780042318E-002
   164.38926106595727       -8.0997982185113337E-002
   164.46087061160040       -7.9065525351599428E-002
   164.53217728511103       -7.7184000886550044E-002
   164.60318067465025       -7.5352019381682220E-002
   164.67388036993395       -7.3568229391866871E-002
   164.74427596223802       -7.1831316437492077E-002
   164.81436704440316       -7.0140002030388837E-002
   164.88415321083932       -6.8493042722887434E-002
   164.95363405753096       -6.6889229179607504E-002
   165.02280918204175       -6.5327385271572766E-002
   165.09167818351909       -6.3806367192230651E-002
   165.16024066269915       -6.2325062594988004E-002
   165.22849622191157       -6.0882389751827817E-002
   165.29644446508391       -5.9477296732650203E-002
   165.36408499774691       -5.8108760604827191E-002
   165.43141742703867       -5.6775786652777743E-002
   165.49844136170958       -5.5477407616877215E-002
   165.56515641212704       -5.4212682951564298E-002
   165.63156219027991       -5.2980698102066522E-002
   165.69765830978338       -5.1780563799466245E-002
   165.76344438588336       -5.0611415373712866E-002
   165.82892003546149       -4.9472412084069183E-002
   165.89408487703909       -4.8362736466765144E-002
   165.95893853078240       -4.7281593699480255E-002
   166.02348061850668       -4.6228210982112758E-002
   166.08771076368097       -4.5201836933653226E-002
   166.15162859143263       -4.4201741004775946E-002
   166.21523372855162       -4.3227212905664086E-002
   166.27852580349540       -4.2277562048827690E-002
   166.34150444639289       -4.1352117006608957E-002
   166.40416928904949       -4.0450224982909427E-002
   166.46651996495103       -3.9571251298861798E-002
   166.52855610926852       -3.8714578892168505E-002
   166.59027735886244       -3.7879607829692442E-002
   166.65168335228705       -3.7065754833075920E-002
   166.71277372979503       -3.6272452816946799E-002
   166.77354813334148       -3.5499150439589316E-002
   166.83400620658861       -3.4745311665569802E-002
   166.89414759490973       -3.4010415340188643E-002
   166.95397194539390       -3.3293954775408696E-002
   167.01347890684994       -3.2595437346926520E-002
   167.07266812981081       -3.1914384102200134E-002
   167.13153926653789       -3.1250329379095693E-002
   167.19009197102505       -3.0602820434903956E-002
   167.24832589900322       -2.9971417085468119E-002
   167.30624070794408       -2.9355691354173718E-002
   167.36383605706473       -2.8755227130542096E-002
   167.42111160733157       -2.8169619838148318E-002
   167.47806702146448       -2.7598476111717708E-002
   167.53470196394096       -2.7041413483035751E-002
   167.59101610100032       -2.6498060075572157E-002
   167.64700910064761       -2.5968054307489278E-002
   167.70268063265775       -2.5451044602813909E-002
   167.75803036857971       -2.4946689111657927E-002
   167.81305798174029       -2.4454655433638471E-002
   167.86776314724835       -2.3974620358415671E-002
   167.92214554199856       -2.3506269602604754E-002
   167.97620484467575       -2.3049297561086868E-002
   168.02994073575846       -2.2603407062815429E-002
   168.08335289752307       -2.2168309133781275E-002
   168.13644101404773       -2.1743722766593022E-002
   168.18920477121605       -2.1329374696549407E-002
   168.24164385672142       -2.0924999183917568E-002
   168.29375796007022       -2.0530337802392006E-002
   168.34554677258623       -2.0145139233437359E-002
   168.39700998741415       -1.9769159066465952E-002
   168.44814729952338       -1.9402159604586192E-002
   168.49895840571196       -1.9043909675874233E-002
   168.54944300461023       -1.8694184449931275E-002
   168.59960079668443       -1.8352765259657792E-002
   168.64943148424061       -1.8019439428014972E-002
   168.69893477142827       -1.7694000099721861E-002
   168.74811036424393       -1.7376246077719669E-002
   168.79695797053498       -1.7065981664235820E-002
   168.84547730000293       -1.6763016506387507E-002
   168.89366806420750       -1.6467165446148374E-002
   168.94152997656980       -1.6178248374572594E-002
   168.98906275237619       -1.5896090090173499E-002
   169.03626610878158       -1.5620520161318546E-002
   169.08313976481313       -1.5351372792541741E-002
   169.12968344137363       -1.5088486694663495E-002
   169.17589686124501       -1.4831704958593577E-002
   169.22177974909192       -1.4580874932759327E-002
   169.26733183146496       -1.4335848104005462E-002
   169.31255283680420       -1.4096479981891794E-002
   169.35744249544257       -1.3862629986310899E-002
   169.40200053960928       -1.3634161338277242E-002
   169.44622670343301       -1.3410940953888348E-002
   169.49012072294542       -1.3192839341265373E-002
   169.53368233608427       -1.2979730500461849E-002
   169.57691128269687       -1.2771491826236487E-002
   169.61980730454329       -1.2568004013598838E-002
   169.66237014529952       -1.2369150966061492E-002
   169.70459955056072       -1.2174819706504874E-002
   169.74649526784452       -1.1984900290615013E-002
   169.78805704659399       -1.1799285722782651E-002
   169.82928463818095       -1.1617871874408115E-002
   169.87017779590906       -1.1440557404566166E-002
   169.91073627501672       -1.1267243682908153E-002
   169.95095983268064       -1.1097834714814240E-002
   169.99084822801828       -1.0932237068652831E-002
   170.03040122209140       -1.0770359805151385E-002
   170.06961857790861       -1.0612114408773795E-002
   170.10850006042890       -1.0457414721062312E-002
   170.14704543656404       -1.0306176875918005E-002
   170.18525447518186       -1.0158319236693482E-002
   170.22312694710911       -1.0013762335125033E-002
   170.26066262513433       -9.8724288119934715E-003
   170.29786128401065       -9.7342433594965663E-003
   170.33472270045871       -9.5991326652692908E-003
   170.37124665316955       -9.4670253580087828E-003
   170.40743292280726       -9.3378519546579945E-003
   170.44328129201179       -9.2115448091086623E-003
   170.47879154540172       -9.0880380623608072E-003
   170.51396346957711       -8.9672675941310283E-003
   170.54879685312198       -8.8491709758299411E-003
   170.58329148660712       -8.7336874248990400E-003
   170.61744716259278       -8.6207577604527109E-003
   170.65126367563118       -8.5103243601858426E-003
   170.68474082226911       -8.4023311185367228E-003
   170.71787840105068       -8.2967234060221662E-003
   170.75067621251978       -8.1934480297617528E-003
   170.78313405922248       -8.0924531951189933E-003
   170.81525174570982       -7.9936884684520260E-003
   170.84702907853998       -7.8971047409299409E-003
   170.87846586628109       -7.8026541933829980E-003
   170.90956191951324       -7.7102902621670492E-003
   170.94031705083125       -7.6199676060072037E-003
   170.97073107484692       -7.5316420737850205E-003
   171.00080380819134       -7.4452706732620845E-003
   171.03053506951736       -7.3608115406901204E-003
   171.05992467950171       -7.2782239113085212E-003
   171.08897246084740       -7.1974680906743953E-003
   171.11767823828615       -7.1185054268253665E-003
   171.14604183858017       -7.0412982832421412E-003
   171.17406309052484       -6.9658100125836739E-003
   171.20174182495060       -6.8920049311862828E-003
   171.22907787472528       -6.8198482942932338E-003
   171.25607107475614       -6.7493062719990848E-003
   171.28272126199195       -6.6803459258806585E-003
   171.30902827542516       -6.6129351863167558E-003
   171.33499195609389       -6.5470428304524632E-003
   171.36061214708408       -6.4826384608054110E-003
   171.38588869353131       -6.4196924844852976E-003
   171.41082144262288       -6.3581760930287367E-003
   171.43541024359985       -6.2980612423212349E-003
   171.45965494775882       -6.2393206358436776E-003
   171.48355540845381       -6.1819277018985439E-003
   171.50711148109838       -6.1258565797720488E-003
   171.53032302316723       -6.0710821004195253E-003
   171.55318989419814       -6.0175797699019594E-003
   171.57571195579385       -5.9653257529860585E-003
   171.59788907162346       -5.9142968572309662E-003
   171.61972110742471       -5.8644705175402486E-003
   171.64120793100540       -5.8158247811585326E-003
   171.66234941224499       -5.7683382931218883E-003
   171.68314542309659       -5.7219902821390905E-003
   171.70359583758830       -5.6767605468844122E-003
   171.72370053182490       -5.6326294427070170E-003
   171.74345938398966       -5.5895778687403879E-003
   171.76287227434557       -5.5475872553895139E-003
   171.78193908523713       -5.5066395522027174E-003
   171.80065970109177       -5.4667172161055877E-003
   171.81903400842126       -5.4278031999997886E-003
   171.83706189582338       -5.3898809417028872E-003
   171.85474325398297       -5.3529343532304225E-003
   171.87207797567390       -5.3169478104136501E-003
   171.88906595575986       -5.2819061428281324E-003
   171.90570709119618       -5.2477946240513610E-003
   171.92200128103079       -5.2145989622126099E-003
   171.93794842640574       -5.1823052908545946E-003
   171.95354843055853       -5.1509001600757130E-003
   171.96880119882309       -5.1203705279622745E-003
   171.98370663863125       -5.0907037523004696E-003
   171.99826465951375       -5.0618875825530303E-003
   172.01247517310154       -5.0339101521029864E-003
   172.02633809312684       -5.0067599707622054E-003
   172.03985333542434       -4.9804259175183227E-003
   172.05302081793207       -4.9548972335417699E-003
   172.06584046069275       -4.9301635154265170E-003
   172.07831218585463       -4.9062147086680035E-003
   172.09043591767249       -4.8830411013732339E-003
   172.10221158250860       -4.8606333181921407E-003
   172.11363910883392       -4.8389823144755120E-003
   172.12471842722860       -4.8180793706425517E-003
   172.13544947038321       -4.7979160867647162E-003
   172.14583217309942       -4.7784843773558405E-003
   172.15586647229100       -4.7597764663628870E-003
   172.16555230698432       -4.7417848823595185E-003
   172.17488961831944       -4.7245024539326720E-003
   172.18387834955075       -4.7079223052618833E-003
   172.19251844604756       -4.6920378518884196E-003
   172.20080985529489       -4.6768427966642993E-003
   172.20875252689413       -4.6623311258902483E-003
   172.21634641256352       -4.6484971056269704E-003
   172.22359146613880       -4.6353352781843028E-003
   172.23048764357355       -4.6228404587862091E-003
   172.23703490293994       -4.6110077323990124E-003
   172.24323320442846       -4.5998324507415134E-003
   172.24908251034901       -4.5893102294396340E-003
   172.25458278512997       -4.5794369453699682E-003
   172.25973399531864       -4.5702087341426001E-003
   172.26453610958046       -4.5616219877641943E-003
   172.26898909869769       -4.5536733524400592E-003
   172.27309293556701       -4.5463597265500673E-003
   172.27684759519533       -4.5396782587757189E-003
   172.28025305469171       -4.5336263463851131E-003
   172.28330929325165       -4.5282016336856057E-003
   172.28601629212565       -4.5234020106550143E-003
   172.28837403454943       -4.5192256117893952E-003
   172.29038250557520       -4.5156708152712206E-003
   172.29204169160198       -4.5127362428197190E-003
   172.29335157880152       -4.5104207616364876E-003
   172.29431214609738       -4.5087234961168230E-003
   172.29492331338346       -4.5076439187549198E-003

