 # Molecular potential
 # R (nm)   Energy shift (MHz)
   1.5401912035721828E-004   0.0000000000000000     
   5.1631908631602540E-004   0.0000000000000000     
   1.0857456499504458E-003   0.0000000000000000     
   1.8622543550159438E-003   0.0000000000000000     
   2.8458368398102088E-003   0.0000000000000000     
   4.0364901412353448E-003   0.0000000000000000     
   5.4342125326706297E-003   0.0000000000000000     
   7.0390025907061246E-003   0.0000000000000000     
   8.8508589167073017E-003   0.0000000000000000     
   1.0869780036539930E-002   0.0000000000000000     
   1.3095764359111731E-002   0.0000000000000000     
   1.5528810157474964E-002   0.0000000000000000     
   1.8168915559358921E-002   0.0000000000000000     
   2.1016078542226119E-002   0.0000000000000000     
   2.4070296930395342E-002   0.0000000000000000     
   2.7331568393460442E-002   0.0000000000000000     
   3.0799890445211177E-002   0.0000000000000000     
   3.4475260442980403E-002   0.0000000000000000     
   3.8357675587236281E-002   0.0000000000000000     
   4.2447132921215353E-002   0.0000000000000000     
   4.6743629330747681E-002   0.0000000000000000     
   5.1247161544047272E-002   0.0000000000000000     
   5.5957726131558382E-002   0.0000000000000000     
   6.0875319505888308E-002   0.0000000000000000     
   6.5999937921644602E-002   0.0000000000000000     
   7.1331577475381602E-002   0.0000000000000000     
   7.6870234105481702E-002   0.0000000000000000     
   8.2615903592085066E-002   0.0000000000000000     
   8.8568581557022727E-002   0.0000000000000000     
   9.4728263463676673E-002   0.0000000000000000     
  0.10109494461697197        0.0000000000000000     
  0.10766862016323561        0.0000000000000000     
  0.11444928509013413        0.0000000000000000     
  0.12143693422659163        0.0000000000000000     
  0.12863156224268818        0.0000000000000000     
  0.13603316364959148        0.0000000000000000     
  0.14364173279943115        0.0000000000000000     
  0.15145726388523675        0.0000000000000000     
  0.15947975094083311        0.0000000000000000     
  0.16770918784073163        0.0000000000000000     
  0.17614556830003184        0.0000000000000000     
  0.18478888587434147        0.0000000000000000     
  0.19363913395962373        0.0000000000000000     
  0.20269630579214620        0.0000000000000000     
  0.21196039444832665        0.0000000000000000     
  0.22143139284462754        0.0000000000000000     
  0.23110929373746872        0.0000000000000000     
  0.24099408972306746        0.0000000000000000     
  0.25108577323734976        0.0000000000000000     
  0.26138433655581894        0.0000000000000000     
  0.27188977179342055        0.0000000000000000     
  0.28260207090442491        0.0000000000000000     
  0.29352122568228245        0.0000000000000000     
  0.30464722775952013        0.0000000000000000     
  0.31598006860757294        0.0000000000000000     
  0.32751973953664848        0.0000000000000000     
  0.33926623169561776        0.0000000000000000     
  0.35121953607183276        0.0000000000000000     
  0.36337964349100821        0.0000000000000000     
  0.37574654461705331        0.0000000000000000     
  0.38832022995192911        0.0000000000000000     
  0.40110068983550140        0.0000000000000000     
  0.41408791444537424        0.0000000000000000     
  0.42728189379673398        0.0000000000000000     
  0.44068261774218848        0.0000000000000000     
  0.45429007597160309        0.0000000000000000     
  0.46810425801192973        0.0000000000000000     
  0.48212515322704957        0.0000000000000000     
  0.49635275081758651        0.0000000000000000     
  0.51078703982073925        0.0000000000000000     
  0.52542800911010945        0.0000000000000000     
  0.54027564739550982        0.0000000000000000     
  0.55532994322280571        0.0000000000000000     
  0.57059088497369181        0.0000000000000000     
  0.58605846086553948        0.0000000000000000     
  0.60173265895119477        0.0000000000000000     
  0.61761346711878728        0.0000000000000000     
  0.63370087309153400        0.0000000000000000     
  0.64999486442753895        0.0000000000000000     
  0.66649542851959531        0.0000000000000000     
  0.68320255259498475        0.0000000000000000     
  0.70011622371526994        0.0000000000000000     
  0.71723642877609262        0.0000000000000000     
  0.73456315450695708        0.0000000000000000     
  0.75209638747101137        0.0000000000000000     
  0.76983611406485353        0.0000000000000000     
  0.78778232051827168        0.0000000000000000     
  0.80593499289408821        0.0000000000000000     
  0.82429411708786726        0.0000000000000000     
  0.84285967882773527        0.0000000000000000     
  0.86163166367413302        0.0000000000000000     
  0.88061005701960315        0.0000000000000000     
  0.89979484408851218        0.0000000000000000     
  0.91918600993688071        0.0000000000000000     
  0.93878353945208159        0.0000000000000000     
  0.95858741735264041        0.0000000000000000     
  0.97859762818798257        0.0000000000000000     
  0.99881415633817261        0.0000000000000000     
   5.5650673109563389        439.43785627866384     
   5.6129176933344338        383.65026701323734     
   5.6609705471963014        340.04277904308555     
   5.7092258302672354        309.84270929851635     
   5.7576835000445516        293.59691981174763     
   5.8063435137970343        290.85018378389992     
   5.8552058285643023        300.43686322890528     
   5.9042704011562135        320.60962195878307     
   5.9535371881522687        348.97299813824208     
   6.0030061459009660        383.07825724774335     
   6.0526772305192118        420.01008013405988     
   6.1025503978917106        457.21855482352015     
   6.1526256036703177        491.94595766299250     
   6.5604952334127375        496.34204376454142     
   6.6123867504527931        459.46043208097603     
   6.6644798494736843        418.09950259045320     
   6.7167744835245058        374.42466505056211     
   6.7692706054138903        330.68479144699978     
   6.8219681677093638        289.11331179092247     
   6.8748671227366724        251.68933123097682     
   6.9279674225791528        220.14055237227845     
   6.9812690190770539        195.67900809172556     
   7.0347718638268608        179.11876925819990     
   7.0884759081806648        170.68168275393597     
   7.1423811032454765        170.15440668703033     
   7.1964873998825514        176.86655268762735     
   7.2507947487067401        189.74440199067337     
   7.3053031000857871        207.54188501890138     
   7.3600124041396624        228.65398868543056     
   7.4149226107399100        251.62593472779048     
   7.4700336695089087        274.68839934077977     
   7.5253455298192415        296.47306853679515     
   7.5808581407929987        315.39193592445514     
   7.6365714513010410        330.36221949455040     
   7.6924854099623809        340.29178857103074     
   7.7485999651434412        344.52589418543016     
   7.8049150649573686        342.72167027252556     
   7.8614306572633188        334.76672899605813     
   7.9181466896658019        321.17074740386960     
   7.9750631095139193        302.42037931820460     
   8.0321798639007138        279.73583870109798     
   8.0894968996624019        254.13353796809258     
   8.1470141633777100        227.16409597041081     
   8.2047316013671363        200.13727020025493     
   8.2626491596922431        174.47324278961739     
   8.3207667841549373        151.41568156134579     
   8.3790844202967403        131.92486868783951     
   8.4376020133980774        116.82792653181666     
   8.4963195084775442        106.52393310464943     
   8.5552368502911662        101.23569837844863     
   8.6143539833316893        100.84656528552648     
   8.6736708518278469        105.01894294230947     
   8.7331873997435885        113.18399638747803     
   8.7929035707773853        124.63562318665932     
   8.8528193083614610        138.43203676626428     
   8.9129345556610513        153.66994584094354     
   8.9732492555736858        169.23239525716187     
   9.0337633507283766        184.10618665170031     
   9.0944767834849554        197.31462945565082     
   9.1553894959332371        207.87238721234866     
   9.2165014298923023        215.18864470268326     
   9.2778125269097647        218.61856156438415     
   9.3393227282609512        217.99075654418670     
   9.4010319749481823        213.31253454893977     
   9.4629402076999884        204.76967682354172     
   9.5250473669703535        192.99057184879649     
   9.5873533929379438        178.52139318015827     
   9.6498582255053122        162.23405024945637     
   9.7125618042981632        144.99263031487720     
   9.7754640686645242        127.59385344776341     
   9.8385649576740253        110.95921357967592     
   9.9018644101170707        95.765875870480855     
   9.9653623645040614        82.687686829677475     
   10.029058759064622        72.265376952513904     
   10.092953531746819        64.843923382465775     
   10.157046620216322        60.677778720749387     
   10.221337961855674        59.808251214431309     
   10.285827493763453        62.118695926977139     
   10.350515152753450        67.294853253405861     
   10.415400875353955        74.891512508114317     
   10.480484597806845        84.292096357349820     
   10.545766256066864        94.774044133791008     
   10.611245785800753        105.63762144556017     
   10.676923122386487        116.08021518200334     
   10.742798200912434        125.43747031053435     
   10.808870956176531        133.16154256812925     
   10.875141322685495        138.71903516071518     
   10.941609234653976        141.86748893183571     
   11.008274626003745        142.43843050763357     
   11.075137430362876        140.34853218539854     
   11.142197581064895        135.78922065846990     
   11.209455011147968        128.94071371730044     
   11.276909653354092        120.10630696887509     
   11.344561440128183        109.78056879301461     
   11.412410303617326        98.406578010011970     
   11.480456175669875        86.547412791170046     
   11.548698987834650        74.839072435349166     
   11.617138671360072        63.818614795259208     
   11.685775157193310        54.046003905779678     
   11.754608375979448        46.002481271655220     
   11.823638258060626        40.006960900549409     
   11.892864733475191        36.284261258304873     
   11.962287731956831        34.902426438553334     
   12.031907182933720        35.786597870555305     
   12.101723015527677        38.746746092367893     
   12.171735158553270        43.480153155194003     
   12.241943540516960        49.637089264089887     
   12.312348089616261        56.787320744494416     
   12.382948733738823        64.456589380768477     
   12.453745400461601        72.206414686880976     
   12.524738017049962        79.547531576894727     
   12.595926510456801        86.000977397454392     
   12.667310807321680        91.203143917999725     
   12.738890833969922        94.799988800021893     
   12.810666516411761        96.515732170948638     
   12.882637780341424        96.272915548047891     
   12.954804551136245        94.065307049720900     
   13.027166753855798        89.980351920733256     
   13.099724313240985        84.297404644693842     
   13.172477153713150        77.344384504307612     
   13.245425199373152        69.462958573220902     
   13.318568374000511        61.090644958811076     
   13.391906601052485        52.654166181909858     
   13.465439803663152        44.518931646630904     
   13.539167904642511        37.064722829014364     
   13.613090826475592        30.634698965168997     
   13.687208491321510        25.486679847326300     
   13.761520821012589        21.835268344400351     
   13.836027737053410        19.824928160110627     
   13.910729160619923        19.496029943502329     
   13.985625012558504        20.801460528602988     
   14.060715213385039        23.592010424862156     
   14.135999683284018        27.628494777262713     
   14.211478342107577        32.621190137480639     
   14.287151109374594        38.220089092942963     
   14.363017904269730        44.048262616261901     
   14.439078645642518        49.769213173731202     
   14.515333252006428        55.060531585285837     
   14.591781641537912        59.604129185292273     
   14.668423732075473        63.159762961793326     
   14.745259441118735        65.552287242536963     
   14.822288685827465        66.616512173457522     
   14.899511383020650        66.259011551291408     
   14.976927449175546        64.500230905081679     
   15.054536800426732        61.410785520797681     
   15.132339352565127        57.116261635770307     
   15.210335021037064        51.855394651913947     
   15.288523720943328        45.931257096305053     
   15.366905367038186        39.645775228199156     
   15.445479873728429        33.321478331629400     
   15.524247155072393        27.293443395975348     
   15.603207124779027        21.845787636396160     
   15.682359696206889        17.205584745155676     
   15.761704782363198        13.567544515947390     
   15.841242295902823        11.074409435940124     
   15.920972149127390        9.8024238521380056     
   16.000894253984189        9.7752543300801538     
   16.081008522065289        10.956848492306218     
   16.161314864606517        13.240525667014333     
   16.241813192486486        16.463907250587198     
   16.322503416225580        20.412252647977137     
   16.403385445985005        24.816773880861827     
   16.484459191565772        29.392282313456686     
   16.565724562407723        33.872217108751478     
   16.647181467588510        37.999678979086319     
   16.728829815822643        41.534577699355530     
   16.810669515460429        44.295147167681300     
   16.892700474487029        46.158160866828283     
   16.974922600521420        47.022676152123779     
   17.057335800815391        46.820733025266954     
   17.139939982252589        45.555297152005707     
   17.222735051347406        43.288763977564379     
   17.305720914244073        40.115240137701889     
   17.388897476715581        36.179449608470662     
   17.472264644162689        31.695349444678655     
   17.555822321612894        26.911145001571651     
   17.639570413719436        22.070576010004419     
   17.723508824760266        17.413072608509726     
   17.807637458636989        13.170733546662294     
   17.891956218873897        9.5394963563301562     
   17.976465008616891        6.6652319157128437     
   18.061163730632465        4.6557670920130114     
   18.146052287306709        3.5833498646563569     
   18.231130580644219        3.4734305606634601     
   18.316398512267099        4.3038798616362657     
   18.401855983413913        6.0085340086325933     
   18.487502894938636        8.4705857777855549     
   18.573339147309628        11.523954639697626     
   18.659364640608590        14.974315610267105     
   18.745579274529494        18.615655746216479     
   18.831982948377551        22.233053504887462     
   18.918575561068195        25.616771200029184     
   19.005357011125952        28.588967665781624     
   19.092327196683470        31.009580945453873     
   19.179486015480411        32.759246412014683     
   19.266833364862407        33.737420900423260     
   19.354369141780001        33.883739718174390     
   19.442093242787603        33.187489400039915     
   19.530005564042387        31.675107408319718     
   19.618106001303261        29.407181413950759     
   19.706394449929803        26.494128644010669     
   19.794870804881135        23.098113435882613     
   19.883534960714940        19.406920596923111     
   19.972386811586308        15.608467742638370     
   20.061426251246722        11.886060022810819     
   20.150653173042929        8.4171843721646802     
   20.240067469915914        5.3605553697784032     
   20.329669034399778        2.8447917736523030     
   20.419457758620670       0.97070632423318326     
   20.509433534295702      -0.18527335917986587     
   20.599596252731875      -0.57885798333604321     
   20.689945804824973      -0.20766244560385083     
   20.780482081058480       0.88830359393533298     
   20.871204971502493        2.6302722325497077     
   20.962114365812631        4.9026051642456387     
   21.053210153228910        7.5604529693339684     
   21.144492222574694        10.447240496824579     
   21.235960462255573        13.409093828003115     
   21.327614760258232        16.295680286254250     
   21.419455004149413        18.957487314158417     
   21.511481081074756        21.253280120298840     
   21.603692877757705        23.062441889303479     
   21.696090280498424        24.288781450202933     
   21.788673175172676        24.858957947819462     
   21.881441447230685        24.729860240274515     
   21.974394981696072        23.903920883691487     
   22.067533663164678        22.434143422442407     
   22.160857375803513        20.410656380335034     
   22.254366003349602        17.942915978852689     
   22.348059429108854        15.152604165203380     
   22.441937535954974        12.173476557573453     
   22.536000206328325        9.1463755152831467     
   22.630247322234769        6.2095078774335191     
   22.724678765244619        3.4932460832112260     
   22.819294416491420        1.1205059486698177     
   22.914094156670902      -0.79658386844823248     
   23.009077866039757       -2.1680029195046262     
   23.104245424414614       -2.9372738932679479     
   23.199596711170809       -3.0845518976749928     
   23.295131605241295       -2.6231240871775570     
   23.390849985115501       -1.5956161409840404     
   23.486751728838168       -7.0630278115436929E-002
   23.582836714008256        1.8630360277507358     
   23.679104817777731        4.1027971933731617     
   23.775555916850490        6.5342363486667550     
   23.872189887481177        9.0295377593479422     
   23.969006605474025        11.450496861063208     
   24.066005946181743        13.660716201123208     
   24.163187784504338        15.540827024342565     
   24.260551994887965        16.997113839241340     
   24.358098451323773        17.962173956681109     
   24.455827027346768        18.394130644544575     
   24.553737596034630        18.278152815045768     
   24.651830030006565        17.626659553320199     
   24.750104201422143        16.474612082654502     
   24.848559981980145        14.873544944397409     
   24.947197242917376        12.890975366671130     
   25.046015855007550        10.615073978728308     
   25.145015688560040        8.1565423982167200     
   25.244196613418797        5.6411994924892666     
   25.343558498961144        3.1961050489825822     
   25.443101214096576       0.93765595279787561     
   25.542824627265642       -1.0338064204305510     
   25.642728606438737       -2.6353027847751385     
   25.742813019114941       -3.8024500914949324     
   25.843077732320829       -4.4912197550424580     
   25.943522612609293       -4.6788124060056813     
   26.044147526058403       -4.3640646752066079     
   26.144952338270159       -3.5692480059916951     
   26.245936914369363       -2.3426658733458701     
   26.347101119002424      -0.75805724256867357     
   26.448444816336135        1.0921155096932809     
   26.549967870056548        3.1070159874134293     
   26.651670143367753        5.1854950253040064     
   26.753551498990667        7.2287260906052007     
   26.855611799161895        9.1399407259320888     
   26.957850905632501        10.825875432606793     
   27.060268679666830        12.201498124367282     
   27.162864982041320        13.195851548327791     
   27.265639673043285        13.756701752419755     
   27.368592612469712        13.854094505594034     
   27.471723659626136        13.483708855288048     
   27.575032673325339        12.668765451805093     
   27.678519511886211        11.457614922387524     
   27.782184033132530        9.9163213242764563     
   27.886026094391774        8.1199045273432375     
   27.990045552493900        6.1474103135693934     
   28.094242263770145        4.0824187416250801     
   28.198616084051835        2.0153380683608777     
   28.303166868669127        4.2116538542665477E-002
   28.407894472449879       -1.7425844904317804     
   28.512798749718364       -3.2547494917446493     
   28.617879554294085       -4.4281545083173777     
   28.723136739490620       -5.2170331201856870     
   28.828570158114303       -5.5954778473884810     
   28.934179662463094       -5.5560026329445904     
   29.039965104325312       -5.1085747491279108     
   29.145926334978455       -4.2801120682299931     
   29.252063205187973       -3.1141857035562075     
   29.358375565206032       -1.6707320076961925     
   29.464863264770297       -2.4945716708404213E-002
   29.571526153102745        1.7362278734243779     
   29.678364078908405        3.5208587987070592     
   29.785376890374117        5.2404526234983981     
   29.892564435167390        6.8163707455316329     
   29.999926560435100        8.1814645973012006     
   30.107463112802300        9.2777662267079091     
   30.215173938370956        10.054354140964131     
   30.323058882718762        10.469347017567570     
   30.431117790897915        10.496300333662692     
   30.539350507433834        10.131169236804441     
   30.647756876323978        9.3949974801637826     
   30.756336741036581        8.3304341605220671     
   30.865089944509453        6.9944178518776017     
   30.974016329148711        5.4513287591693507     
   31.083115736827569        3.7694139395522379     
   31.192388008885104        2.0201876192904296     
   31.301832986125003       0.27846412686869570     
   31.411450508814340       -1.3791623927107861     
   31.521240416682328       -2.8780182646024963     
   31.631202548919074       -4.1503896630361279     
   31.741336744174372       -5.1404969618105589     
   31.851642840556448       -5.8081769839707249     
   31.962120675630668       -6.1305189727193490     
   32.072770086418394       -6.1013541476576032     
   32.183590909395654       -5.7293528228566055     
   32.294582980491946       -5.0361643616665104     
   32.405746135088989       -4.0558485606203734     
   32.517080208019458       -2.8355404598162890     
   32.628585033565749       -1.4356559981397941     
   32.740260445458745        7.2560463261404057E-002
   32.852106276876576        1.6128734440895072     
   32.964122360443312        3.1114069439174084     
   33.076308528227791        4.5020987739008058     
   33.188664611742325        5.7279705346639345     
   33.301190441941479        6.7390417821765203     
   33.413885849220797        7.4903324720180677     
   33.526750663415541        7.9433266689712818     
   33.639784713799479        8.0714247262192771     
   33.752987829083622        7.8663990099684415     
   33.866359837414933        7.3414877093001714     
   33.979900566375150        6.5287845792276054     
   34.093609842979440        5.4724912704158326     
   34.207487493675210        4.2222417852129874     
   34.321533344340835        2.8300613183578043     
   34.435747220284426        1.3513172139484528     
   34.550128946242523      -0.15313928281348460     
   34.664678346378871       -1.6172316579355908     
   34.779395244283165       -2.9738867095036707     
   34.894279462969806       -4.1616455157191039     
   35.009330824876621       -5.1303019209511502     
   35.124549151863590       -5.8431461101790649     
   35.239934265211652       -6.2760316355837569     
   35.355485985621364       -6.4155633104107057     
   35.471204133211714       -6.2586995927864519     
   35.587088527518823       -5.8142592495548993     
   35.703138987494704       -5.1047988774504685     
   35.819355331505975       -4.1666818591191079     
   35.935737377332636       -3.0473481664512012     
   36.052284942166800       -1.8007953467352387     
   36.168997842611411      -0.48342934845689917     
   36.285875894678981       0.84814203014020328     
   36.402918913790394        2.1375274814960994     
   36.520126714773532        3.3287735683477835     
   36.637499111862176        4.3680635064636038     
   36.755035918694531        5.2073214922728654     
   36.872736948312173        5.8085576398113830     
   36.990602013158657        6.1470447717894476     
   37.108630925078280        6.2120552277410237     
   37.226823495314882        6.0053759684204939     
   37.345179534510493        5.5390265316357095     
   37.463698852704141        4.8336994283822410     
   37.582381259330553        3.9184881947077859     
   37.701226563218889        2.8312485182400486     
   37.820234572591517        1.6183223214288154     
   37.939405095062718       0.33271055229032942     
   38.058737937637424      -0.96922420141271115     
   38.178232906709987       -2.2315587890546871     
   38.297889808062891       -3.4019746882774360     
   38.417708446865468       -4.4337173450064471     
   38.537688627672701       -5.2865952220005470     
   38.657830154423898       -5.9277318056363075     
   38.778132830441464       -6.3326410671491500     
   38.898596458429644       -6.4866366371613884     
   39.019220840473231       -6.3860606011471921     
   39.140005778036326       -6.0387064570541789     
   39.260951071961088       -5.4631596502372481     
   39.382056522466421       -4.6872998272350310     
   39.503321929146807       -3.7465168091012457     
   39.624747090970956       -2.6820970636530754     
   39.746331806280558       -1.5398582395223579     
   39.868075872789113      -0.36875106102804878     
   39.989979087580522       0.78093257719473097     
   40.112041247107975        1.8598689101757107     
   40.234262147192560        2.8222804678259346     
   40.356641583022117        3.6282948048353272     
   40.479179349149952        4.2456502494750206     
   40.601875239493474        4.6506154242126971     
   40.724729047333099        4.8283232951610904     
   40.847740565310886        4.7728721207212459     
   40.970909585429311        4.4874396416226219     
   41.094235899049998        3.9843926155575362     
   41.217719296892504        3.2851428125950952     
   41.341359569033003        2.4194560262398230     
   41.465156504903085        1.4240840369509953     
   41.589109893288438       0.34084746575398822     
   41.713219522327691      -0.78551478474773029     
   41.837485179511070       -1.9094020450150564     
   41.961906651679172       -2.9861357912889002     
   42.086483725021729       -3.9734891718637164     
   42.211216185076360       -4.8330978285937212     
   42.336103816727295       -5.5318649550167445     
   42.461146404204129       -6.0433450327226748     
   42.586343731080582       -6.3489539206922121     
   42.711695580273279       -6.4388014152587054     
   42.837201734040406       -6.3120071779117284     
   42.962861973980601       -5.9764967279115124     
   43.088676081031565       -5.4483953008122565     
   43.214643835468934       -4.7511762766084287     
   43.340765016904960       -3.9146689127742165     
   43.467039404287291       -2.9739361594212941     
   43.593466775897753       -1.9679670590467662     
   43.720046909351026      -0.93813496465375901     
   43.846779581593509        7.3552310779651700E-002
   43.973664568902009        1.0262897232975403     
   44.100701646882499        1.8822240568305300     
   44.227890590468931        2.6079571096064500     
   44.355231173921958        3.1757236242508577     
   44.482723170827690        3.5642563652728878     
   44.610366354096470        3.7594051217422715     
   44.738160495961658        3.7545690376533338     
   44.866105367978356        3.5509466021827696     
   44.994200741022233        3.1575458697440069     
   45.122446385288228        2.5908712644912195     
   45.250842070289366        1.8742317882552917     
   45.379387564855485        1.0366850762872635     
   45.508082637132070       0.11170606256268149     
   45.636927054578955      -0.86428915799106287     
   45.765920583969169       -1.8534412370426983     
   45.895062991387654       -2.8178901233055225     
   46.024354042230001       -3.7211393335123129     
   46.153793501201413       -4.5293509658787148     
   46.283381132315206       -5.2125758488077398     
   46.413116698891891       -5.7458900765493413     
   46.542999963557691       -6.1103714041532005     
   46.673030688243479       -6.2938316909386334     
   46.803208634183484       -6.2912371185577767     
   46.933533561914189       -6.1047898413885306     
   47.064005231272944       -5.7436928304257737     
   47.194623401396939       -5.2236521534650864     
   47.325387830721816       -4.5661764314825115     
   47.456298276980618       -3.7977158871678700     
   47.587354497202497       -2.9486591009547278     
   47.718556247711483       -2.0521921120074302     
   47.849903284125361       -1.1430317540622927     
   47.981395361354402      -0.25607025907554037     
   48.113032233600215       0.57500213398294575     
   48.244813654354481        1.3190116691999609     
   48.376739376397822        1.9484712306672656     
   48.508809151798559        2.4405487626253075     
   48.641022731911541        2.7778100651466535     
   48.773379867376931        2.9487403230648654     
   48.905880308119038        2.9480610300895873     
   49.038523803345115        2.7768537898389587     
   49.171310101544165        2.4424873978016404     
   49.304238950485804        1.9583318034418566     
   49.437310097218969        1.3432423035778320     
   49.570523288070852       0.62081292043792391     
   49.703878268645653      -0.18157566638686190     
   49.837374783823421       -1.0338615398044384     
   49.971012577758863       -1.9044917442599523     
   50.104791393880205       -2.7616279637592318     
   50.238710974887987       -3.5743115981930003     
   50.372771062753891       -4.3135516969653267     
   50.506971398719578       -4.9533157675413646     
   50.641311723295551       -5.4714106175132571     
   50.775791776259943       -5.8502372819379440     
   50.910411296657379       -6.0773953530705613     
   51.045170022797819       -6.1461050352770563     
   51.180067692255385       -6.0554163114172015     
   51.315104041867222       -5.8101859561856637     
   51.450278807732317       -5.4208220072753024     
   51.585591725210413       -4.9028155090327878     
   51.721042528920734       -4.2760943290755398     
   51.856630952740986       -3.5642397581426297     
   51.992356729806119       -2.7936037943755232     
   52.128219592507186       -1.9923574962195947     
   52.264219272490237       -1.1894940220992674     
   52.400355500655195      -0.41380820484720199     
   52.536628007154668       0.30712113815533426     
   52.673036521392810       0.94791181006590775     
   52.809580772024283        1.4862799925032817     
   52.946260486953030        1.9038192470350981     
   53.083075393331200        2.1866183951698250     
   53.220025217558010        2.3256924000963211     
   53.357109685278608        2.3172162999350712     
   53.494328521382997        2.1625669659385625     
   53.631681450004884        1.8681872240864210     
   53.769168194520567        1.4452903064197871     
   53.906788477547863       0.90942103859098955     
   54.044542020944967       0.27988686327005335     
   54.182428545809316      -0.42092968713552598     
   54.320447772476577       -1.1683628133715294     
   54.458599420519455       -1.9363384314017129     
   54.596883208746668       -2.6983021053562650     
   54.735298855201805       -3.4281617079777784     
   54.873846077162256       -4.1012026605419614     
   55.012524591138117       -4.6949353341003324     
   55.151334112871119       -5.1898411037459571     
   55.290274357333523       -5.5699934390573542     
   55.429345038727043       -5.8235403593759205     
   55.568545870481820       -5.9430421340417725     
   55.707876565255262       -5.9256621913279277     
   55.847336834931049       -5.7732103881471719     
   55.986926390618024       -5.4920378628159172     
   56.126644942649143       -5.0927837727337701     
   56.266492200580451       -4.5899778181174868     
   56.406467873189911       -4.0015088380804604     
   56.546571668476474       -3.3479778594696010     
   56.686803293658990       -2.6519618233650171     
   56.827162455175106       -1.9372197713789236     
   56.967648858680292       -1.2278752236726191     
   57.108262209046778      -0.54760669237953408     
   57.249002210362463        8.1126219585204273E-002
   57.389868565930001       0.63779916315163843     
   57.530860978265629        1.1044646185342837     
   57.671979149098206        1.4663044741210742     
   57.813222779368239        1.7120805291803141     
   57.954591569226757        1.8344700074206608     
   58.096085218034361        1.8302737157887348     
   58.237703424360205        1.7004866922457311     
   58.379445885980964        1.4502257288480591     
   58.521312299879831        1.0885148184499474     
   58.663302362245531       0.62793732458799167     
   58.805415768471299        8.4171043114581567E-002
   58.947652213153908      -0.52457207795615557     
   59.090011390092656       -1.1781768077340125     
   59.232492992288371       -1.8553010120488502     
   59.375096711942454       -2.5340741158073503     
   59.517822240455871       -3.1927967429101800     
   59.660669268428215       -3.8106229237839244     
   59.803637485656672       -4.3682076245346959     
   59.946726581135103       -4.8483026871309720     
   60.089936243053039       -5.2362840647723461     
   60.233266158794777       -5.5205933339314832     
   60.376716014938339       -5.6930777169845612     
   60.520285497254584       -5.7492157862931474     
   60.663974290706257       -5.6882206436609248     
   60.807782079446980       -5.5130181485275047     
   60.951708546820392       -5.2301038181608828     
   61.095753375359166       -4.8492874036944720     
   61.239916246784070       -4.3833381537668172     
   61.384196842003035       -3.8475461449539865     
   61.528594841110305       -3.2592159835933003     
   61.673109923385404       -2.6371092090366459     
   61.817741767292276       -2.0008515082825120     
   61.962490050478365       -1.3703209129135656     
   62.107354449773773      -0.76503370660688730     
   62.252334641190217      -0.20354567232165655     
   62.397430299920238       0.29711289737801388     
   62.542641100336276       0.72194989001652077     
   62.687966715989774        1.0584542808063526     
   62.833406819610317        1.2969542228275222     
   62.978961083104664        1.4308789980745293     
   63.124629177556052        1.4569180465178548     
   63.270410773223105        1.3750750292108049     
   63.416305539539131        1.1886191960099479     
   63.562313145111169       0.90393976804949649     
   63.708433257719214       0.53031143895624222     
   63.854665544315203        7.9580567742669819E-002
   64.001009671022402      -0.43421748605761673     
   64.147465303134339      -0.99529873855522921     
   64.294032105114127       -1.5866166709933853     
   64.440709740593533       -2.1903808753459333     
   64.587497872372154       -2.7885937113348445     
   64.734396162416658       -3.3635890940964126     
   64.881404271859893       -3.8985566322914140     
   65.028521861000158       -4.3780342381595583     
   65.175748589300255       -4.7883532610737980     
   65.323084115386848       -5.1180221718629602     
   65.470528097049538       -5.3580376497914166     
   65.618080191240111       -5.5021152409671839     
   65.765740054071784       -5.5468351530186997     
   65.913507340818370       -5.4917018625032608     
   66.061381705913533       -5.3391188113030967     
   66.209362802949954       -5.0942815017152245     
   66.357450284678663       -4.7649938716616100     
   66.505643803008198       -4.3614141420576029     
   66.653943009003882       -3.8957375958188369     
   66.802347552887028       -3.3818251234284209     
   66.950857084034268       -2.8347878864161062     
   67.099471250976748       -2.2705400067139356     
   67.248189701399383       -1.7053325807491575     
   67.397012082140208       -1.1552832912813753     
   67.545938039189551      -0.63591622492336641     
   67.694967217689396      -0.16172606964475056     
   67.844099261932641       0.25422033480731537     
   67.993333815362334       0.60063395836028122     
   68.142670520571087       0.86829616626232520     
   68.292109019300241        1.0502874347684314     
   68.441648952439309        1.1421480049861430     
   68.591289960025222        1.1419683339335991     
   68.741031681241623        1.0504089444471063     
   68.890873754418237       0.87065075111212398     
   69.040815817030236       0.60827825698932336     
   69.190857505697480       0.27109930567093032     
   69.340998456183939      -0.13109356200275057     
   69.491238303396997      -0.58681362046302021     
   69.641576681386880       -1.0832142706081918     
   69.792013223345933       -1.6064575870466817     
   69.942547561608066       -2.1421062645692381     
   70.093179327647988       -2.6755272409385804     
   70.243908152080792       -3.1922949070493738     
   70.394733664661217       -3.6785820309033661     
   70.545655494283011       -4.1215272957552260     
   70.696673268978401       -4.5095695855268270     
   70.847786615917528       -4.8327406910181123     
   70.998995161407734       -5.0829097915957968     
   71.150298530893110       -5.2539747420369363     
   71.301696348953811       -5.3419967635033450     
   71.453188239305618       -5.3452765612120157     
   71.604773824799196       -5.2643711860154720     
   71.756452727419742       -5.1020521766020419     
   71.908224568286286       -4.8632067307803748     
   72.060088967651183       -4.5546849096362134     
   72.212045544899652       -4.1850971930365590     
   72.364093918549074       -3.7645680481421371     
   72.516233706248698       -3.3044524693806743     
   72.668464524778926       -2.8170235965070063     
   72.820785990050950       -2.3151404059359839     
   72.973197717106146       -1.8119050101339018     
   73.125699320115572       -1.3203192363710345     
   73.278290412379619      -0.85294988655115866     
   73.430970606327350      -0.42161144866145384     
   73.583739513516178       -3.7074119851762267E-002
   73.736596744631271       0.29119608788797618     
   73.889541909485146       0.55525955692317486     
   74.042574617017280       0.74888315443478515     
   74.195694475293536       0.86767489257414609     
   74.348901091505837       0.90917090901214481     
   74.502194071971601       0.87287353706731341     
   74.655573022133510       0.76024024201879603     
   74.809037546558883       0.57462423061210144     
   74.962587248939400       0.32116861531339053     
   75.116221732090679        6.6571304396104911E-003
   75.269940597951816      -0.36067447637754974     
   75.423743447585068      -0.77136117252313874     
   75.577629881175469       -1.2149593178668083     
   75.731599498030363       -1.6803183436342783     
   75.885651896579134       -2.1558659577818964     
   76.039786674372834       -2.6298991627142425     
   76.194003428083803       -3.0908734278719292     
   76.348301753505311       -3.5276826904375955     
   76.502681245551315       -3.9299234154665186     
   76.657141498255967       -4.2881366708324808     
   76.811682104773453       -4.5940229980737017     
   76.966302657377568       -4.8406257309801921     
   77.121002747461546       -5.0224792886973564     
   77.275781965537547       -5.1357198283661152     
   77.430639901236603       -5.1781564797289210     
   77.585576143308131       -5.1493022122216141     
   77.740590279619809       -5.0503642180630415     
   77.895681897157246       -4.8841945464141183     
   78.050850582023742       -4.6552025962449690     
   78.206095919439989       -4.3692319577764094     
   78.361417493743872       -4.0334049575110633     
   78.516814888390314       -3.6559390716380582     
   78.672287685950835       -3.2459400810831229     
   78.827835468113506       -2.8131774059846553     
   78.983457815682783       -2.3678474415504107     
   79.139154308579123       -1.9203309010558247     
   79.294924525838923       -1.4809501515933916     
   79.450768045614268       -1.0597323183516139     
   79.606684445172874      -0.66618356201773354     
   79.762673300897731      -0.30907943841291852     
   79.918734188287104        3.7243304488859528E-003
   80.074866681954305       0.26545697346811603     
   80.231070355627580       0.47057062467335364     
   80.387344782149938       0.61484871639816208     
   80.543689533479082       0.69548306278713701     
   80.700104180687248       0.71111853248121781     
   80.856588293961110       0.66186486065143990     
   81.013141442601679       0.54927581122469371     
   81.169763195024203       0.37629657231095615     
   81.326453118758124       0.14718094494909670     
   81.483210780446967      -0.13261944561136602     
   81.640035745848209      -0.45659104851830495     
   81.796927579833451      -0.81731594726051104     
   81.953885846388090       -1.2066471377582098     
   82.110910108611463       -1.6158971992983495     
   82.267999928716748       -2.0360357830975349     
   82.425154868030958       -2.4578912362051950     
   82.582374486994979       -2.8723517138641461     
   82.739658345163491       -3.2705613014582706     
   82.897006001204986       -3.6441069490445246     
   83.054417012901851       -3.9851923938042857     
   83.211890937150315       -4.2867956831539216     
   83.369427329960530       -4.5428073901119852     
   83.527025746456644       -4.7481471131740198     
   83.684685740876716       -4.8988563623262689     
   83.842406866573000       -4.9921664410832829     
   84.000188676011831       -5.0265404421719939     
   84.158030720773766       -5.0016889777330231     
   84.315932551553686       -4.9185597686023828     
   84.473893718160923       -4.7793017192668144     
   84.631913769519315       -4.5872046031876970     
   84.789992253667350       -4.3466159700394673     
   84.948128717758323       -4.0628373505019253     
   85.106322708060404       -3.7420022613740569     
   85.264573769956868       -3.3909388861301104     
   85.422881447946182       -3.0170206096537062     
   85.581245285642296       -2.6280078045747541     
   85.739664825774597       -2.2318843930361489     
   85.898139610188380       -1.8366927369497483     
   86.056669179844775       -1.4503703444086415     
   86.215253074821192       -1.0805917275408101     
   86.373890834311339      -0.73461851980030923     
   86.532581996625552      -0.41916067358304948     
   86.691326099191102      -0.14025122729571610     
   86.850122678552253        9.6863229381913690E-002
   87.008971270370708       0.28781464081995917     
   87.167871409425715       0.42918675403974610     
   87.326822629614497       0.51856858768367897     
   87.485824463952497       0.55458749955334574     
   87.644876444573512       0.53692162726128001     
   87.803978102730284       0.46629184759472064     
   87.963128968794621       0.34443376511402946     
   88.122328572257757       0.17405059769047895     
   88.281576441730763       -4.1251828275577079E-002
   88.440872104944802      -0.29704643253075880     
   88.600215088751597      -0.58818074329939074     
   88.759604919123689      -0.90888515782786405     
   88.919041121154933       -1.2528912687643159     
   89.078523219060770       -1.6135577539552572     
   89.238050736178707       -1.9840012169556915     
   89.397623194968773       -2.3572293192094675     
   89.557240117013805       -2.7262735632563251     
   89.716901023020057       -3.0843191672421870     
   89.876605432817442       -3.4248296086230550     
   90.036352865360172       -3.7416636016471347     
   90.196142838727184       -4.0291824992052332     
   90.355974870122481       -4.2823463650167186     
   90.515848475875842       -4.4967972369943237     
   90.675763171443165       -4.6689283883579247     
   90.835718471407020       -4.7959386825617871     
   90.995713889477116       -4.8758714059358761     
   91.155748938491044       -4.9076372447889707     
   91.315823130414500       -4.8910213489783665     
   91.475935976342143       -4.8266746907830829     
   91.636086986497929       -4.7160901849816073     
   91.796275670235858       -4.5615642823845857     
   91.956501536040477       -4.3661449828308658     
   92.116764091527443       -4.1335674321622271     
   92.277062843444284       -3.8681784673166315     
   92.437397297670856       -3.5748516502841006     
   92.597766959220067       -3.2588944796559378     
   92.758171332238518       -2.9259495853252293     
   92.918609920007071       -2.5818917900112335     
   93.079082224941743       -2.2327229617302522     
   93.239587748594076       -1.8844665795209263     
   93.400125991652089       -1.5430638926224860     
   93.560696453940821       -1.2142734723786299     
   93.721298634423150      -0.90357584014120429     
   93.881932031200449      -0.61608470836251672     
   94.042596141513357      -0.35646620170953647     
   94.203290461742512      -0.12886723666155733     
   94.364014487409293        6.3145962268800093E-002
   94.524767713176715       0.21663843804401312     
   94.685549632850012       0.32934560467888230     
   94.846359739377604       0.39970052068049378     
   95.007197524851847       0.42684917426966101     
   95.168062480509775       0.41065381505560933     
   95.328954096734137       0.35168455094656464     
   95.489871863053978       0.25119960367368921     
   95.650815268145735       0.11111478073120924     
   95.811783799833975       -6.6037125065772098E-002
   95.972776945092235      -0.27715615562672036     
   96.133794190044085      -0.51863324652380061     
   96.294835019963813      -0.78641543109855550     
   96.455898919277601       -1.0760770004542037     
   96.616985371564184       -1.3828953538726860     
   96.778093859555995       -1.7019302196849737     
   96.939223865140022       -2.0281048954768988     
   97.100374869358831       -2.3562881500475710     
   97.261546352411401       -2.6813754481794314     
   97.422737793654335       -2.9983682026148517     
   97.583948671602755       -3.3024498245967635     
   97.745178463931225       -3.5890574322436457     
   97.906426647474945       -3.8539481827904161     
   98.067692698230687       -4.0932593161585240     
   98.228976091357879       -4.3035611302223238     
   98.390276301179711       -4.4819022485348912     
   98.551592801184086       -4.6258466855422471     
   98.712925064024873       -4.7335023592413679     
   98.874272561522915       -4.8035408439520477     
   99.035634764667137       -4.8352082941782450     
   99.197011143615768       -4.8283276025613624     
   99.358401167697352       -4.7832919799013007     
   99.519804305412009       -4.7010502614692786     
   99.681220024432577       -4.5830843520089486     
   99.842647791605714       -4.4313793204743588     
   100.00408707295324       -4.2483867450898023     
   100.16553733367319       -4.0369819890455236     
   100.32699803814113       -3.8004161567024783     
   100.48846864991140       -3.5422635389136059     
   100.64994863171825       -3.2663654032806044     
   100.81143744547724       -2.9767710199922899     
   100.97293455228640       -2.6776768358343519     
   101.13443941242760       -2.3733647165962521     
   101.29595148536769       -2.0681401724943824     
   101.45747022976008       -1.7662714602918439     
   101.61899510344583       -1.4719304216176845     
   101.78052556345504       -1.1891358690639668     
   101.94206106600828      -0.92170027160515233     
   102.10360106651791      -0.67318042003931733     
   102.26514501958934      -0.44683267334536930     
   102.42669237902267      -0.24557330005624980     
   102.58824259781386       -7.1944337125749047E-002
   102.74979512815629        7.1914705590839539E-002
   102.91134942144210       0.18428906214409799     
   103.07290492826367       0.26390470939098015     
   103.23446109841514       0.30993809991400167     
   103.39601738089375       0.32201966798278803     
   103.55757322390146       0.30023122962140009     
   103.71912807484631       0.24509747410838356     
   103.88068138034410       0.15757181426429842     
   104.04223258621973        3.9016926391277774E-002
   104.20378113750893      -0.10881963239960277     
   104.36532647845956      -0.28383429158867174     
   104.52686805253352      -0.48360033781977085     
   104.68840530240803      -0.70540427106592130     
   104.84993766997732      -0.94628509746474088     
   105.01146459635432       -1.2030759886734816     
   105.17298552187215       -1.4724477202447663     
   105.33449988608584       -1.7509532935782599     
   105.49600712777399       -2.0350731445632859     
   105.65750668494037       -2.3212603483775776     
   105.81899799481563       -2.6059852438040414     
   105.98048049385896       -2.8857789218220185     
   106.14195361775990       -3.1572750518248274     
   106.30341680143992       -3.4172495542269212     
   106.46486947905420       -3.6626576698636879     
   106.62631108399349       -3.8906680234057807     
   106.78774104888564       -4.0986933297778885     
   106.94915880559758       -4.2844174471406102     
   107.11056378523709       -4.4458185374733992     
   107.27195541815443       -4.5811881541382453     
   107.43333313394442       -4.6891461343895058     
   107.59469636144796       -4.7686512324496553     
   107.75604452875417       -4.8190074845785213     
   107.91737706320212       -4.8398663507729482     
   108.07869339138266       -4.8312247276655045     
   108.23999293914039       -4.7934189733692723     
   108.40127513157550       -4.7271151273040166     
   108.56253939304578       -4.6332955452506868     
   108.72378514716844       -4.5132422044940110     
   108.88501181682210       -4.3685169615145760     
   109.04621882414880       -4.2009390704858234     
   109.20740559055587       -4.0125602907223374     
   109.36857153671811       -3.8056379276343537     
   109.52971608257945       -3.5826061639222044     
   109.69083864735543       -3.3460460459636434     
   109.85193864953477       -3.0986544946500509     
   110.01301550688176       -2.8432127103685141     
   110.17406863643816       -2.5825543384484471     
   110.33509745452531       -2.3195337542127303     
   110.49610137674621       -2.0569948160515676     
   110.65707981798765       -1.7977404201407290     
   110.81803219242232       -1.5445031729800032     
   110.97895791351095       -1.2999174762676611     
   111.13985639400443       -1.0664932947149557     
   111.30072704594593      -0.84659185043576335     
   111.46156928067336      -0.64240345843251923     
   111.62238250882109      -0.45592768675607004     
   111.78316614032252      -0.28895599263243193     
   111.94391958441228      -0.14305695277573105     
   112.10464224962826       -1.9564172768205559E-002
   112.26533354381405        8.0433072717523035E-002
   112.42599287412111       0.15609644941548972     
   112.58661964701118       0.20684243439855043     
   112.74721326825835       0.23234348970754823     
   112.90777314295163       0.23252660757414437     
   113.06829867549702       0.20756932157343144     
   113.22878926962012       0.15789330111561736     
   113.38924432836824        8.4155667265160675E-002
   113.54966325411299       -1.2761814095438815E-002
   113.71004544855248      -0.13176549026135609     
   113.87039031271379      -0.27156434640551502     
   114.03069724695544      -0.43068610200428892     
   114.19096565096977      -0.60749467583536165     
   114.35119492378541      -0.80020881047077697     
   114.51138446376967       -1.0069216433783710     
   114.67153366863110       -1.2256210100339693     
   114.83164193542197       -1.4542102645053505     
   114.99170866054072       -1.6905294051533810     
   115.15173323973455       -1.9323762967322766     
   115.31171506810195       -2.1775277857614004     
   115.47165354009515       -2.4237605131057793     
   115.63154804952279       -2.6688712364126648     
   115.79139798955254       -2.9106964851924735     
   115.95120275271358       -3.1471313828936189     
   116.11096173089923       -3.3761474831546336     
   116.27067431536967       -3.5958094814121875     
   116.43033989675452       -3.8042906780551586     
   116.58995786505548       -3.9998870853008253     
   116.74952760964904       -4.1810300853770581     
   116.90904851928910       -4.3462975683559248     
   117.06851998210983       -4.4944234876464666     
   117.22794138562818       -4.6243057976727169     
   117.38731211674678       -4.7350127478969872     
   117.54663156175656       -4.8257875275753630     
   117.70589910633966       -4.8960512705687451     
   117.86511413557207       -4.9454044448411034     
   118.02427603392653       -4.9736266654916070     
   118.18338418527519       -4.9806749833165451     
   118.34243797289268       -4.9666807128578849     
   118.50143677945874       -4.9319448746157999     
   118.66037998706115       -4.8769323355253480     
   118.81926697719851       -4.8022647399997558     
   118.97809713078335       -4.7087123300637357     
   119.13686982814487       -4.5971847607392133     
   119.29558444903171       -4.4687210170890461     
   119.45424037261530       -4.3244785475491048     
   119.61283697749239       -4.1657217262741817     
   119.77137364168820       -3.9938097602205698     
   119.92984974265944       -3.8101841562372152     
   120.08826465729719       -3.6163558626762504     
   120.24661776193000       -3.4138921984083019     
   120.40490843232679       -3.2044036797087911     
   120.56313604370008       -2.9895308523529036     
   120.72129997070890       -2.7709312324664950     
   120.87939958746188       -2.5502664552540115     
   121.03743426752040       -2.3291897257323604     
   121.19540338390155       -2.1093336600708286     
   121.35330630908140       -1.8922986000764888     
   121.51114241499816       -1.6796414769580195     
   121.66891107305511       -1.4728652935293451     
   121.82661165412392       -1.2734092868838869     
   121.98424352854786       -1.0826398260146268     
   122.14180606614489      -0.90184209113911296     
   122.29929863621089      -0.73221257363658165     
   122.45672060752293      -0.57485242753187671     
   122.61407134834249      -0.43076169554063276     
   122.77135022641873      -0.30083442481885903     
   122.92855660899168      -0.18585467986623375     
   123.08568986279565       -8.6493452580034463E-002
   123.24274935406241       -3.3064622961261111E-003
   123.39973444852458        6.3267168113439978E-002
   123.55664451141895       0.11290538036167941     
   123.71347890748980       0.14540281923173412     
   123.87023700099230       0.16066967290252399     
   124.02691815569590       0.15872975140834564     
   124.18352173488763       0.13971784374660551     
   124.34004710137560       0.10387639782255995     
   124.49649361749233        5.1551570513696868E-002
   124.65286064509839       -1.6811302320382970E-002
   124.80914754558557      -0.10067276405718410     
   124.96535367988061      -0.19940477044693902     
   125.12147840844848      -0.31229664334808244     
   125.27752109129601      -0.43856139020452622     
   125.43348108797538      -0.57734233427839765     
   125.58935775758758      -0.72772000091042521     
   125.74515045878611      -0.88871920570195007     
   125.90085854978032       -1.0593162914311340     
   126.05648138833922       -1.2384464618032671     
   126.21201833179488       -1.4250111614509333     
   126.36746873704620       -1.6178854536332408     
   126.52283196056227       -1.8159253486716658     
   126.67810735838648       -2.0179750385661746     
   126.83329428613962       -2.2228739954018013     
   126.98839209902395       -2.4294638936880300     
   127.14340015182668       -2.6365953193617448     
   127.29831779892372       -2.8431342309355947     
   127.45314439428348       -3.0479681411234414     
   127.60787929147043       -3.2500119902317919     
   127.76252184364900       -3.4482136856207624     
   127.91707140358727       -3.6415592846486367     
   128.07152732366072       -3.8290778016272675     
   128.22588895585605       -4.0098456224845638     
   128.38015565177503       -4.1829905139971686     
   128.53432676263819       -4.3476952174285959     
   128.68840163928883       -4.5032006200093830     
   128.84237963219670       -4.6488084997622554     
   128.99626009146198       -4.7838838431878008     
   129.15004236681909       -4.9078567373362239     
   129.30372580764066       -5.0202238408297575     
   129.45730976294138       -5.1205494408273120     
   129.61079358138196       -5.2084661052938097     
   129.76417661127297       -5.2836749420934108     
   129.91745820057889       -5.3459454784203411     
   130.07063769692223       -5.3951151758440758     
   130.22371444758716       -5.4310885978267036     
   130.37668779952372       -5.4538362479274678     
   130.52955709935190       -5.4633930980829293     
   130.68232169336551       -5.4598568272811407     
   130.83498092753632       -5.4433857917586828     
   130.98753414751818       -5.4141967483353639     
   131.13998069865082       -5.3725623530794042     
   131.29231992596419       -5.3188084574391814     
   131.44455117418266       -5.2533112243799831     
   131.59667378772883       -5.1764940867649338     
   131.74868711072781       -5.0888245701302974     
   131.90059048701144       -4.9908110016810889     
   132.05238326012230       -4.8829991269132096     
   132.20406477331798       -4.7659686547683711     
   132.35563436957534       -4.6403297516399427     
   132.50709139159454       -4.5067195038916079     
   132.65843518180344       -4.3657983678177494     
   132.80966508236165       -4.2182466252098152     
   132.96078043516496       -4.0647608618492326     
   133.11178058184953       -3.9060504853925266     
   133.26266486379609       -3.7428342981923275     
   133.41343262213434       -3.5758371396674602     
   133.56408319774724       -3.4057866118511431     
   133.71461593127532       -3.2334099008325703     
   133.86503016312099       -3.0594307055742092     
   134.01532523345287       -2.8845662849301661     
   134.16550048221029       -2.7095246322661590     
   134.31555524910758       -2.5350017862943943     
   134.46548887363829       -2.3616792855837416     
   134.61530069507995       -2.1902217731828353     
   134.76499005249823       -2.0212747567547837     
   134.91455628475154       -1.8554625285987900     
   135.06399873049526       -1.6933862489201923     
   135.21331672818641       -1.5356221947292721     
   135.36250961608809       -1.3827201758011778     
   135.51157673227385       -1.2352021181890607     
   135.66051741463241       -1.0935608149196172     
   135.80933100087199      -0.95825884264502170     
   135.95801682852488      -0.82972764224284845     
   136.10657423495203      -0.70836676061306569     
   136.25500255734769      -0.59454325023313259     
   136.40330113274385      -0.48859122239070130     
   136.55146929801478      -0.39081154949972818     
   136.69950638988192      -0.30147171128686695     
   136.84741174491813      -0.22080577930658568     
   136.99518469955265      -0.14901453376488541     
   137.14282459007549       -8.6265706339255246E-002
   137.29033075264223       -3.2694342391661149E-002
   137.43770252327869        1.1596724237739268E-002
   137.58493923788549        4.6536290849976979E-002
   137.73204023224295        7.2084107019679280E-002
   137.87900484201563        8.8230104422321376E-002
   138.02583240275717        9.4993542564384359E-002
   138.17252224991486        9.2422077614436077E-002
   138.31907371883469        8.0590761490904980E-002
   138.46548614476578        5.9600978283818877E-002
   138.61175886286540        2.9579324982825967E-002
   138.75789120820366       -9.3235566463347602E-003
   138.90388251576834       -5.6934190347750442E-002
   139.04973212046966      -0.11305751130503724     
   139.19543935714523      -0.17747814138810389     
   139.34100356056484      -0.24996168758393236     
   139.48642406543516      -0.33025605770544864     
   139.63170020640487      -0.41809278768456959     
   139.77683131806938      -0.51318837499474690     
   139.92181673497586      -0.61524561298682812     
   140.06665579162788      -0.72395492116882409     
   140.21134782249069      -0.83899566671081116     
   140.35589216199591      -0.96003747270390127     
   140.50028814454654       -1.0867415089798440     
   140.64453510452188       -1.2187617615319051     
   140.78863237628269       -1.3557462768638617     
   140.93257929417592       -1.4973383778479812     
   141.07637519253987       -1.6431778479383579     
   141.22001940570917       -1.7929020808558578     
   141.36351126801972       -1.9461471931227567     
   141.50685011381398       -2.1025490970905945     
   141.65003527744551       -2.2617445323715484     
   141.79306609328469       -2.4233720538251640     
   141.93594189572329       -2.5870729746281849     
   142.07866201917969       -2.7524922627542416     
   142.22122579810414       -2.9192793904187688     
   142.36363256698368       -3.0870891349694425     
   142.50588166034723       -3.2555823310625649     
   142.64797241277088       -3.4244265735771360     
   142.78990415888305       -3.5932968711410584     
   142.93167623336944       -3.7618762503036383     
   143.07328797097838       -3.9298563105921458     
   143.21473870652596       -4.0969377308829440     
   143.35602777490118       -4.2628307276735695     
   143.49715451107113       -4.4272554660108616     
   143.63811825008648       -4.5899424239855788     
   143.77891832708619       -4.7506327118134939     
   143.91955407730333       -4.9090783466787187     
   144.06002483606986       -5.0650424845890729     
   144.20032993882219       -5.2182996106152553     
   144.34046872110622       -5.3686356889510218     
   144.48044051858278       -5.5158482743163288     
   144.62024466703306       -5.6597465862630978     
   144.75988050236350       -5.8001515480756618     
   144.89934736061150       -5.9368957915648179     
   145.03864457795049       -6.0698236304043922     
   145.17777149069556       -6.1987910022112462     
   145.31672743530845       -6.3236653824776550     
   145.45551174840315       -6.4443256712919323     
   145.59412376675118       -6.5606620547655456     
   145.73256282728710       -6.6725758428467907     
   145.87082826711364       -6.7799792851718230     
   146.00891942350751       -6.8827953666024406     
   146.14683563392430       -6.9809575840595999     
   146.28457623600431       -7.0744097062318767     
   146.42214056757788       -7.1631055177050449     
   146.55952796667077       -7.2470085490031328     
   146.69673777150959       -7.3260917940149346     
   146.83376932052744       -7.4003374162110811     
   146.97062195236916       -7.4697364450285155     
   147.10729500589696       -7.5342884637398093     
   147.24378782019591       -7.5940012900883316     
   147.38009973457940       -7.6488906509199959     
   147.51623008859471       -7.6989798519741299     
   147.65217822202840       -7.7442994439888837     
   147.78794347491200       -7.7848868861789340     
   147.92352518752753       -7.8207862081174770     
   148.05892270041298       -7.8520476710528051     
   148.19413535436786       -7.8787274294996994     
   148.32916249045888       -7.9008871940788801     
   148.46400345002559       -7.9185938963995728     
   148.59865757468563       -7.9319193567764428     
   148.73312420634070       -7.9409399555260531     
   148.86740268718202       -7.9457363085293293     
   149.00149235969593       -7.9463929477143100     
   149.13539256666957       -7.9429980070476995     
   149.26910265119650       -7.9356429145960927     
   149.40262195668231       -7.9244220911576244     
   149.53594982685027       -7.9094326559325987     
   149.66908560574711       -7.8907741396479185     
   149.80202863774861       -7.8685482055109617     
   149.93477826756518       -7.8428583783313472     
   150.06733384024776       -7.8138097820961736     
   150.19969470119324       -7.7815088862604087     
   150.33186019615059       -7.7460632609574720     
   150.46382967122608       -7.7075813413189245     
   150.59560247288937       -7.6661722010295490     
   150.72717794797902       -7.6219453352469699     
   150.85855544370838       -7.5750104530064064     
   150.98973430767126       -7.5254772787141642     
   151.12071388784767       -7.4734553640415955     
   151.25149353260963       -7.4190539081409170     
   151.38207259072689       -7.3623815881069694     
   151.51245041137275       -7.3035463985120916     
   151.64262634412989       -7.2426555002859754     
   151.77259973899595       -7.1798150787706545     
   151.90236994638965       -7.1151302108536623     
   152.03193631715629       -7.0487047410306616     
   152.16129820257387       -6.9806411662519983     
   152.29045495435847       -6.9110405293930333     
   152.41940592467060       -6.8400023211756054     
   152.54815046612066       -6.7676243903712541     
   152.67668793177504       -6.6940028620950160     
   152.80501767516168       -6.6192320640169795     
   152.93313905027611       -6.5434044603029644     
   153.06105141158736       -6.4666105931055506     
   153.18875411404369       -6.3889390314346617     
   153.31624651307862       -6.3104763272427533     
   153.44352796461655       -6.2313069785733806     
   153.57059782507901       -6.1515133996419191     
   153.69745545139017       -6.0711758977377714     
   153.82410020098320       -5.9903726568639399     
   153.95053143180559       -5.9091797280721243     
   154.07674850232561       -5.8276710264739000     
   154.20275077153792       -5.7459183350926626     
   154.32853759896958       -5.6639913153866042     
   154.45410834468598       -5.5819575250977076     
   154.57946236929669       -5.4998824433668663     
   154.70459903396167       -5.4178295037903155     
   154.82951770039682       -5.3358601360230304     
   154.95421773088023       -5.2540338168258272     
   155.07869848825806       -5.1724081317899806     
   155.20295933595048       -5.0910388493771679     
   155.32699963795756       -5.0099800094906346     
   155.45081875886544       -4.9292840295777705     
   155.57441606385214       -4.8490018323314557     
   155.69779091869350       -4.7691830005788960     
   155.82094268976948       -4.6898759671000914     
   155.94387074406964       -4.6111282502482762     
   156.06657444919975       -4.5329867508937722     
   156.18905317338712       -4.4554981332230961     
   156.31130628548721       -4.3787093228426173     
   156.43333315498927       -4.3026681729822878     
   156.55513315202248       -4.2274243781863676     
   156.67670564736187       -4.1530307635473793     
   156.79805001243460       -4.0795451640593470     
   156.91916561932553       -4.0070332699947739     
   157.04005184078375       -3.9355731332205584     
   157.16070805022827       -3.8652627065824166     
   157.28113362175415       -3.7962333598941127     
   157.40132793013862       -3.7286764080820736     
   157.52129035084698       -3.6629021542072047     
   157.64102026003872       -3.5994988112419817     
   157.76051703457370       -3.5399315856515909     
   157.87978005201788       -3.4929552430738737     
   157.99880869064961       -3.4309165197307454     
   158.11760232946574       -3.3581755766792178     
   158.23616034818744       -3.2864983471617775     
   158.35448212726649       -3.2158908117300959     
   158.47256704789129       -3.1463577425617268     
   158.59041449199270       -3.0779027533140244     
   158.70802384225053       -3.0105283481892422     
   158.82539448209923       -2.9442359701707472     
   158.94252579573421       -2.8790260483802528     
   159.05941716811776       -2.8148980445254042     
   159.17606798498520       -2.7518504984028422     
   159.29247763285099       -2.6898810724233435     
   159.40864549901480       -2.6289865951386977     
   159.52457097156747       -2.5691631037465550     
   159.64025343939724       -2.5104058855523967     
   159.75569229219582       -2.4527095183788146     
   159.87088692046436       -2.3960679099052813     
   159.98583671551975       -2.3404743359318845     
   160.10054106950054       -2.2859214775617427     
   160.21499937537297       -2.2324014572977040     
   160.32921102693729       -2.1799058740501174     
   160.44317541883370       -2.1284258370635833     
   160.55689194654852       -2.0779519987578237     
   160.67036000642011       -2.0284745864780862     
   160.78357899564520       -1.9799834333104929     
   160.89654831228486       -1.9324680074554046     
   161.00926735527062       -1.8859174411206958     
   161.12173552441055       -1.8403205579081552     
   161.23395222039539       -1.7956658993892374     
   161.34591684480452       -1.7519417506334241     
   161.45762880011227       -1.7091361647430052     
   161.56908748969389       -1.6672369864162231     
   161.68029231783163       -1.6262318745538131     
   161.79124268972080       -1.5861083239261136     
   161.90193801147603       -1.5468536859218744     
   162.01237769013721       -1.5084551883989421     
   162.12256113367562       -1.4708999546537127     
   162.23248775100009       -1.4341750215348907     
   162.34215695196292       -1.3982673567163859     
   162.45156814736620       -1.3631638751567017     
   162.56072074896775       -1.3288514547612913     
   162.66961416948715       -1.2953169512719633     
   162.77824782261203       -1.2625472124034949     
   162.88662112300398       -1.2305290912496747     
   162.99473348630465       -1.1992494589801939     
   163.10258432914191       -1.1686952168491649     
   163.21017306913598       -1.1388533075367542     
   163.31749912490525       -1.1097107258458709     
   163.42456191607258       -1.0812545287732309     
   163.53136086327126       -1.0534718449782048     
   163.63789538815135       -1.0263498836636409     
   163.74416491338519      -0.99987594289985071     
   163.85016886267405      -0.97403741739914551     
   163.95590666075390      -0.94882180577014219     
   164.06137773340143      -0.92421671726550603     
   164.16658150744024      -0.90020987824331555     
   164.27151741074690      -0.87678913698075156     
   164.37618487225680      -0.85394247097006371     
   164.48058332197056      -0.83165798989915429     
   164.58471219095955      -0.80992394111302968     
   164.68857091137261      -0.78872871353124829     
   164.79215891644131      -0.76806084137310693     
   164.89547564048672      -0.74790900752033174     
   164.99852051892489      -0.72826204653272020     
   165.10129298827326      -0.70910894733114815     
   165.20379248615635      -0.69043885556439655     
   165.30601845131207      -0.67224107567334102     
   165.40797032359748      -0.65450507266744273     
   165.50964754399499      -0.63722047362741074     
   165.61104955461838      -0.62037706894735967     
   165.71217579871850      -0.60396481332960761     
   165.81302572068969      -0.58797382654524910     
   165.91359876607541      -0.57239439397142022     
   166.01389438157449      -0.55721696691914713     
   166.11391201504694      -0.54243216276202133     
   166.21365111551995      -0.52803076487675571     
   166.31311113319396      -0.51400372240718883     
   166.41229151944844      -0.50034214986178505     
   166.51119172684818      -0.48703732655396414     
   166.60981120914875      -0.47408069589599228     
   166.70814942130292      -0.46146386455559041     
   166.80620581946633      -0.44917860148284361     
   166.90397986100351      -0.43721683681834428     
   167.00147100449385      -0.42557066068844146     
   167.09867870973738      -0.41423232189747039     
   167.19560243776084      -0.40319422652333053     
   167.29224165082354      -0.39244893642428913     
   167.38859581242326      -0.38198916766395885     
   167.48466438730205      -0.37180778886084564     
   167.58044684145230      -0.36189781946923716     
   167.67594264212255      -0.35225242799699646     
   167.77115125782331      -0.34286493017315711     
   167.86607215833303      -0.33372878703402259     
   167.96070481470377      -0.32483760302657205     
   168.05504869926733      -0.31618512399832432     
   168.14910328564090      -0.30776523519740684     
   168.24286804873307      -0.29957195922592617     
   168.33634246474929      -0.29159945396762943     
   168.42952601119813      -0.28384201049256802     
   168.52241816689701      -0.27629405094218273     
   168.61501841197779      -0.26895012639918070     
   168.70732622789257      -0.26180491474450446     
   168.79934109741993      -0.25485321850590620     
   168.89106250467015      -0.24808996270058400     
   168.98248993509131      -0.24151019267451859     
   169.07362287547494      -0.23510907194178293     
   169.16446081396188      -0.22888188002626028     
   169.25500324004790      -0.22282401030777152     
   169.34524964458950      -0.21693096787516694     
   169.43519951980969      -0.21119836738858386     
   169.52485235930362      -0.20562193095253312     
   169.61420765804439      -0.20019748600164633     
   169.70326491238859      -0.19492096320117372     
   169.79202362008218      -0.18978839436295161     
   169.88048328026605      -0.18479591037940957     
   169.96864339348173      -0.17993973917575645     
   170.05650346167718      -0.17521620368252533     
   170.14406298821217      -0.17062171982907329     
   170.23132147786416      -0.16615279455910792     
   170.31827843683374      -0.16180602386926754     
   170.40493337275049      -0.15757809087176608     
   170.49128579467842      -0.15346576388135938     
   170.57733521312161      -0.14946589452772355     
   170.66308114002976      -0.14557541589386380     
   170.74852308880386      -0.14179134068077229     
   170.83366057430166      -0.13811075939907513     
   170.91849311284338      -0.13453083858798762     
   171.00302022221709      -0.13104881906192556     
   171.08724142168430      -0.12766201418491258     
   171.17115623198546      -0.12436780817344931     
   171.25476417534563      -0.12116365442742559     
   171.33806477547967      -0.11804707388978840     
   171.42105755759815      -0.11501565343539276     
   171.50374204841233      -0.11206704428356672     
   171.58611777614016      -0.10919896045305484     
   171.66818427051118      -0.10640917722564730     
   171.74994106277251      -0.10369552965497933     
   171.83138768569373      -0.10105591109622329     
   171.91252367357282       -9.8488271765844820E-002
   171.99334856224112       -9.5990617329555522E-002
   172.07386188906904       -9.3561007518412911E-002
   172.15406319297128       -9.1197554772723774E-002
   172.23395201441215       -8.8898422913822689E-002
   172.31352789541114       -8.6661825843167728E-002
   172.39279037954793       -8.4486026268746142E-002
   172.47173901196808       -8.2369334458468765E-002
   172.55037333938802       -8.0310107020245450E-002
   172.62869291010054       -7.8306745708378034E-002
   172.70669727398010       -7.6357696256141611E-002
   172.78438598248781       -7.4461447234106984E-002
   172.86175858867719       -7.2616528933844571E-002
   172.93881464719883       -7.0821512276795631E-002
   173.01555371430607       -6.9075007747892131E-002
   173.09197534786009       -6.7375664353510320E-002
   173.16807910733485       -6.5722168603515804E-002
   173.24386455382279       -6.4113243516987245E-002
   173.31933125003948       -6.2547647651160568E-002
   173.39447876032915       -6.1024174153381676E-002
   173.46930665066961       -5.9541649835571656E-002
   173.54381448867744       -5.8098934270754278E-002
   173.61800184361314       -5.6694918911528371E-002
   173.69186828638621       -5.5328526229772711E-002
   173.76541338956025       -5.3998708877427679E-002
   173.83863672735788       -5.2704448867870075E-002
   173.91153787566606       -5.1444756777526683E-002
   173.98411641204083       -5.0218670967252306E-002
   174.05637191571259       -4.9025256823323066E-002
   174.12830396759088       -4.7863606017273207E-002
   174.19991215026957       -4.6732835784646813E-002
   174.27119604803173       -4.5632088221885220E-002
   174.34215524685442       -4.4560529601238859E-002
   174.41278933441404       -4.3517349703199010E-002
   174.48309790009085       -4.2501761166150058E-002
   174.55308053497410       -4.1512998852758970E-002
   174.62273683186689       -4.0550319232951298E-002
   174.69206638529084       -3.9612999782833100E-002
   174.76106879149143       -3.8700338399488741E-002
   174.82974364844216       -3.7811652831054379E-002
   174.89809055585005       -3.6946280121916482E-002
   174.96610911515995       -3.6103576072550110E-002
   175.03379892955959       -3.5282914713772422E-002
   175.10115960398426       -3.4483687794958945E-002
   175.16819074512159       -3.3705304286026604E-002
   175.23489196141628       -3.2947189888937141E-002
   175.30126286307481       -3.2208786584733536E-002
   175.36730306207005       -3.1489552138075597E-002
   175.43301217214628       -3.0788959686747521E-002
   175.49838980882333       -3.0106497289784172E-002
   175.56343558940171       -2.9441667508455949E-002
   175.62814913296697       -2.8793986995334465E-002
   175.69253006039432       -2.8162986094725062E-002
   175.75657799435348       -2.7548208453970959E-002
   175.82029255931283       -2.6949210645540827E-002
   175.88367338154430       -2.6365561799524262E-002
   175.94672008912787       -2.5796843246295373E-002
   176.00943231195589       -2.5242648169106732E-002
   176.07180968173773       -2.4702581266323159E-002
   176.13385183200438       -2.4176258423093032E-002
   176.19555839811252       -2.3663306392148527E-002
   176.25692901724946       -2.3163362483595747E-002
   176.31796332843714       -2.2676074263309875E-002
   176.37866097253681       -2.2201099259893470E-002
   176.43902159225328       -2.1738104679803683E-002
   176.49904483213933       -2.1286767130553729E-002
   176.55873033859996       -2.0846772351712530E-002
   176.61807775989692       -2.0417814953478559E-002
   176.67708674615278       -1.9999598162711206E-002
   176.73575694935542       -1.9591833576097780E-002
   176.79408802336215       -1.9194240920403494E-002
   176.85207962390399       -1.8806547819457002E-002
   176.90973140859006       -1.8428489567833904E-002
   176.96704303691135       -1.8059808910952036E-002
   177.02401417024544       -1.7700255831464159E-002
   177.08064447186030       -1.7349587341744556E-002
   177.13693360691860       -1.7007567282309278E-002
   177.19288124248172       -1.6673966126011901E-002
   177.24848704751398       -1.6348560787859224E-002
   177.30375069288658       -1.6031134440263078E-002
   177.35867185138170       -1.5721476333614488E-002
   177.41325019769673       -1.5419381622024412E-002
   177.46748540844794       -1.5124651194045411E-002
   177.52137716217476       -1.4837091508301155E-002
   177.57492513934363       -1.4556514433830730E-002
   177.62812902235200       -1.4282737095051816E-002
   177.68098849553215       -1.4015581721186809E-002
   177.73350324515525       -1.3754875500036037E-002
   177.78567295943526       -1.3500450435995634E-002
   177.83749732853255       -1.3252143212163234E-002
   177.88897604455806       -1.3009795056423371E-002
   177.94010880157686       -1.2773251611448188E-002
   177.99089529561223       -1.2542362808420323E-002
   178.04133522464906       -1.2316982744446066E-002
   178.09142828863801       -1.2096969563501999E-002
   178.14117418949888       -1.1882185340849597E-002
   178.19057263112467       -1.1672495970806889E-002
   178.23962331938492       -1.1467771057747708E-002
   178.28832596212970       -1.1267883810310055E-002
   178.33668026919295       -1.1072710938646847E-002
   178.38468595239641       -1.0882132554678212E-002
   178.43234272555281       -1.0696032075231430E-002
   178.47965030447003       -1.0514296128008903E-002
   178.52660840695395       -1.0336814460281405E-002
   178.57321675281264       -1.0163479850253874E-002
   178.61947506385934       -9.9941880209858149E-003
   178.66538306391627       -9.8288375568475767E-003
   178.71094047881795       -9.6673298223748875E-003
   178.75614703641469       -9.5095688835208653E-003
   178.80100246657591       -9.3554614311714222E-003
   178.84550650119365       -9.2049167069071583E-003
   178.88965887418584       -9.0578464309296631E-003
   178.93345932149978       -8.9141647320641060E-003
   178.97690758111511       -8.7737880798359081E-003
   179.02000339304760       -8.6366352184955794E-003
   179.06274649935202       -8.5026271029880890E-003
   179.10513664412548       -8.3716868367789861E-003
   179.14717357351091       -8.2437396149625183E-003
   179.18885703569975       -8.1187126481592695E-003
   179.23018678093558       -7.9965351408592261E-003
   179.27116256151709       -7.8771382007102875E-003
   179.31178413180112       -7.7604548027944264E-003
   179.35205124820590       -7.6464197339154360E-003
   179.39196366921411       -7.5349695420698984E-003
   179.43152115537566       -7.4260424873771195E-003
   179.47072346931128       -7.3195784944488709E-003
   179.50957037571493       -7.2155191061169738E-003
   179.54806164135709       -7.1138074385518439E-003
   179.58619703508762       -7.0143881376485018E-003
   179.62397632783868       -6.9172073367162069E-003
   179.66139929262766       -6.8222126153793163E-003
   179.69846570456008       -6.7293529596830918E-003
   179.73517534083237       -6.6385787233721634E-003
   179.77152798073467       -6.5498415902775029E-003
   179.80752340565374       -6.4630945378171363E-003
   179.84316139907568       -6.3782918015528010E-003
   179.87844174658855       -6.2953888407767163E-003
   179.91336423588530       -6.2143423051105786E-003
   179.94792865676638       -6.1351100020657530E-003
   179.98213480114231       -6.0576508655650497E-003
   180.01598246303644       -5.9819249253630392E-003
   180.04947143858766       -5.9078932773684954E-003
   180.08260152605266       -5.8355180548401693E-003
   180.11537252580885       -5.7647624003975707E-003
   180.14778424035666       -5.6955904388770627E-003
   180.17983647432217       -5.6279672509538239E-003
   180.21152903445960       -5.5618588475536083E-003
   180.24286172965381       -5.4972321449975273E-003
   180.27383437092246       -5.4340549408771130E-003
   180.30444677141878       -5.3722958906327351E-003
   180.33469874643384       -5.3119244848193938E-003
   180.36459011339866       -5.2529110270298747E-003
   180.39412069188685       -5.1952266124662104E-003
   180.42329030361694       -5.1388431071422947E-003
   180.45209877245418       -5.0837331276848514E-003
   180.48054592441349       -5.0298700217347577E-003
   180.50863158766100       -4.9772278489179445E-003
   180.53635559251686       -4.9257813623733255E-003
   180.56371777145682       -4.8755059908238679E-003
   180.59071795911487       -4.8263778211757244E-003
   180.61735599228504       -4.7783735816250015E-003
   180.64363170992354       -4.7314706252619141E-003
   180.66954495315107       -4.6856469141612726E-003
   180.69509556525443       -4.6408810039376483E-003
   180.72028339168895       -4.5971520287576067E-003
   180.74510828008002       -4.5544396867980546E-003
   180.76957008022552       -4.5127242261289247E-003
   180.79366864409744       -4.4719864310205117E-003
   180.81740382584380       -4.4322076086545500E-003
   180.84077548179062       -4.3933695762306589E-003
   180.86378347044362       -4.3554546484579305E-003
   180.88642765249037       -4.3184456254209604E-003
   180.90870789080148       -4.2823257808095871E-003
   180.93062405043301       -4.2470788504986728E-003
   180.95217599862778       -4.2126890214815070E-003
   180.97336360481714       -4.1791409211218581E-003
   180.99418674062281       -4.1464196067478700E-003
   181.01464527985834       -4.1145105555535338E-003
   181.03473909853088       -4.0833996548101130E-003
   181.05446807484273       -4.0530731923786156E-003
   181.07383208919265       -4.0235178475144621E-003
   181.09283102417800       -3.9947206819534297E-003
   181.11146476459555       -3.9666691312792886E-003
   181.12973319744344       -3.9393509965566786E-003
   181.14763621192245       -3.9127544362303748E-003
   181.16517369943747       -3.8868679582777358E-003
   181.18234555359882       -3.8616804126111802E-003
   181.19915167022376       -3.8371809837231224E-003
   181.21559194733771       -3.8133591835710283E-003
   181.23166628517566       -3.7902048446887752E-003
   181.24737458618321       -3.7677081135252923E-003
   181.26271675501823       -3.7458594440060835E-003
   181.27769269855176       -3.7246495913034567E-003
   181.29230232586934       -3.7040696058197519E-003
   181.30654554827217       -3.6841108273749307E-003
   181.32042227927815       -3.6647648795912697E-003
   181.33393243462325       -3.6460236644765749E-003
   181.34707593226224       -3.6278793571932937E-003
   181.35985269237003       -3.6103244010202143E-003
   181.37226263734252       -3.5933515024881117E-003
   181.38430569179786       -3.5769536266990806E-003
   181.39598178257697       -3.5611239928212907E-003
   181.40729083874490       -3.5458560697491617E-003
   181.41823279159149       -3.5311435719329923E-003
   181.42880757463246       -3.5169804553723785E-003
   181.43901512360989       -3.5033609137728452E-003
   181.44885537649358       -3.4902793748523091E-003
   181.45832827348113       -3.4777304968102952E-003
   181.46743375699947       -3.4657091649400954E-003
   181.47617177170491       -3.4542104883981137E-003
   181.48454226448411       -3.4432297971123738E-003
   181.49254518445477       -3.4327626388390483E-003
   181.50018048296599       -3.4228047763556623E-003
   181.50744811359891       -3.4133521847968988E-003
   181.51434803216722       -3.4044010491273207E-003
   181.52088019671731       -3.3959477617441229E-003
   181.52704456752878       -3.3879889202196455E-003
   181.53284110711400       -3.3805213251681815E-003
   181.53826978021851       -3.3735419782468141E-003
   181.54333055381989       -3.3670480802840412E-003
   181.54802339712657       -3.3610370295301365E-003
   181.55234828157538       -3.3555064200412503E-003
   181.55630518082705       -3.3504540401855212E-003
   181.55989407075762       -3.3458778712723634E-003
   181.56311492944201       -3.3417760863234162E-003
   181.56596773712073       -3.3381470489699011E-003
   181.56845247612665       -3.3349893125379768E-003
   181.57056913070670       -3.3323016193657069E-003
   181.57231768652738       -3.3300829006551310E-003
   181.57369812901558       -3.3283322779059862E-003
   181.57471043595959       -3.3270490717412842E-003
   181.57535452293854       -3.3262328706144366E-003

