 # Molecular potential
 # R (nm)   Energy shift (MHz)
   7.3182661365512802E-005   0.0000000000000000     
   2.4533061065911874E-004   0.0000000000000000     
   5.1589540340910142E-004   0.0000000000000000     
   8.8485591609338218E-004   0.0000000000000000     
   1.3522081756232479E-003   0.0000000000000000     
   1.9179507740735699E-003   0.0000000000000000     
   2.5820828910351730E-003   0.0000000000000000     
   3.3446038501704209E-003   0.0000000000000000     
   4.2055129869137927E-003   0.0000000000000000     
   5.1648096008258502E-003   0.0000000000000000     
   6.2224929358941760E-003   0.0000000000000000     
   7.3785621715542100E-003   0.0000000000000000     
   8.6330164181907375E-003   0.0000000000000000     
   9.9858547147888155E-003   0.0000000000000000     
   1.1437076027566785E-002   0.0000000000000000     
   1.2986679249224959E-002   0.0000000000000000     
   1.4634663198432856E-002   0.0000000000000000     
   1.6381026619518999E-002   0.0000000000000000     
   1.8225768182277190E-002   0.0000000000000000     
   2.0168886481792117E-002   0.0000000000000000     
   2.2210380038356316E-002   0.0000000000000000     
   2.4350247297370536E-002   0.0000000000000000     
   2.6588486629270772E-002   0.0000000000000000     
   2.8925096329496278E-002   0.0000000000000000     
   3.1360074618412261E-002   0.0000000000000000     
   3.3893419641284436E-002   0.0000000000000000     
   3.6525129468222624E-002   0.0000000000000000     
   3.9255202094147394E-002   0.0000000000000000     
   4.2083635438758205E-002   0.0000000000000000     
   4.5010427346466993E-002   0.0000000000000000     
   4.8035575586394368E-002   0.0000000000000000     
   5.1159077852302601E-002   0.0000000000000000     
   5.4380931762565955E-002   0.0000000000000000     
   5.7701134860131689E-002   0.0000000000000000     
   6.1119684612471900E-002   0.0000000000000000     
   6.4636578411550932E-002   0.0000000000000000     
   6.8251813573765696E-002   0.0000000000000000     
   7.1965387339916254E-002   0.0000000000000000     
   7.5777296875155997E-002   0.0000000000000000     
   7.9687539268940080E-002   0.0000000000000000     
   8.3696111534978621E-002   0.0000000000000000     
   8.7803010611198690E-002   0.0000000000000000     
   9.2008233359671787E-002   0.0000000000000000     
   9.6311776566589541E-002   0.0000000000000000     
  0.10071363694219042        0.0000000000000000     
  0.10521381112070965        0.0000000000000000     
  0.10981229566033777        0.0000000000000000     
  0.11450908704314451        0.0000000000000000     
  0.11930418167503663        0.0000000000000000     
  0.12419757588569574        0.0000000000000000     
  0.12918926592851382        0.0000000000000000     
  0.13427924798053753        0.0000000000000000     
  0.13946751814239938        0.0000000000000000     
  0.14475407243826879        0.0000000000000000     
  0.15013890681577163        0.0000000000000000     
  0.15562201714592627        0.0000000000000000     
  0.16120339922309126        0.0000000000000000     
  0.16688304876487911        0.0000000000000000     
  0.17266096141209983        0.0000000000000000     
  0.17853713272868091        0.0000000000000000     
  0.18451155820159984        0.0000000000000000     
  0.19058423324081394        0.0000000000000000     
  0.19675515317918138        0.0000000000000000     
  0.20302431327238715        0.0000000000000000     
  0.20939170869886650        0.0000000000000000     
  0.21585733455972689        0.0000000000000000     
  0.22242118587866733        0.0000000000000000     
  0.22908325760190298        0.0000000000000000     
  0.23584354459807697        0.0000000000000000     
  0.24270204165818016        0.0000000000000000     
  0.24965874349547024        0.0000000000000000     
  0.25671364474537955        0.0000000000000000     
  0.26386673996544080        0.0000000000000000     
  0.27111802363518012        0.0000000000000000     
  0.27846749015604511        0.0000000000000000     
  0.28591513385130873        0.0000000000000000     
  0.29346094896597813        0.0000000000000000     
  0.30110492966670210        0.0000000000000000     
  0.30884707004167505        0.0000000000000000     
  0.31668736410054399        0.0000000000000000     
  0.32462580577431194        0.0000000000000000     
  0.33266238891524069        0.0000000000000000     
  0.34079710729675361        0.0000000000000000     
  0.34902995461333380        0.0000000000000000     
  0.35736092448041956        0.0000000000000000     
  0.36579001043431214        0.0000000000000000     
  0.37431720593205309        0.0000000000000000     
  0.38294250435134913        0.0000000000000000     
  0.39166589899043397        0.0000000000000000     
  0.40048738306798282        0.0000000000000000     
  0.40940694972299446        0.0000000000000000     
  0.41842459201469034        0.0000000000000000     
  0.42754030292238232        0.0000000000000000     
  0.43675407534539262        0.0000000000000000     
  0.44606590210290992        0.0000000000000000     
  0.45547577593389371        0.0000000000000000     
  0.46498368949695634        0.0000000000000000     
  0.47458963537023691        0.0000000000000000     
  0.48429360605128591        0.0000000000000000     
  0.49409559395695407        0.0000000000000000     
  0.50399559142326489        0.0000000000000000     
  0.51399359070528816        0.0000000000000000     
  0.52408958397703020        0.0000000000000000     
  0.53428356333129290        0.0000000000000000     
  0.54457552077956572        0.0000000000000000     
  0.55496544825188121        0.0000000000000000     
  0.56545333759669902        0.0000000000000000     
  0.57603918058077186        0.0000000000000000     
  0.58672296888901809        0.0000000000000000     
  0.59750469412438978        0.0000000000000000     
  0.60838434780773121        0.0000000000000000     
  0.61936192137766033        0.0000000000000000     
  0.63043740619041588        0.0000000000000000     
  0.64161079351973094        0.0000000000000000     
  0.65288207455670122        0.0000000000000000     
  0.66425124040963257        0.0000000000000000     
  0.67571828210390150        0.0000000000000000     
  0.68728319058183063        0.0000000000000000     
  0.69894595670252035        0.0000000000000000     
  0.71070657124172709        0.0000000000000000     
  0.72256502489171159        0.0000000000000000     
  0.73452130826108497        0.0000000000000000     
  0.74657541187466703        0.0000000000000000     
  0.75872732617333516        0.0000000000000000     
  0.77097704151388202        0.0000000000000000     
  0.78332454816885633        0.0000000000000000     
  0.79576983632641018        0.0000000000000000     
  0.80831289609014867        0.0000000000000000     
  0.82095371747897339        0.0000000000000000     
  0.83369229042692516        0.0000000000000000     
  0.84652860478302927        0.0000000000000000     
  0.85946265031114188        0.0000000000000000     
  0.87249441668977634        0.0000000000000000     
  0.88562389351194915        0.0000000000000000     
  0.89885107028501976        0.0000000000000000     
  0.91217593643053307        0.0000000000000000     
  0.92559848128404010        0.0000000000000000     
  0.93911869409493909        0.0000000000000000     
  0.95273656402631113        0.0000000000000000     
  0.96645208015474993        0.0000000000000000     
  0.98026523147018529        0.0000000000000000     
  0.99417600687572683        0.0000000000000000     
   7.1901778424544567        486.11083729652722     
   7.2272377255424773        475.79644441165135     
   7.2643893281135004        475.19687121552255     
   7.3016326096627493        483.78871615661120     
   8.4613540113247065        454.69897102751617     
   8.5014183310199876        413.00974049045880     
   8.5415729438227803        375.87700850187940     
   8.5818178035322852        343.79579533140600     
   8.6221528637669476        317.17795005745216     
   8.6625780779639534        296.45661888092383     
   8.7030933993787354        281.82468605377068     
   8.7436987810844968        273.30215543792127     
   8.7843941759716966        270.85279366892979     
   8.8251795367475641        274.26908036743185     
   8.8660548159356125        283.21512346618726     
   8.9070199658751239        297.27988517323149     
   8.9480749387206568        315.84987648086150     
   8.9892196864415688        338.20538522157921     
   9.0304541608214759        363.67082895754032     
   9.0717783134577825        391.41203845462593     
   9.1131920957611801        420.40968049474816     
   9.1546954589551248        449.79486910411379     
   9.1962883540753513        478.78609425138114     
   9.8308917359970902        486.83033920499776     
   9.8739103276467777        457.45132540821089     
   9.9170175896157211        426.44178418689449     
   9.9602134694734445        394.57682244368152     
   10.003497914592000        362.52040298343417     
   10.046870872145467        330.78938648425162     
   10.090332289109412        300.02083260046567     
   10.133882112260366        270.93477224083136     
   10.177520288175318        244.09267198021024     
   10.221246763231168        219.93806224419384     
   10.265061483604212        198.95188234829513     
   10.308964395269623        181.56742207084272     
   10.352955444000910        168.04443650962517     
   10.397034575369402        158.53198947641437     
   10.441201734743711        153.12184171698763     
   10.485456867289189        151.78242217610833     
   10.529799917967447        154.35250838675947     
   10.574230831535758        160.60030611062075     
   10.618749552546575        170.20083299545314     
   10.663356025346971        182.71443609552975     
   10.708050194078119        197.67501192551941     
   10.752832002674745        214.62766232006692     
   10.797701394864612        233.04002147133568     
   10.842658314167961        252.30719470014509     
   10.887702703896995        271.89618899927194     
   10.932834507155315        291.35905648851650     
   10.978053666837416        310.18710215274149     
   11.023360125628118        327.81586611241295     
   11.068753826002041        343.80222049225813     
   11.114234710223057        357.83658775010684     
   11.159802720343750        369.56547855397827     
   11.205457798204888        378.58008544476860     
   11.251199885434847        384.61177469425968     
   11.297028923449103        387.57213707693762     
   11.342944853449668        387.37212331653058     
   11.388947616424538        383.87662929993832     
   11.435037153147167        377.08851005477550     
   11.481213404175906        367.22146372732328     
   11.527476309853459        354.53426733616533     
   11.573825810306326        339.23646242205353     
   11.620261845444281        321.62204158844776     
   11.666784354959786        302.16129087719429     
   11.713393278327468        281.37125228341517     
   11.760088554803545        259.68778145286558     
   11.806870123425297        237.53431436098452     
   11.853737923010501        215.41931251743341     
   11.900691892156880        193.86741587643266     
   11.947731969241532        173.30195351087499     
   11.994858092420412        154.06442483931636     
   12.042070199627746        136.50063192867248     
   12.089368228575477        120.94918914836073     
   12.136752116752730        107.66567421054890     
   12.184221801425222        96.817421483824660     
   12.231777219634736        88.537631248760135     
   12.279418308198535        82.932654479500215     
   12.327145003708816        80.043375893233232     
   12.374957242532155        79.840785868809604     
   12.422854960808932        82.252503016591845     
   12.470838094452779        87.156874867345564     
   12.518906579150014        94.357471161852686     
   12.567060350359073        103.59869594844311     
   12.615299343309962        114.60240125714515     
   12.663623493003676        127.05751810486957     
   12.712032734211641        140.58447270685488     
   12.760527001475150        154.75796648017908     
   12.809106229104794        169.17720412120292     
   12.857770351179900        183.48275341155184     
   12.906519301547959        197.30403998476410     
   12.955353013824055        210.24378774387225     
   13.004271421390300        221.94937277271006     
   13.053274457395274        232.17204665311672     
   13.102362054753437        240.72515784114947     
   13.151534146144574        247.41234089318507     
   13.200790664013214        252.04443154918030     
   13.250131540568063        254.51968025545295     
   13.299556707781436        254.83849397356937     
   13.349066097388677        253.02680657361043     
   13.398659640887585        249.08515908583465     
   13.448337269537848        243.03851879913171     
   13.498098914360471        235.00616906072420     
   13.547944506137172        225.18491338108694     
   13.597873975409858        213.77495303635484     
   13.647887252479997        200.96072439160341     
   13.697984267408080        186.96843974844703     
   13.748164950013013        172.10613062510828     
   13.798429229871569        156.72358652101454     
   13.848777036317788        141.14870786576657     
   13.899208298442410        125.68150922065566     
   13.949722945092288        110.63313302752336     
   14.000320904869813        96.334704710880501     
   14.051002106132335        83.094689829921805     
   14.101766476991584        71.160072462439700     
   14.152613945313069        60.723643968262991     
   14.203544438715538        51.950309505568249     
   14.254557884570348        44.977538917396380     
   14.305654210000924        39.894144602153041     
   14.356833341882140        36.733897756167750     
   14.408095206839755        35.491910102897037     
   14.459439731249846        36.136230357680148     
   14.510866841238187        38.600215525104311     
   14.562376462679676        42.775390031657039     
   14.613968521197776        48.522199560278011     
   14.665642942163894        55.683240753128402     
   14.717399650696811        64.076506825167925     
   14.769238571662090        73.478611491521931     
   14.821159629671511        83.628440937391929     
   14.873162749082450        94.254999361644053     
   14.925247853997305        105.09708545483053     
   14.977414868262928        115.89268042717173     
   15.029663715469997        126.36093564102197     
   15.081994318952466        136.21423507794498     
   15.134406601786944        145.19802501614612     
   15.186900486792135        153.11588218524480     
   15.239475896528214        159.81377926859133     
   15.292132753296272        165.14999657532783     
   15.344870979137699        168.99459081562884     
   15.397690495833608        171.26113059376311     
   15.450591224904239        171.92879260984770     
   15.503573087608352        171.02399736915328     
   15.556636004942673        168.58230327786566     
   15.609779897641262        164.63566133559786     
   15.663004686174938        159.23714794619929     
   15.716310290750682        152.48891356990691     
   15.769696631311055        144.53769278610176     
   15.823163627533592        135.54466031559772     
   15.876711198830211        125.66722558782504     
   15.930339264346612        115.07258313315485     
   15.984047742961700        103.96213424450983     
   16.037836553286979        92.573547219155273     
   16.091705613665944        81.155534370645000     
   16.145654842173531        69.941542357179017     
   16.199684156615458        59.145332970957654     
   16.253793474527676        48.972229695536178     
   16.307982713175754        39.622741315641726     
   16.362251789554303        31.278734857398401     
   16.416600620386337        24.085744259747685     
   16.471029122122737        18.148805349321197     
   16.525537210941586        13.541809792941413     
   16.580124802747630        10.315983736183446     
   16.634791813171653        8.4983934808146966     
   16.689538157569881        8.0864485203182497     
   16.744363751023396        9.0487592223173348     
   16.799268508337512        11.332292990916674     
   16.854252344041203        14.866182712033583     
   16.909315172386513        19.556959265805606     
   16.964456907347923        25.282092644372099     
   17.019677462621765        31.892070286296136     
   17.074976751625652        39.220969808183838     
   17.130354687497849        47.094717337836691     
   17.185811183096671        55.329272820864965     
   17.241346150999899        63.724712231684776     
   17.296959503504198        72.068489856623685     
   17.352651152624457        80.152154481378275     
   17.408421010093289        87.790225736970484     
   17.464268987360306        94.826126952553437     
   17.520194995591634        101.12318193424093     
   17.576198945669255        106.55420908487757     
   17.632280748190400        111.00371073467082     
   17.688440313466995        114.38159160331011     
   17.744677551525015        116.63357039143780     
   17.800992372103916        117.73620362337401     
   17.857384684656026        117.68064852050136     
   17.913854398345922        116.46129535776511     
   17.970401422049861        114.08048432543600     
   18.027025664355197        110.56423155402152     
   18.083727033559708        105.97333371260227     
   18.140505437671081        100.39981132788118     
   18.197360784406250        93.953728242098904     
   18.254292981190840        86.754057784151215     
   18.311301935158529        78.931241422229178     
   18.368387553150477        70.635718919311813     
   18.425549741714725        62.040131828248640     
   18.482788407105577        53.329258013998363     
   18.540103455283006        44.683679988424664     
   18.597494791912084        36.268443376183669     
   18.654962322362323        28.232124846939918     
   18.712505951707136        20.711802406041883     
   18.770125584723214        13.835451837334142     
   18.827821125889912        7.7181324953301269     
   18.885592479388681        2.4558230170133561     
   18.943439549102436       -1.8769767345102160     
   19.001362238614984       -5.2242772089495997     
   19.059360451210424       -7.5443967957112799     
   19.117434089872518       -8.8095341868347852     
   19.175583057284136       -9.0097606251593394     
   19.233807255826630       -8.1574889206876104     
   19.292106587579237       -6.2884199238121408     
   19.350480954318499       -3.4590377530537739     
   19.408930257517657       0.25585812207698866     
   19.467454398346032        4.7630838390194343     
   19.526053277668467        9.9500719840615783     
   19.584726796044702        15.687042684226460     
   19.643474853728787        21.834300050231072     
   19.702297350668488        28.251753542360593     
   19.761194186504678        34.805163960469422     
   19.820165260570761        41.366142193405850     
   19.879210471892073        47.808332729516231     
   19.938329719185255        54.005345541154988     
   19.997522900857703        59.833894169253412     
   20.056789915006945        65.180284199838795     
   20.116130659420065        69.944925570359203     
   20.175545031573087        74.041232655812877     
   20.235032928630396        77.390601310063403     
   20.294594247444142        79.919176123312511     
   20.354228884553645        81.561081511227215     
   20.413936736184812        82.267485047168378     
   20.473717698249530        82.015862717071869     
   20.533571666345068        80.813427571793937     
   20.593498535753518        78.693134553554842     
   20.653498201441167        75.706090308858307     
   20.713570558057938        71.916049687150846     
   20.773715499936756        67.398746784514699     
   20.833932921093023        62.243977748621333     
   20.894222715223965        56.555863481383035     
   20.954584775708071        50.448498685022685     
   21.015018995604503        44.038417262579152     
   21.075525267652516        37.438216865323312     
   21.136103484270848        30.754904826279098     
   21.196753537557154        24.092908834473903     
   21.257475319287405        17.558319164009554     
   21.318268720915306        11.260401844101073     
   21.379133633571712        5.3088627783398019     
   21.440069948064050      -0.19146432973824576     
   21.501077554875710       -5.1454430640003572     
   21.562156344165487       -9.4701113864425182     
   21.623306205766976       -13.095320637923109     
   21.684527029188015       -15.964403717708041     
   21.745818703610070       -18.036064813465924     
   21.807181117887687       -19.286841426579652     
   21.868614160547857       -19.712297001004011     
   21.930117719789525       -19.325669632668667     
   21.991691683482898       -18.154501205241669     
   22.053335939168971       -16.237197398691205     
   22.115050374058864       -13.621315228474570     
   22.176834875033297       -10.363841918519375     
   22.238689328641982       -6.5321481167088811     
   22.300613621103075       -2.2039503299629937     
   22.362607638302560        2.5343092978627220     
   22.424671265793723        7.5897714739648352     
   22.486804388796518        12.864694745505322     
   22.549006892197045        18.256627736154538     
   22.611278660546962        23.658205876073193     
   22.673619578062858        28.958461553007478     
   22.736029528625796        34.046882604950611     
   22.798508395780619        38.819597629297945     
   22.861056062735454        43.185360774157353     
   22.923672412361125        47.068778099285765     
   22.986357327190568        50.409718774878378     
   23.049110689418292        53.160055847570661     
   23.111932380899770        55.280252120799439     
   23.174822283150920        56.737963088632334     
   23.237780277347490        57.509133221367819     
   23.300806244324541        57.580283033434128     
   23.363900064575841        56.950051454877872     
   23.427061618253333        55.628907312310091     
   23.490290785166550        53.637534297195771     
   23.553587444782075        51.005493259889505     
   23.616951476222944        47.771558976513070     
   23.680382758268134        43.985781129508602     
   23.743881169351962        39.711816908556919     
   23.807446587563547        35.027510745923699     
   23.871078890646263        30.022482335493091     
   23.934777955997152        24.793114217300772     
   23.998543660666396        19.436730213726886     
   24.062375881356751        14.047051339366000     
   24.126274494422994        8.7121125188183193     
   24.190239375871382        3.5143985494606027     
   24.254270401359062       -1.4680722724631972     
   24.318367446193584       -6.1610844988752635     
   24.382530385332288       -10.494635121271537     
   24.446759093381814       -14.404156953790466     
   24.511053444597508       -17.831822827469107     
   24.575413312882876       -20.727399303876695     
   24.639838571789095       -23.048718182884052     
   24.704329094514392       -24.762295008635789     
   24.768884753903571       -25.844561503073223     
   24.833505422447413       -26.283629623863501     
   24.898190972282180       -26.080882254904903     
   24.962941275189056       -25.251474271457283     
   25.027756202593590       -23.823231119421933     
   25.092635625565197       -21.834218044140147     
   25.157579414816595       -19.329915373837192     
   25.222587440703293       -16.361052390444719     
   25.287659573223017       -12.982673540305996     
   25.352795682015234       -9.2542653663840770     
   25.417995636360551       -5.2402256072029108     
   25.483259305180262       -1.0099047632556897     
   25.548586557035765        3.3631416737217581     
   25.613977260128042        7.8025042114962044     
   25.679431282297159        12.230379146318294     
   25.744948491021709        16.568763405246766     
   25.810528753418307        20.740439122370098     
   25.876171936241068        24.670196688835922     
   25.941877905881078        28.286779755205135     
   26.007646528365878        31.525628936604882     
   26.073477669358944        34.331879595100133     
   26.139371194159175        36.662633632912794     
   26.205326967700373        38.487596241508314     
   26.271344854550719        39.787773541253173     
   26.337424718912292        40.552769073452104     
   26.403566424620525        40.777848531884828     
   26.469769835143691        40.462027642365548     
   26.536034813582443        39.607937876827101     
   26.602361222669245        38.223398576057299     
   26.668748924767911        36.323878596974957     
   26.735197781873087        33.934707228507776     
   26.801707655609736        31.092105244546520     
   26.868278407232648        27.842694342559913     
   26.934909897625953        24.241777677022242     
   27.001601987302596        20.351053399023076     
   27.068354536403859        16.236398589295465     
   27.135167404698876        11.966046069914025     
   27.202040451584093        7.6091155721928416     
   27.268973536082836        3.2342776898320005     
   27.335966516844795       -1.0916006701604133     
   27.403019252145512       -5.3047556194679446     
   27.470131599885931       -9.3455087229146958     
   27.537303417591900       -13.158675644284227     
   27.604534562413665       -16.693364332925572     
   27.671824891125439       -19.902441516398959     
   27.739174260124873       -22.742168960670643     
   27.806582525432592       -25.172494897475090     
   27.874049542691722       -27.158209750160413     
   27.941575167167429       -28.670758135596735     
   28.009159253746422       -29.690144609277226     
   28.076801656936475       -30.206262263344239     
   28.144502230866006       -30.219173910737208     
   28.212260829283547       -29.738288673048334     
   28.280077305557310       -28.780798377386024     
   28.347951512674733       -27.369970361942304     
   28.415883303242012       -25.533848006496687     
   28.483872529483580       -23.304642075764782     
   28.551919043241764       -20.718754903252048     
   28.620022695976221       -17.817124398461200     
   28.688183338763540       -14.645498599723192     
   28.756400822296776       -11.254349823814749     
   28.824674996884990       -7.6983272234445543     
   28.893005712452823       -4.0353177085643539     
   28.961392818540002      -0.32526035538195242     
   29.029836164300946        3.3711689327677310     
   29.098335598504306        6.9939599432895552     
   29.166890969532499        10.485254985394837     
   29.235502125381299        13.790873890753188     
   29.304168913659396        16.861721587124368     
   29.372891181587931        19.654821578448850     
   29.441668776000103        22.133713892001140     
   29.510501543340713        24.268093285868396     
   29.579389329665741        26.032812112790086     
   29.648331980641917        27.406632972841411     
   29.717329341546296        28.371266960430287     
   29.786381257265841        28.911187459743502     
   29.855487572296987        29.014458848784344     
   29.924648130745247        28.674442879573022     
   29.993862776324768        27.891881954810668     
   30.063131352357946        26.676654920954761     
   30.132453701774971        25.048551150854099     
   30.201829667113461        23.036707645092434     
   30.271259090518058        20.677792116464634     
   30.340741813739946        18.013422077237280     
   30.410277678136552        15.087529941243446     
   30.479866524671078        11.944343827462831     
   30.549508193912118        8.6273876446625817     
   30.619202526033259        5.1795283586753991     
   30.688949360812710        1.6437545918965348     
   30.758748537632876       -1.9358295663519811     
   30.828599895479986       -5.5133199708819021     
   30.898503272943714       -9.0409987687238687     
   30.968458508216774       -12.470094412546404     
   31.038465439094555       -15.752160933071163     
   31.108523902974731       -18.840751925859060     
   31.178633736856895       -21.693024002334059     
   31.248794777342177       -24.270982265047593     
   31.319006860632832       -26.542225288671411     
   31.389269822531976       -28.480195716134222     
   31.459583498443099       -30.064047797503491     
   31.529947723369776       -31.278288650248445     
   31.600362331915260       -32.112346730236091     
   31.670827158282176       -32.560192248916970     
   31.741342036272101       -32.620099148712200     
   31.811906799285239       -32.294602839335958     
   31.882521280320084       -31.590666866277889     
   31.953185311973051       -30.520018058448660     
   32.023898726438119       -29.099545199791162     
   32.094661355506503       -27.351597782087051     
   32.165473030566325       -25.303996122624177     
   32.236333582602256       -22.989597885924198     
   32.307242842195137       -20.445366672349184     
   32.378200639521765       -17.711035019423157     
   32.449206804354439       -14.827599226723644     
   32.520261166060671       -11.835968933510612     
   32.591363553602910       -8.7760772163312346     
   32.662513795538146       -5.6866299496752397     
   32.733711720017638       -2.6054712448285615     
   32.804957154786585       0.42966972775336948     
   32.876249927183785        3.3804339596526738     
   32.947589864141364        6.2075042786835750     
   33.018976792184461        8.8710012561289684     
   33.090410537430863        11.331690184041001     
   33.161890925590825        13.552814409427006     
   33.233417781966622        15.502136878869020     
   33.304990931452359        17.153662071416562     
   33.376610198533648        18.488573412753158     
   33.448275407287291        19.495144460299471     
   33.519986381381024        20.167692183059081     
   33.591742944073196        20.504930648816785     
   33.663544918212544        20.508255535672951     
   33.735392126237869        20.180491286176114     
   33.807284390177749        19.525469580806064     
   33.879221531650302        18.548536217348147     
   33.951203371862881        17.257787534568447     
   34.023229731611863        15.665605092362551     
   34.095300431282311        13.789958050152302     
   34.167415290847778        11.655008634815946     
   34.239574129869979        9.2907686496282658     
   34.311776767498635        6.7318458009487685     
   34.384023022471105        4.0155904952392838     
   34.456312713112240        1.1801163238096639     
   34.528645657334060       -1.7373278942907142     
   34.601021672635582       -4.7013003798141124     
   34.673440576102529       -7.6783224059150044     
   34.745902184407086       -10.636390270227563     
   34.818406313807728       -13.544164242135794     
   34.890952780148936       -16.370224417303586     
   34.963541398861011       -19.082731287540511     
   35.036171984959807       -21.649677954450709     
   35.108844353046536       -24.039720241938429     
   35.181558317307584       -26.223383785745177     
   35.254313691514220       -28.174332781567330     
   35.327110289022478       -29.870378373979797     
   35.399947922772867       -31.294002655447542     
   35.472826405290249       -32.432337206941774     
   35.545745548683570       -33.276703290735213     
   35.618705164645718       -33.821938388017500     
   35.691705064453267       -34.065768385012191     
   35.764745058966390       -34.008434750105096     
   35.837824958628566       -33.652675765283135     
   35.910944573466466       -33.004028858116854     
   35.984103713089752       -32.071308009449631     
   36.057302186690897       -30.867048724494648     
   36.130539803045046       -29.407720029131660     
   36.203816370509799       -27.713574683019655     
   36.277131697025098       -25.808121153231390     
   36.350485590113038       -23.717316296962576     
   36.423877856877702       -21.468657948834416     
   36.497308304005045       -19.090376622838509     
   36.570776737762699       -16.610881963013547     
   36.644282963999878       -14.058530422137784     
   36.717826788147192       -11.461676980797307     
   36.791408015216540       -8.8488879790791124     
   36.865026449800943       -6.2491481677353056     
   36.938681896074471       -3.6919027311352801     
   37.012374157792017       -1.2068293287052994     
   37.086103038289323        1.1766810525859506     
   37.159868340482696        3.4302670583851640     
   37.233669866869008        5.5274285179019893     
   37.307507419525571        7.4442836472777731     
   37.381380800109945        9.1601086392088522     
   37.455289809859948        10.657576164053630     
   37.529234249593500        11.922689938761531     
   37.603213919708502        12.944489385881239     
   37.677228620182817        13.714649735896520     
   37.751278150574080        14.227116207639108     
   37.825362310019756        14.477885509201938     
   37.899480897236920        14.464993780389483     
   37.973633710522236        14.188703809798817     
   38.047820547751911        13.651824180056387     
   38.122041206381617        12.860054329783827     
   38.196295483446377        11.822241371518651     
   38.270583175560581        10.550457485451991     
   38.344904078917850        9.0598530821770353     
   38.419257989291083        7.3682968871464265     
   38.493644702032306        5.4958638568671612     
   38.568064012072675        3.4642622983122773     
   38.642515713922499        1.2962960051468257     
   38.716999601671091      -0.98456327905751118     
   38.791515468986788       -3.3544554341694250     
   38.866063109116958       -5.7892692484574608     
   38.940642314887938       -8.2646802985435635     
   39.015252878705013       -10.756154492481338     
   39.089894592552433       -13.238985257753477     
   39.164567247993361       -15.688416936915694     
   39.239270636169934       -18.079878646938951     
   39.314004547803187       -20.389319978857209     
   39.388768773193085       -22.593611408488773     
   39.463563102218579       -24.670955368665091     
   39.538387324337535       -26.601252222737383     
   39.613241228586787       -28.366378102235615     
   39.688124603582217       -29.950354095545869     
   39.763037237518660       -31.339411717433066     
   39.837978918170045       -32.521980974709827     
   39.912949432889384       -33.488639511155064     
   39.987948568608786       -34.232062074649974     
   40.062976111839518       -34.746999889370350     
   40.138031848672107       -35.030302948310293     
   40.213115564776324       -35.080979688070308     
   40.288227045401250       -34.900272953125324     
   40.363366075375367       -34.491722456687057     
   40.438532439106616       -33.861183945380645     
   40.513725920582424       -33.016783460205204     
   40.588946303369859       -31.968798810484859     
   40.664193370615642       -30.729475683520654     
   40.739466905046264       -29.312798548012402     
   40.814766688968078       -27.734243486996057     
   40.890092504267358       -26.010539883729482     
   40.965444132410447       -24.159461056495115     
   41.040821354443807       -22.199652736966467     
   41.116223950994211       -20.150495896969058     
   41.191651702268743       -18.031990065734952     
   41.267104388054996       -15.864637422302923     
   41.342581787721201       -13.669307793339156     
   41.418083680216270       -11.467069979289573     
   41.493609844070029       -9.2789840087378614     
   41.569160057393319       -7.1258595528968112     
   41.644734097878064       -5.0279951291373512     
   41.720331742797562       -3.0049186057498969     
   41.795952769006519       -1.0751505588725139     
   41.871596952941246       0.74399185319283367     
   41.947264070619838        2.4365405105053495     
   42.022953897642296        3.9879709294171639     
   42.098666209190739        5.3852542665699517     
   42.174400780029558        6.6168815326203552     
   42.250157384505634        7.6728773142256212     
   42.325935796548478        8.5448185930117511     
   42.401735789670411        9.2258689885506797     
   42.477557136966844        9.7108313461764091     
   42.553399611116383        9.9962138388843353     
   42.629262984381121        10.080298427338839     
   42.705147028606753        9.9631969905861304     
   42.781051515222906        9.6468803804777163     
   42.856976215243265        9.1351689423282796     
   42.932920899265838        8.4336788168576362     
   43.008885337473231        7.5497252159117032     
   43.084869299632793        6.4921902932440521     
   43.160872555096937        5.2713678489428260     
   43.236894872803354        3.8987990318473180     
   43.312936021275284        2.3871122113187551     
   43.388995768621733       0.74987669675043056     
   43.465073882537816      -0.99852508578057531     
   43.541170130304934       -2.8430078099143508     
   43.617284278791111       -4.7678813830384490     
   43.693416094451273       -6.7569454885027014     
   43.769565343327471       -8.7935897819819431     
   43.845731791049261       -10.860907523005130     
   43.921915202833929       -12.941827188743133     
   43.998115343486838       -15.019262405364278     
   44.074331977401712       -17.076276289563786     
   44.150564868560906       -19.096252916018372     
   44.226813780535863       -21.063066769977745     
   44.303078476487251       -22.961241007135300     
   44.379358719165431       -24.776087010185421     
   44.455654270910742       -26.493820650682053     
   44.531964893653821       -28.101654149816703     
   44.608290348916007       -29.587865739759557     
   44.684630397809613       -30.941851812391366     
   44.760984801038362       -32.154167481699140     
   44.837353318897662       -33.216561344170024     
   44.913735711275088       -34.122008851506507     
   44.990131737650628       -34.864746499110616     
   45.066541157097163       -35.440306508135031     
   45.142963728280797       -35.845549390180196     
   45.219399209461237       -36.078690198396984     
   45.295847358492274       -36.139313679263395     
   45.372307932822054       -36.028374020559134     
   45.448780689493596       -35.748176284930153     
   45.525265385145161       -35.302338602053233     
   45.601761776010640       -34.695736326901667     
   45.678269617920073       -33.934431226382770     
   45.754788666299930       -33.025589980316994     
   45.831318676173716       -31.977396675973978     
   45.907859402162273       -30.798963529471969     
   45.984410598484324       -29.500242911074913     
   46.060972018956861       -28.091942203188577     
   46.137543416995648       -26.585441372076513     
   46.214124545615640       -24.992711757612479     
   46.290715157431507       -23.326233718586288     
   46.367315004658089       -21.598910567233080     
   46.443923839110859       -19.823976694017780     
   46.520541412206413       -18.014898798409444     
   46.597167474963037       -16.185270487466802     
   46.673801778001078       -14.348701893760207     
   46.750444071543590       -12.518707133274656     
   46.827094105416720       -10.708593140930097     
   46.903751629050319       -8.9313535637807409     
   46.980416391478421       -7.1995709457507999     
   47.057088141339797       -5.5253295027918012     
   47.133766626878462       -3.9201395507287282     
   47.210451595944271       -2.3948733424122111     
   47.287142795993375      -0.95971093204352609     
   47.363839974088890       0.37590609749029108     
   47.440542876901368        1.6033155149076272     
   47.517251250709407        2.7146722041568458     
   47.593964841400215        3.7029844534662950     
   47.670683394470181        4.5621494772919284     
   47.747406655025479        5.2869878229839804     
   47.824134367782648        5.8732753411545673     
   47.900866277069184        6.3177706694910922     
   47.977602126824159        6.6182358348443451     
   48.054341660598830        6.7734476590610075     
   48.131084621557214        6.7831981463081803     
   48.207830752476767        6.6482828394935192     
   48.284579795749025        6.3704771192880356     
   48.361331493380156        5.9525014145416923     
   48.438085586991683        5.3979771375728793     
   48.514841817821072        4.7113757225493691     
   48.591599926722459        3.8979633565795431     
   48.668359654167219        2.9637438360787951     
   48.745120740244715        1.9154015034574901     
   48.821882924662930       0.76024551622119818     
   48.898645946749134      -0.49384410220750469     
   48.975409545450617       -1.8384689495487936     
   49.052173459335350       -3.2647642038847140     
   49.128937426592678       -4.7634513605913238     
   49.205701185034037       -6.3248931343825125     
   49.282464472093686       -7.9391517082016012     
   49.359227024829352       -9.5960510643924781     
   49.435988579923070       -11.285243529114899     
   49.512748873681822       -12.996280001462893     
   49.589507642038299       -14.718682730903620     
   49.666264620551672       -16.442019043947628     
   49.743019544408291       -18.155974168537117     
   49.819772148422487       -19.850421293021363     
   49.896522167037354       -21.515487215165109     
   49.973269334325408       -23.141612342621354     
   50.050013383989516       -24.719604329381454     
   50.126754049363591       -26.240685190828835     
   50.203491063413381       -27.696532251003028     
   50.280224158737269       -29.079313671276214     
   50.356953067567147       -30.381719539428616     
   50.433677521769106       -31.596989551951879     
   50.510397252844349       -32.718938191869711     
   50.587111991929973       -33.741978043994379     
   50.663821469799835       -34.661141533167296     
   50.740525416865296       -35.472100990787432     
   50.817223563176171       -36.171186608472723     
   50.893915638421568       -36.755401578508327     
   50.970601371930663       -37.222433585114835     
   51.047280492673629       -37.570661816248155     
   51.123952729262498       -37.799158801122694     
   51.200617809952035       -37.907686628257906     
   51.277275462640610       -37.896687410081448     
   51.353925414871100       -37.767268195259653     
   51.430567393831815       -37.521180834984797     
   51.507201126357309       -37.160797545937960     
   51.583826338929399       -36.689083051861942     
   51.660442757678041       -36.109564215029685     
   51.737050108382206       -35.426297994625763     
   51.813648116470908       -34.643838404192358     
   51.890236507024063       -33.767202925425288     
   51.966815004773480       -32.801838592557779     
   52.043383334103765       -31.753587738909911     
   52.119941219053324       -30.628653219057853     
   52.196488383315341       -29.433562812815278     
   52.273024550238681       -28.175132491909721     
   52.349549442828938       -26.860428286406272     
   52.426062783749394       -25.496726614558625     
   52.502564295322003       -24.091473112124426     
   52.579053699528430       -22.652240194463239     
   52.655530718010993       -21.186683768386906     
   52.731995072073751       -19.702499662721699     
   52.808446482683486       -18.207380439932894     
   52.884884670470704       -16.708973276551937     
   52.961309355730734       -15.214839554407646     
   53.037720258424727       -13.732416695611201     
   53.114117098180706       -12.268982618798740     
   53.190499594294678       -10.831623008568972     
   53.266867465731565       -9.4272014119538436     
   53.343220431126447       -8.0623320046616751     
   53.419558208785503       -6.7433547524127047     
   53.495880516687173       -5.4763126194573584     
   53.572187072483210       -4.2669304655142986     
   53.648477593499784       -3.1205953171026097     
   53.724751796738573       -2.0423377914531273     
   53.801009398877980       -1.0368145759480891     
   53.877250116274055      -0.10829200508281540     
   53.953473664961834       0.73936908900381049     
   54.029679760656315        1.5027269655494799     
   54.105868118753676        2.1787706435377530     
   54.182038454332414        2.7649292629413806     
   54.258190482154482        3.2590787762936002     
   54.334323916666463        3.6595456789172252     
   54.410438472000735        3.9651075952377837     
   54.486533861976646        4.1749906725809742     
   54.562609800101733        4.2888638768891481     
   54.638665999572837        4.3068304206415329     
   54.714702173277367        4.2294166666461797     
   54.790718033794505        4.0575589315544756     
   54.866713293396352        3.7925886513007647     
   54.942687664049224        3.4362163663933112     
   55.018640857414837        2.9905149398133721     
   55.094572584851583        2.4579023418933739     
   55.170482557415653        1.8411242352473274     
   55.246370485862478        1.1432364811047524     
   55.322236080647826       0.36758757923629709     
   55.398079051929116      -0.48219904100033883     
   55.473899109566673       -1.4022430312730190     
   55.549695963125068       -2.3884256285705612     
   55.625469321874313       -3.4364088505625903     
   55.701218894791232       -4.5416555516201775     
   55.776944390560693       -5.6994504527785157     
   55.852645517576931       -6.9049221814305985     
   55.928321983944926       -8.1530662673438936     
   56.003973497481638       -9.4387689509621389     
   56.079599765717361       -10.756831577984942     
   56.155200495897077       -12.101995288947565     
   56.230775394981784       -13.468965672997157     
   56.306324169649876       -14.852437037742083     
   56.381846526298425       -16.247115965023720     
   56.457342171044615       -17.647743858094064     
   56.532810809727096       -19.049118246954698     
   56.608252147907358       -20.446112691376673     
   56.683665890871097       -21.833695200554772     
   56.759051743629655       -23.206945165977107     
   56.834409410921353       -24.561068872786461     
   56.909738597212964       -25.891413708895826     
   56.985039006701136       -27.193481226587732     
   57.060310343313716       -28.462939225360323     
   57.135552310711276       -29.695633019959800     
   57.210764612288514       -30.887596032584003     
   57.285946951175724       -32.035059810567823     
   57.361099030240190       -33.134463523011291     
   57.436220552087718       -34.182462938629847     
   57.511311219064019       -35.175938837883614     
   57.586370733256288       -36.112004770452330     
   57.661398796494531       -36.988014038387917     
   57.736395110353278       -37.801565768537088     
   57.811359376152836       -38.550509936968858     
   57.886291294960955       -39.232951220156401     
   57.961190567594265       -39.847251576317824     
   58.036056894619826       -40.392031494433368     
   58.110889976356638       -40.866169892279487     
   58.185689512877182       -41.268802688592174     
   58.260455204008927       -41.599320116593937     
   58.335186749335939       -41.857362882259807     
   58.409883848200352       -42.042817298065451     
   58.484546199704027       -42.155809539708315     
   58.559173502710017       -42.196699178907977     
   58.633765455844220       -42.166072139004399     
   58.708321757496947       -42.064733207180829     
   58.782842105824471       -41.893698210748369     
   58.857326198750656       -41.654185941310793     
   58.931773733968612       -41.347609878582276     
   59.006184408942175       -40.975569738219171     
   59.080557920907658       -40.539842842932515     
   59.154893966875399       -40.042375296903685     
   59.229192243631452       -39.485272931524236     
   59.303452447739190       -38.870791986195215     
   59.377674275540933       -38.201329491736566     
   59.451857423159659       -37.479413331825619     
   59.526001586500605       -36.707691982893628     
   59.600106461253056       -35.888923934134382     
   59.674171742891822       -35.025966833349806     
   59.748197126679173       -34.121766406247751     
   59.822182307666246       -33.179345223898522     
   59.896126980695030       -32.201791403827883     
   59.970030840399879       -31.192247338695186     
   60.043893581209275       -30.153898548502255     
   60.117714897347568       -29.089962748313777     
   60.191494482836760       -28.003679213972610     
   60.265232031498059       -26.898298514193439     
   60.338927236953850       -25.777072660550534     
   60.412579792629280       -24.643245707009555     
   60.486189391754046       -23.500044813430318     
   60.559755727364255       -22.350671768072857     
   60.633278492304065       -21.198294950732482     
   60.706757379227561       -20.046041706521997     
   60.780192080600465       -18.896991093883628     
   60.853582288702022       -17.754166968370583     
   60.926927695626688       -16.620531366225283     
   61.000227993286032       -15.498978158223061     
   61.073482873410498       -14.392326953779619     
   61.146692027551268       -13.303317246949401     
   61.219855147082022       -12.234602808734408     
   61.292971923200867       -11.188746341577358     
   61.366042046932108       -10.168214424206923     
   61.439065209128110       -9.1753727818427606     
   61.512041100471222       -8.2124819232671253     
   61.584969411475527       -7.2816931875207498     
   61.657849832488814       -6.3850452412531649     
   61.730682053694395       -5.5244610622184531     
   61.803465765113032       -4.7017454360267257     
   61.876200656604816       -3.9185829822929890     
   61.948886417871073       -3.1765367140373346     
   62.021522738456213       -2.4770471211515273     
   62.094109307749747       -1.8214317563339137     
   62.166645814988151       -1.2108852902168021     
   62.239131949256759      -0.64647999383517529     
   62.311567399491793      -0.12916659900935096     
   62.383951854482220       0.34022451577801294     
   62.456285002871738       0.76098186747233709     
   62.528566533160749        1.1325111894863003     
   62.600796133708251        1.4543335776921500     
   62.672973492733931        1.7260835001130188     
   62.745098298320009        1.9475067002348208     
   62.817170238413311        2.1184580141156868     
   62.889189000827251        2.2388991115386898     
   62.961154273243771        2.3088961620307606     
   63.033065743215438        2.3286174183085793     
   63.104923098167369        2.2983307031250244     
   63.176726025399304        2.2184007809807484     
   63.248474212087608        2.0892865939580898     
   63.320167345287317        1.9115383411105185     
   63.391805111934190        1.6857943832804212     
   63.463387198846696        1.4127779596820407     
   63.534913292728163        1.0932937086871681     
   63.606383080168733       0.72822399249785752     
   63.677796247647514       0.31852503327788140     
   63.749152481534630      -0.13477712377164799     
   63.820451468093268      -0.63059079745806013     
   63.891692893481789       -1.1677629784058772     
   63.962876443755874       -1.7450837228627047     
   64.034001804870499       -2.3612905953740588     
   64.105068662682186       -3.0150731195306837     
   64.176076702951022       -3.7050771988781062     
   64.247025611342821       -4.4299094701464732     
   64.317915073431209       -5.1881415557619190     
   64.388744774699830       -5.9783141873673973     
   64.459514400544421       -6.7989411783057712     
   64.530223636275025       -7.6485132297180929     
   64.600872167118041       -8.5255015619176575     
   64.671459678218511       -9.4283613694857049     
   64.741985854642195       -10.355535104787187     
   64.812450381377772       -11.305455600036955     
   64.882852943339074       -12.276549042345534     
   64.953193225367187       -13.267237818960723     
   65.023470912232668       -14.275943252306677     
   65.093685688637805       -15.301088243395283     
   65.163837239218765       -16.341099842505649     
   65.233925248547820       -17.394411762881582     
   65.303949401135554       -18.459466850365370     
   65.373909381433123       -19.534719517890856     
   65.443804873834495       -20.618638149432282     
   65.513635562678616       -21.709707473392385     
   65.583401132251723       -22.806430901106118     
   65.653101266789577       -23.907332822022372     
   65.722735650479748       -25.010960843769737     
   65.792303967463823       -26.115887962610014     
   65.861805901839702       -27.220714647958676     
   65.931241137663875       -28.324070824663160     
   66.000609358953767       -29.424617734755039     
   66.069910249689897       -30.521049665055276     
   66.139143493818324       -31.612095525392583     
   66.208308775252789       -32.696520267201954     
   66.277405777877163       -33.773126134499883     
   66.346434185547707       -34.840753742995368     
   66.415393682095356       -35.898282986730280     
   66.484283951328123       -36.944633775250523     
   66.553104677033360       -37.978766607767547     
   66.621855542980143       -38.999682993747271     
   66.690536232921602       -40.006425731926051     
   66.759146430597283       -40.998079061687910     
   66.827685819735450       -41.973768701992064     
   66.896154084055539       -42.932661793614223     
   66.964550907270450       -43.873966760745077     
   67.032875973088991       -44.796933106398527     
   67.101128965218166       -45.700851156178345     
   67.169309567365659       -46.585051762035661     
   67.237417463242153       -47.448905976296899     
   67.305452336563803       -48.291824703723606     
   67.373413871054538       -49.113258337029791     
   67.441301750448616       -49.912696378888690     
   67.509115658492817       -50.689667051220830     
   67.576855278949154       -51.443736890557645     
   67.644520295597061       -52.174510326549431     
   67.712110392235914       -52.881629239360144     
   67.779625252687495       -53.564772490775852     
   67.847064560798401       -54.223655423497100     
   67.914428000442527       -54.858029322135778     
   67.981715255523454       -55.467680832905650     
   68.048926009976995       -56.052431333393073     
   68.116059947773621       -56.612136252818402     
   68.183116752920881       -57.146684337900240     
   68.250096109466014       -57.655996864225692     
   68.316997701498309       -58.140026793451383     
   68.383821213151634       -58.598757878328286     
   68.450566328606953       -59.032203718976348     
   68.517232732094783       -59.440406775062158     
   68.583820107897736       -59.823437339732891     
   68.650328140353011       -60.181392481939326     
   68.716756513854961       -60.514394964571530     
   68.783104912857482       -60.822592146022380     
   68.849373021876673       -61.106154873064888     
   68.915560525493348       -61.365276372736304     
   68.981667108355495       -61.600171150164897     
   69.047692455180908       -61.811073899966935     
   69.113636250759654       -61.998238435653860     
   69.179498179956681       -62.161936643396629     
   69.245277927714369       -62.302457463387469     
   69.310975179055077       -62.420105901956376     
   69.376589619083731       -62.515202076315717     
   69.442120932990321       -62.588080292776255     
   69.507568806052589       -62.639088158369404     
   69.572932923638589       -62.668585724945956     
   69.638212971209200       -62.676944664109215     
   69.703408634320766       -62.664547470797594     
   69.768519598627691       -62.631786692894558     
   69.833545549885059       -62.579064184000693     
   69.898486173951198       -62.506790376483607     
   69.963341156790349       -62.415383572284469     
   70.028110184475196       -62.305269245980035     
   70.092792943189593       -62.176879366155511     
   70.157389119231084       -62.030651719327814     
   70.221898399013611       -61.867029248495072     
   70.286320469070148       -61.686459397362022     
   70.350655016055271       -61.489393462407023     
   70.414901726747829       -61.276285952450301     
   70.479060288053645       -61.047593956382130     
   70.543130387008119       -60.803776519981959     
   70.607111710778895       -60.545294033255018     
   70.671003946668506       -60.272607629959786     
   70.734806782117104       -59.986178601243139     
   70.798519904704989       -59.686467825419477     
   70.862143002155477       -59.373935215971329     
   70.925675762337391       -59.049039189863052     
   70.989117873267944       -58.712236158032042     
   71.052469023115151       -58.363980035584007     
   71.115728900200835       -58.004721803284752     
   71.178897193003081       -57.634909031479381     
   71.241973590159034       -57.254985517162702     
   71.304957780467618       -56.865390885424773     
   71.367849452892173       -56.466560244813380     
   71.430648296563234       -56.058923866948234     
   71.493354000781224       -55.642906894111675     
   71.555966255019172       -55.218929074155909     
   71.618484748925354       -54.787404521755889     
   71.680909172326253       -54.348741504841456     
   71.743239215228996       -53.903342254826967     
   71.805474567824277       -53.451602799224972     
   71.867614920489061       -52.993912815036083     
   71.929659963789277       -52.530655501392985     
   71.991609388482587       -52.062207469904386     
   72.053462885521185       -51.588938651237079     
   72.115220146054497       -51.111212216596563     
   72.176880861431883       -50.629384512354235     
   72.238444723205561       -50.143805009792516     
   72.299911423133224       -49.654816261249039     
   72.361280653180742       -49.162753873865498     
   72.422552105525241       -48.667946489848511     
   72.483725472557509       -48.170715778813232     
   72.544800446885020       -47.671376440663892     
   72.605776721334621       -47.170236219478916     
   72.666653988955275       -46.667595928928343     
   72.727431943020946       -46.163749490007483     
   72.788110277033297       -45.658983982091065     
   72.848688684724550       -45.153579708495009     
   72.909166860060225       -44.647810278041703     
   72.969544497242026       -44.141942704339201     
   73.029821290710473       -43.636237524762542     
   73.089996935147937       -43.130948941483716     
   73.150071125481176       -42.626324987271680     
   73.210043556884443       -42.122607719268487     
   73.269913924782031       -41.620033444539743     
   73.329681924851272       -41.118832981984319     
   73.389347253025221       -40.619231966049156     
   73.448909605495587       -40.121451199258544     
   73.508368678715485       -39.625707061755982     
   73.567724169402311       -39.132211988586441     
   73.626975774540497       -38.641175028159076     
   73.686123191384439       -38.152802499065658     
   73.745166117461252       -37.667298767574621     
   73.804104250573587       -37.184867174965049     
   73.862937288802613       -36.705711153305337     
   73.921664930510673       -36.230035581304620     
   73.980286874344259       -35.758048450272426     
   74.038802819236750       -35.289962936404216     
   74.097212464411356       -34.826000013709688     
   74.155515509383989       -34.366391798297940     
   74.213711653965873       -33.911385900041779     
   74.271800598266751       -33.461251189889943     
   74.329782042697488       -33.016285601770768     
   74.387655687973009       -32.576826934112553     
   74.445421235115148       -32.143268205389980     
   74.503078385455524       -31.716080163610528     
   74.560626840638363       -31.295845500890540     
   74.618066302623447       -30.883313168377221     
   74.675396473688849       -30.479489358990737     
   74.732617056433952       -30.085800641461134     
   74.789727753782174       -29.704413959781988     
   74.846728268983966       -29.338948019963233     
   74.903618305619574       -28.996385038768093     
   74.960397567601987       -28.694263284657385     
   75.017065759179758       -28.537444398659392     
   75.073622584939983       -28.196209880818930     
   75.130067749811033       -27.720469137709784     
   75.186400959065537       -27.250580363290265     
   75.242621918323238       -26.786556268377584     
   75.298730333553820       -26.328405699700447     
   75.354725911079939       -25.876133775833370     
   75.410608357579918       -25.429742021126824     
   75.466377380090762       -24.989228497689659     
   75.522032686010988       -24.554587935520150     
   75.577573983103548       -24.125811860781461     
   75.633000979498689       -23.702888722280914     
   75.688313383696851       -23.285804016152948     
   75.743510904571522       -22.874540408713301     
   75.798593251372253       -22.469077857466278     
   75.853560133727370       -22.069393730267894     
   75.908411261646989       -21.675462922481479     
   75.963146345525871       -21.287257972164021     
   76.017765096146334       -20.904749173145007     
   76.072267224681127       -20.527904685945234     
   76.126652442696297       -20.156690646426235     
   76.180920462154148       -19.791071272103874     
   76.235070995416123       -19.431008966028287     
   76.289103755245634       -19.076464418147310     
   76.343018454811002       -18.727396704088246     
   76.396814807688429       -18.383763381276768     
   76.450492527864739       -18.045520582336245     
   76.504051329740378       -17.712623105715640     
   76.557490928132296       -17.385024503515741     
   76.610811038276836       -17.062677166473669     
   76.664011375832644       -16.745532406098970     
   76.717091656883497       -16.433540533960560     
   76.770051597941304       -16.126650938127032     
   76.822890915948960       -15.824812156784613     
   76.875609328283147       -15.527971949418452     
   76.928206552757445       -15.236077363356033     
   76.980682307624974       -14.949074802117750     
   77.033036311581469       -14.666910085409048     
   77.085268283768116       -14.389528510675142     
   77.137377943774453       -14.116874910619112     
   77.189365011641243       -13.848893708571161     
   77.241229207863398       -13.585528971535089     
   77.292970253392824       -13.326724461023563     
   77.344587869641359       -13.072423681754282     
   77.396081778483676       -12.822569928299606     
   77.447451702260068       -12.577106329775567     
   77.498697363779499       -12.335975892650962     
   77.549818486322366       -12.099121541769680     
   77.600814793643437       -11.866486159642935     
   77.651686009974711       -11.638012624108228     
   77.702431860028327       -11.413643844400777     
   77.753052068999466       -11.193322795722256     
   77.803546362569136       -10.976992552350346     
   77.853914466907241       -10.764596319346994     
   77.904156108675252       -10.556077462917914     
   77.954271015029221       -10.351379539461824     
   78.004258913622607       -10.150446323355650     
   78.054119532609135       -9.9532218334993274     
   78.103852600645780       -9.7596503586407692     
   78.153457846895506       -9.5696764817270736     
   78.202935001030170       -9.3832451025232508     
   78.252283793233445       -9.2003014599933106     
   78.301503954203667       -9.0207911528276519     
   78.350595215156659       -8.8446601592385452     
   78.399557307828701       -8.6718548556095563     
   78.448389964479190       -8.5023220341169257     
   78.497092917893781       -8.3360089193106717     
   78.545665901387011       -8.1728631836916374     
   78.594108648805246       -8.0128329622929968     
   78.642420894529550       -7.8558668662882889     
   78.690602373478541       -7.7019139956454383     
   78.738652821111160       -7.5509239508425567     
   78.786571973429631       -7.4028468436696437     
   78.834359566982243       -7.2576333071369783     
   78.882015338866225       -7.1152345045135892     
   78.929539026730538       -6.9756021375174111     
   78.976930368778781       -6.8386884536838215     
   79.024189103771960       -6.7044462529397713     
   79.071314971031356       -6.5728288934075021     
   79.118307710441414       -6.4437902964677276     
   79.165167062452426       -6.3172849511127556     
   79.211892768083501       -6.1932679176105729     
   79.258484568925311       -6.0716948305231107     
   79.304942207142943       -5.9525219010977484     
   79.351265425478701       -5.8357059190675731     
   79.397453967254933       -5.7212042538108756     
   79.443507576376803       -5.6089748553694010     
   79.489425997335132       -5.4989762541141625     
   79.535208975209272       -5.3911675609446963     
   79.580856255669758       -5.2855084663769718     
   79.626367584981210       -5.1819592394493537     
   79.671742710005105       -5.0804807262098866     
   79.716981378202590       -4.9810343478420167     
   79.762083337637236       -4.8835820984575493     
   79.807048336977815       -4.7880865425768739     
   79.851876125501150       -4.6945108123220578     
   79.896566453094792       -4.6028186043467860     
   79.941119070259958       -4.5129741765186413     
   79.985533728114049       -4.4249423443787128     
   80.029810178393660       -4.3386884773919405     
   80.073948173457239       -4.2541784950076069     
   80.117947466287816       -4.1713788625454757     
   80.161807810495844       -4.0902565869194873     
   80.205528960321885       -4.0107792122158941     
   80.249110670639354       -3.9329148151323245     
   80.292552696957330       -3.8566320002957326     
   80.335854795423231       -3.7818998954617520     
   80.379016722825568       -3.7086881466106343     
   80.422038236596705       -3.6369669129439322     
   80.464919094815500       -3.5667068617901672     
   80.507659056210201       -3.4978791634287831     
   80.550257880160913       -3.4304554858349925     
   80.592715326702574       -3.3644079893529799     
   80.635031156527447       -3.2997093213060738     
   80.677205130987971       -3.2363326105481800     
   80.719237012099413       -3.1742514618846691     
   80.761126562542557       -3.1134399506826074     
   80.802873545666387       -3.0538726170494908     
   80.844477725490762       -2.9955244603037845     
   80.885938866709182       -2.9383709332445069     
   80.927256734691326       -2.8823879364190375     
   80.968431095485869       -2.8275518123572105     
   81.009461715823051       -2.7738393397779659     
   81.050348363117365       -2.7212277277679049     
   81.091090805470202       -2.6696946099402488     
   81.131688811672561       -2.6192180385776704     
   81.172142151207609       -2.5697764787575021     
   81.212450594253369       -2.5213488024708557     
   81.252613911685330       -2.4739142827336229     
   81.292631875079167       -2.4274525876954889     
   81.332504256713179       -2.3819437747507011     
   81.372230829571166       -2.3373682846541910     
   81.411811367344782       -2.2937069356464197     
   81.451245644436284       -2.2509409175916955     
   81.490533435961154       -2.2090517861321510     
   81.529674517750593       -2.1680214568633733     
   81.568668666354228       -2.1278321995317846     
   81.607515659042633       -2.0884666322618575     
   81.646215273809844       -2.0499077158117345     
   81.684767289376097       -2.0121387478648738     
   81.723171485190207       -1.9751433573572501     
   81.761427641432320       -1.9389054988464098     
   81.799535539016318       -1.9034094469228622     
   81.837494959592405       -1.8686397906687147     
   81.875305685549705       -1.8345814281639043     
   81.912967500018709       -1.8012195610453632     
   81.950480186873918       -1.7685396891181262     
   81.987843530736214       -1.7365276050248499     
   82.025057316975577       -1.7051693889877151     
   82.062121331713413       -1.6744514035254769     
   82.099035361825145       -1.6443602884252071     
   82.135799194942663       -1.6148829555452087     
   82.172412619456921       -1.5860065838381172     
   82.208875424520272       -1.5577186143867296     
   82.245187400049105       -1.5300067455135371     
   82.281348336726111       -1.5028589279584055     
   82.317358026002992       -1.4762633601251864     
   82.353216260102698       -1.4502084833978166     
   82.388922832022033       -1.4246829775263967     
   82.424477535534038       -1.3996757560834392     
   82.459880165190413       -1.3751759619903392     
   82.495130516323883       -1.3511729631146425     
   82.530228385050833       -1.3276563479374164     
   82.565173568273508       -1.3046159212911390     
   82.599965863682456       -1.2820417001676112     
   82.634605069759075       -1.2599239095950165     
   82.669090985777814       -1.2382529785846295     
   82.703423411808686       -1.2170195361458946     
   82.737602148719574       -1.1962144073695189     
   82.771626998178661       -1.1758286095778163     
   82.805497762656742       -1.1558533485419065     
   82.839214245429574       -1.1362800147642551     
   82.872776250580287       -1.1171001798265519     
   82.906183583001678       -1.0983055928016872     
   82.939436048398477       -1.0798881767287665     
   82.972533453289884       -1.0618400251502629     
   83.005475605011569       -1.0441533987118614     
   83.038262311718299       -1.0268207218205343     
   83.070893382386004       -1.0098345793641179     
   83.103368626814159      -0.99318771348903701     
   83.135687855628092      -0.97687302043474533     
   83.167850880281222      -0.96088354742642390     
   83.199857513057353      -0.94521248962194770     
   83.231707567072831      -0.92985318711524767     
   83.263400856279034      -0.91479912199262581     
   83.294937195464271      -0.90004391544283879     
   83.326316400256331      -0.88558132491898878     
   83.357538287124541      -0.87140524135331010     
   83.388602673382039      -0.85750968641121228     
   83.419509377187907      -0.84388880983972558     
   83.450258217549504      -0.83053688677641058     
   83.480849014324534      -0.81744831520480510     
   83.511281588223284      -0.80461761339624849     
   83.541555760810809      -0.79203941741762429     
   83.571671354509022      -0.77970847868368176     
   83.601628192598980      -0.76761966155410810     
   83.631426099222878      -0.75576794097574906     
   83.661064899386318      -0.74414840016847772     
   83.690544418960386      -0.73275622835499177     
   83.719864484683711      -0.72158671853274747     
   83.749024924164686      -0.71063526528862941     
   83.778025565883496      -0.69989736265484936     
   83.806866239194235      -0.68936860200576311     
   83.835546774327014      -0.67904466999533086     
   83.864067002389945      -0.66892134653376201     
   83.892426755371304      -0.65899450280417415     
   83.920625866141577      -0.64926009931695927     
   83.948664168455394      -0.63971418400290492     
   83.976541496953757      -0.63035289034337694     
   84.004257687165861      -0.62117243553777235     
   84.031812575511253      -0.61216911870688051     
   84.059205999301810      -0.60333931913267536     
   84.086437796743681      -0.59467949453300595     
   84.113507806939367      -0.58618617937108564     
   84.140415869889580      -0.57785598319946008     
   84.167161826495317      -0.56968558903742927     
   84.193745518559794      -0.56167175178156015     
   84.220166788790337      -0.55381129664937367     
   84.246425480800440      -0.54610111765443747     
   84.272521439111543      -0.53853817611357879     
   84.298454509155036      -0.53111949918503498     
   84.324224537274191      -0.52384217843703174     
   84.349831370726008      -0.51670336844665155     
   84.375274857683138      -0.50970028542812995     
   84.400554847235739      -0.50283020589018246     
   84.425671189393313      -0.49609046532175055     
   84.450623735086680      -0.48947845690620584     
   84.475412336169683      -0.48299163026245484     
   84.500036845421064      -0.47662749021371459     
   84.524497116546414      -0.47038359558230619     
   84.548793004179799      -0.46425755801099661     
   84.572924363885747      -0.45824704080946238     
   84.596891052160828      -0.45234975782610160     
   84.620692926435652      -0.44656347234457100     
   84.644329845076541      -0.44088599600404710     
   84.667801667387295      -0.43531518774378319     
   84.691108253610949      -0.42984895277028617     
   84.714249464931513      -0.42448524154773692     
   84.737225163475756      -0.41922204881023412     
   84.760035212314818      -0.41405741259565043     
   84.782679475465997      -0.40898941330880939     
   84.805157817894425      -0.40401617277608354     
   84.827470105514834      -0.39913585337447643     
   84.849616205193044      -0.39434665712555900     
   84.871595984747813      -0.38964682484123264     
   84.893409312952414      -0.38503463527932674     
   84.915056059536255      -0.38050840431886390     
   84.936536095186540      -0.37606648415412608     
   84.957849291549948      -0.37170726250643726     
   84.978995521234154      -0.36742916185435337     
   84.999974657809375      -0.36323063868053734     
   85.020786575810206      -0.35911018273575224     
   85.041431150736841      -0.35506631631982860     
   85.061908259056963      -0.35109759357831943     
   85.082217778207124      -0.34720259981556378     
   85.102359586594304      -0.34337995082279860     
   85.122333563597451      -0.33962829222192203     
   85.142139589568970      -0.33594629882376215     
   85.161777545836344      -0.33233267400110234     
   85.181247314703540      -0.32878614907591180     
   85.200548779452447      -0.32530548272023818     
   85.219681824344420      -0.32188946037100902     
   85.238646334621748      -0.31853689365795490     
   85.257442196509032      -0.31524661984460439     
   85.276069297214718      -0.31201750128178996     
   85.294527524932434      -0.30884842487388042     
   85.312816768842453      -0.30573830155694048     
   85.330936919113071      -0.30268606578884921     
   85.348887866902004      -0.29969067505102626     
   85.366669504357745      -0.29675110936142790     
   85.384281724621019      -0.29386637079886624     
   85.401724421825989      -0.29103548303787724     
   85.418997491101678      -0.28825749089443381     
   85.436100828573345      -0.28553145988207640     
   85.453034331363767      -0.28285647577779061     
   85.469797897594390      -0.28023164419848356     
   85.486391426386902      -0.27765609018639997     
   85.502814817864319      -0.27512895780467889     
   85.519067973152289      -0.27264940974184615     
   85.535150794380399      -0.27021662692538956     
   85.551063184683358      -0.26782980814438950     
   85.566805048202227      -0.26548816968062944     
   85.582376290085719      -0.26319094494837325     
   85.597776816491319      -0.26093738414236295     
   85.613006534586503      -0.25872675389387528     
   85.628065352549910      -0.25655833693491842     
   85.642953179572615      -0.25443143177001371     
   85.657669925859068      -0.25234535235573641     
   85.672215502628447      -0.25029942778756231     
   85.686589822115707      -0.24829300199415100     
   85.700792797572689      -0.24632543343864921     
   85.714824343269214      -0.24439609482698832     
   85.728684374494250      -0.24250437282302550     
   85.742372807556890      -0.24064966777042923     
   85.755889559787548      -0.23883139342098897     
   85.769234549538837      -0.23704897666941227     
   85.782407696186809      -0.23530185729434047     
   85.795408920131891      -0.23358948770553917     
   85.808238142799823      -0.23191133269709552     
   85.820895286642838      -0.23026686920647882     
   85.833380275140485      -0.22865558607931766     
   85.845693032800725      -0.22707698383996508     
   85.857833485160825      -0.22553057446740676     
   85.869801558788396      -0.22401588117669280     
   85.881597181282203      -0.22253243820564200     
   85.893220281273202      -0.22107979060674626     
   85.904670788425449      -0.21965749404412621     
   85.915948633436940      -0.21826511459550885     
   85.927053748040493      -0.21690222855907440     
   85.937986065004722      -0.21556842226507691     
   85.948745518134828      -0.21426329189219520     
   85.959332042273431      -0.21298644328837768     
   85.969745573301438      -0.21173749179637938     
   85.979986048138883      -0.21051606208342943     
   85.990053404745680      -0.20932178797560494     
   85.999947582122488      -0.20815431229603043     
   86.009668520311436      -0.20701328670763053     
   86.019216160396923      -0.20589837155968241     
   86.028590444506364      -0.20480923573852447     
   86.037791315810921      -0.20374555652213025     
   86.046818718526325      -0.20270701943856656     
   86.055672597913428      -0.20169331812821559     
   86.064352900279047      -0.20070415420978496     
   86.072859572976554      -0.19973923714976588     
   86.081192564406706      -0.19879828413575007     
   86.089351824018067      -0.19788101995307353     
   86.097337302307906      -0.19698717686481140     
   86.105148950822695      -0.19611649449552193     
   86.112786722158731      -0.19526871971799870     
   86.120250569962792      -0.19444360654333184     
   86.127540448932777      -0.19364091601439018     
   86.134656314818145      -0.19286041610224508     
   86.141598124420611      -0.19210188160577316     
   86.148365835594660      -0.19136509405435337     
   86.154959407248086      -0.19064984161359916     
   86.161378799342529      -0.18995591899387632     
   86.167623972893963      -0.18928312736206565     
   86.173694889973291      -0.18863127425561926     
   86.179591513706640      -0.18800017350027518     
   86.185313808276064      -0.18738964512930109     
   86.190861738919864      -0.18679951530763292     
   86.196235271933048      -0.18622961625409748     
   86.201434374667798      -0.18567978618830308     
   86.206459015533852      -0.18514986920317592     
   86.211309163998891      -0.18463971528643905     
   86.215984790589047      -0.18414918018798238     
   86.220485866889092      -0.18367812538350597     
   86.224812365542917      -0.18322641801279715     
   86.228964260253861      -0.18279393082259063     
   86.232941525784923      -0.18238054211255661     
   86.236744137959263      -0.18198613568369260     
   86.240372073660197      -0.18161060078830052     
   86.243825310831710      -0.18125383208344995     
   86.247103828478501      -0.18091572958612323     
   86.250207606666194      -0.18059619863053741     
   86.253136626521524      -0.18029514982820533     
   86.255890870232122      -0.18001249903006236     
   86.258470321046744      -0.17974816729069518     
   86.260874963274659      -0.17950208083503102     
   86.263104782285154      -0.17927417102727930     
   86.265159764506379      -0.17906437434188127     
   86.267039897423146      -0.17887263233675263     
   86.268745169572838      -0.17869889162940233     
   86.270275570537720      -0.17854310387474856     
   86.271631090929020      -0.17840522574650164     
   86.272811722352102      -0.17828521892246549     
   86.273817457321897      -0.17818305007671109     
   86.274648289027766      -0.17809869088955479     
   86.275304210545272      -0.17803211811533021     
   86.275785211320425      -0.17798331392945044     
   86.276091251240416      -0.17795226854999285     

