 # Molecular potential
 # R (nm)   Energy shift (MHz)
   7.8783363675116532E-005   0.0000000000000000     
   2.6410587370773105E-004   0.0000000000000000     
   5.5537711292163517E-004   0.0000000000000000     
   9.5257434120201248E-004   0.0000000000000000     
   1.4556932813978663E-003   0.0000000000000000     
   2.0647324178349183E-003   0.0000000000000000     
   2.7796908673177068E-003   0.0000000000000000     
   3.6005679017481682E-003   0.0000000000000000     
   4.5273628057012835E-003   0.0000000000000000     
   5.5600748251326618E-003   0.0000000000000000     
   6.6987031461719143E-003   0.0000000000000000     
   7.9432468854563031E-003   0.0000000000000000     
   9.2937050852879548E-003   0.0000000000000000     
   1.0750076711105019E-002   0.0000000000000000     
   1.2312360650010058E-002   0.0000000000000000     
   1.3980555709961234E-002   0.0000000000000000     
   1.5754660619220307E-002   0.0000000000000000     
   1.7634674026018694E-002   0.0000000000000000     
   1.9620594498348905E-002   0.0000000000000000     
   2.1712420523776838E-002   0.0000000000000000     
   2.3910150509352319E-002   0.0000000000000000     
   2.6213782781501927E-002   0.0000000000000000     
   2.8623315585950403E-002   0.0000000000000000     
   3.1138747087686148E-002   0.0000000000000000     
   3.3760075370878148E-002   0.0000000000000000     
   3.6487298438848445E-002   0.0000000000000000     
   3.9320414214011487E-002   0.0000000000000000     
   4.2259420537838217E-002   0.0000000000000000     
   4.5304315170821723E-002   0.0000000000000000     
   4.8455095792405825E-002   0.0000000000000000     
   5.1711760000980919E-002   0.0000000000000000     
   5.5074305313811855E-002   0.0000000000000000     
   5.8542729167005987E-002   0.0000000000000000     
   6.2117028915471245E-002   0.0000000000000000     
   6.5797201832864180E-002   0.0000000000000000     
   6.9583245111554975E-002   0.0000000000000000     
   7.3475155862563243E-002   0.0000000000000000     
   7.7472931115526139E-002   0.0000000000000000     
   8.1576567818645015E-002   0.0000000000000000     
   8.5786062838629648E-002   0.0000000000000000     
   9.0101412960648095E-002   0.0000000000000000     
   9.4522614888285561E-002   0.0000000000000000     
   9.9049665243466492E-002   0.0000000000000000     
  0.10368256056642824        0.0000000000000000     
  0.10842129731564237        0.0000000000000000     
  0.11326587186776063        0.0000000000000000     
  0.11821628051757027        0.0000000000000000     
  0.12327251947791219        0.0000000000000000     
  0.12843458487963560        0.0000000000000000     
  0.13370247277153099        0.0000000000000000     
  0.13907617912026077        0.0000000000000000     
  0.14455569981029912        0.0000000000000000     
  0.15014103064385831        0.0000000000000000     
  0.15583216734083555        0.0000000000000000     
  0.16162910553872675        0.0000000000000000     
  0.16753184079255734        0.0000000000000000     
  0.17354036857482635        0.0000000000000000     
  0.17965468427541315        0.0000000000000000     
  0.18587478320151696        0.0000000000000000     
  0.19220066057757068        0.0000000000000000     
  0.19863231154516803        0.0000000000000000     
  0.20516973116298837        0.0000000000000000     
  0.21181291440671146        0.0000000000000000     
  0.21856185616893747        0.0000000000000000     
  0.22541655125910529        0.0000000000000000     
  0.23237699440340792        0.0000000000000000     
  0.23944318024470571        0.0000000000000000     
  0.24661510334244546        0.0000000000000000     
  0.25389275817256501        0.0000000000000000     
  0.26127613912740777        0.0000000000000000     
  0.26876524051563427        0.0000000000000000     
  0.27636005656212437        0.0000000000000000     
  0.28406058140789592        0.0000000000000000     
  0.29186680910999102        0.0000000000000000     
  0.29977873364139723        0.0000000000000000     
  0.30779634889094520        0.0000000000000000     
  0.31591964866320993        0.0000000000000000     
  0.32414862667841099        0.0000000000000000     
  0.33248327657230969        0.0000000000000000     
  0.34092359189610849        0.0000000000000000     
  0.34946956611634766        0.0000000000000000     
  0.35812119261479952        0.0000000000000000     
  0.36687846468836482        0.0000000000000000     
  0.37574137554896253        0.0000000000000000     
  0.38470991832341744        0.0000000000000000     
  0.39378408605336124        0.0000000000000000     
  0.40296387169509967        0.0000000000000000     
  0.41224926811953233        0.0000000000000000     
  0.42164026811200406        0.0000000000000000     
  0.43113686437221177        0.0000000000000000     
  0.44073904951407900        0.0000000000000000     
  0.45044681606564613        0.0000000000000000     
  0.46026015646892859        0.0000000000000000     
  0.47017906307983048        0.0000000000000000     
  0.48020352816798967        0.0000000000000000     
  0.49033354391667527        0.0000000000000000     
  0.50056910242265951        0.0000000000000000     
  0.51091019569608298        0.0000000000000000     
  0.52135681566033087        0.0000000000000000     
  0.53190895415191164        0.0000000000000000     
  0.54256660292032122        0.0000000000000000     
  0.55332975362790648        0.0000000000000000     
  0.56419839784974690        0.0000000000000000     
  0.57517252707350286        0.0000000000000000     
  0.58625213269929943        0.0000000000000000     
  0.59743720603957085        0.0000000000000000     
  0.60872773831893601        0.0000000000000000     
  0.62012372067405297        0.0000000000000000     
  0.63162514415348359        0.0000000000000000     
  0.64323199971754974        0.0000000000000000     
  0.65494427823818213        0.0000000000000000     
  0.66676197049879227        0.0000000000000000     
  0.67868506719410771        0.0000000000000000     
  0.69071355893003694        0.0000000000000000     
  0.70284743622352575        0.0000000000000000     
  0.71508668950239462        0.0000000000000000     
  0.72743130910518805        0.0000000000000000     
  0.73988128528104080        0.0000000000000000     
  0.75243660818949587        0.0000000000000000     
  0.76509726790037413        0.0000000000000000     
  0.77786325439361059        0.0000000000000000     
  0.79073455755908950        0.0000000000000000     
  0.80371116719649061        0.0000000000000000     
  0.81679307301512716        0.0000000000000000     
  0.82998026463379304        0.0000000000000000     
  0.84327273158059080        0.0000000000000000     
  0.85667046329276697        0.0000000000000000     
  0.87017344911655137        0.0000000000000000     
  0.88378167830698728        0.0000000000000000     
  0.89749514002776354        0.0000000000000000     
  0.91131382335104638        0.0000000000000000     
  0.92523771725731541        0.0000000000000000     
  0.93926681063517592        0.0000000000000000     
  0.95340109228119285        0.0000000000000000     
  0.96764055089971979        0.0000000000000000     
  0.98198517510272731        0.0000000000000000     
  0.99643495340961075        0.0000000000000000     
   7.1155713128691804        473.02965597902022     
   7.1538817974853082        448.73151666156275     
   7.1922916948177562        434.44208993038160     
   7.2308009640395472        429.93000399402729     
   7.2694095641537091        434.69265137252506     
   7.3081174539927911        448.04921496277655     
   7.3469245922183966        469.03435830400684     
   7.3858309373207032        496.71200559159161     
   8.3906068161983534        460.63730281513949     
   8.4320773970442868        417.42040270579253     
   8.4736459974257556        377.70611588550264     
   8.5153125708344550        342.37365408531252     
   8.5570770705763231        312.10840739987577     
   8.5989394497710130        287.27134553673443     
   8.6408996613513818        268.22449125122807     
   8.6829576580629890        255.21200045583006     
   8.7251133924635731        248.23066860873274     
   8.7673668169225500        247.18742895622100     
   8.8097178836204719        251.84775112183124     
   8.8521665445485311        261.81305858344359     
   8.8947127515080311        276.62873500365771     
   8.9373564561098799        295.65789846925736     
   8.9800976097740488        318.09901511893628     
   9.0229361637290655        343.21427739031253     
   9.0658720690114993        370.16570479604377     
   9.1089052764654053        397.89318885371074     
   9.1520357367418441        425.47717898663626     
   9.1952634002983213        452.14017929049703     
   9.2385882173982647        476.90251365841794     
   9.2820101381105200        498.85238713486910     
   9.7215589188552904        484.40305746258161     
   9.7660456276598762        460.33308409715750     
   9.8106288255306815        433.83758198281117     
   9.8553084599582679        405.47821910720842     
   9.9000844782311148        375.76327063946360     
   9.9449568274350693        345.44011187680235     
   9.9899254544527754        315.26455841786918     
   10.034990305963175        285.79202866715661     
   10.080151328440932        257.60898944652280     
   10.125408468155877        231.41343649068753     
   10.170761671172494        207.77535245290355     
   10.216210883349339        187.10942866907442     
   10.261756050338512        169.83487336138319     
   10.307397117585086        156.31938181308800     
   10.353134030326576        146.75652877389984     
   10.398966733592374        141.22242569718458     
   10.444895172203196        139.71567511215724     
   10.490919290770528        142.09674338515944     
   10.537039033696079        148.11100678331741     
   10.583254345171207        157.43989747194468     
   10.629565169176383        169.65221940096924     
   10.675971449480617        184.21686529526517     
   10.722473129640903        200.62010897322725     
   10.769070153001657        218.35095608713794     
   10.815762462694160        236.80025439580660     
   10.862550001635999        255.34837907426245     
   10.909432712530489        273.50657704737120     
   10.956410537866127        290.82060276489284     
   11.003483419916021        306.74745696068663     
   11.050651300737307        320.79521621579983     
   11.097914122170616        332.65684800102713     
   11.145271825839481        342.06161449928021     
   11.192724353149774        348.65651797893310     
   11.240271645289148        352.17779690644886     
   11.287913643226441        352.57576039569562     
   11.335650287711131        349.85067732001590     
   11.383481519272756        343.94438962287944     
   11.431407278220346        334.91122723629826     
   11.479427504641814        323.02709049105357     
   11.527542138403444        308.62657664414166     
   11.575751119149258        291.99097729965735     
   11.624054386300481        273.48276173551812     
   11.672451879054929        253.63078946887450     
   11.720943536386462        232.98476939850894     
   11.769529297044377        212.00267580728814     
   11.818209099552860        191.14079699428976     
   11.866982882210364        170.92374063923111     
   11.915850583089078        151.84323375224827     
   11.964812140034297        134.27068762468517     
   12.013867490663861        118.51634023810064     
   12.063016572367587        104.88839480956973     
   12.112259322306649        93.642001016294117     
   12.161595677413015        84.930811252726912     
   12.211025574388863        78.843456530834843     
   12.260548949705973        75.435838349697804     
   12.310165739605168        74.703648783341791     
   12.359875880095700        76.568255035585622     
   12.409679306954670        80.904043243549737     
   12.459575955726441        87.538704817900083     
   12.509565761722042        96.222533773868918     
   12.559648660018583        106.64249538329499     
   12.609824585458650        118.47074694351424     
   12.660093472649720        131.35862745043713     
   12.710455255963559        144.89190429448041     
   12.760909869535640        158.61429728186550     
   12.811457247264547        172.11044343062463     
   12.862097322811348        185.02244997385327     
   12.912830029599050        196.98660995504244     
   12.963655300811947        207.62434224190849     
   13.014573069395063        216.62902393493604     
   13.065583268053517        223.81453069738436     
   13.116685829251963        229.04787373510808     
   13.167880685213946        232.18407011892540     
   13.219167767921341        233.11483850303358     
   13.270547009113709        231.84536893191265     
   13.322018340287730        228.46487388902244     
   13.373581692696584        223.05593551013962     
   13.425236997349339        215.68751043609964     
   13.476984185010359        206.49473054318003     
   13.528823186198684        195.70938125489926     
   13.580753931187447        183.59320584851841     
   13.632776350003233        170.38366145042417     
   13.684890372425500        156.33164228351873     
   13.737095927985955        141.75774344529145     
   13.789392945967954        127.03017036883645     
   13.841781355405875        112.49613721056731     
   13.894261085084532        98.462447315566465     
   13.946832063538546        85.230821777973148     
   13.999494219051726        73.109863636709491     
   14.052247479656486        62.374844209163648     
   14.105091773133198        53.231792692214796     
   14.158027027009595        45.827394749774882     
   14.211053168560165        40.272325320950152     
   14.264170124805506        36.637026728369669     
   14.317377822511746        34.935103458789108     
   14.370676188189911        35.128443476070807     
   14.424065148095293        37.146020625442446     
   14.477544628226845        40.885896733942793     
   14.531114554326582        46.203892142347755     
   14.584774851878917        52.918309635387416     
   14.638525446110096        60.830862579081412     
   14.692366261987530        69.731321115572271     
   14.746297224219200        79.377501654513367     
   14.800318257253036        89.486195047570291     
   14.854429285276273        99.759699079243063     
   14.908630232214861        109.91886347230084     
   14.962921021732821        119.70145764297570     
   15.017301577231629        128.83740512585450     
   15.071771821849568        137.05078339809165     
   15.126331678461163        144.10151232932856     
   15.180981069676488        149.81980677463719     
   15.235719917840576        154.09285463310346     
   15.290548145032796        156.82834010168835     
   15.345465673066213        157.94941242504476     
   15.400472423486962        157.42799284999211     
   15.455568317573626        155.30697154119426     
   15.510753276336605        151.67631431472435     
   15.566027220517491        146.63122497627654     
   15.621390070588431        140.26357111085258     
   15.676841746751514        132.69140578458641     
   15.732382168938107        124.08179021760941     
   15.788011256808272        114.63511121654301     
   15.843728929750093        104.55239744853573     
   15.899535106879062        94.027083674721652     
   15.955429707037467        83.266362948511087     
   16.011412648793712        72.507656657109777     
   16.067483850441722        62.004416055088640     
   16.123643230000312        51.995892932556153     
   16.179890705212522        42.692199922573032     
   16.236226193545011        34.281255640052009     
   16.292649612187425        26.936033341743421     
   16.349160878051720        20.805365039372145     
   16.405759907771593        15.997564691767767     
   16.462446617701787        12.575810738156166     
   16.519220923917487        10.567406243363036     
   16.576082742213682        9.9723019595098759     
   16.633031988104516        10.761867671713302     
   16.690068576822650        12.875528805534099     
   16.747192423318651        16.225599264477406     
   16.804403442260323        20.706828945363934     
   16.861701548032077        26.198455524045656     
   16.919086654734301        32.556427467573187     
   16.976558676182727        39.608169645825733     
   17.034117525907771        47.160611140436188     
   17.091763117153906        55.015314975424793     
   17.149495362879023        62.975018902248671     
   17.207314175753783        70.837425386032180     
   17.265219468161003        78.390304074606149     
   17.323211152194961        85.422741824368501     
   17.381289139660826        91.748337523950639     
   17.439453342073957        97.220453919498098     
   17.497703670659298        101.72721585054123     
   17.556040036350709        105.17624025922892     
   17.614462349790362        107.48941494252871     
   17.672970521328047        108.61434367054835     
   17.731564461020586        108.53804348983702     
   17.790244078631140        107.28501089901175     
   17.849009283628604        104.89955439016131     
   17.907859985186953        101.43021661430259     
   17.966796092184577        96.931706873358394     
   18.025817513203673        91.480505733663250     
   18.084924156529581        85.186206477136309     
   18.144115930150136        78.186662080961852     
   18.203392741755035        70.633011153053104     
   18.262754498735209        62.680109159479223     
   18.322201108182117        54.489431088153637     
   18.381732476887187        46.236202266059820     
   18.441348511341108        38.107738923722316     
   18.501049117733217        30.289954185319758     
   18.560834201950836        22.951523286054776     
   18.620703669578624        16.236655899988008     
   18.680657425897966        10.267688116046292     
   18.740695375886304        5.1495944638684357     
   18.800817424216461       0.96937776633711426     
   18.861023475256069       -2.2086209486556094     
   18.921313433066860       -4.3452408951148636     
   18.981687201404036       -5.4236715697658884     
   19.042144683715652       -5.4447733439285750     
   19.102685783141933       -4.4260896173423072     
   19.163310402514650       -2.4054583528041698     
   19.224018444356471       0.55536685506038208     
   19.284809810880304        4.3716165633278079     
   19.345684403988678        8.9401749762111145     
   19.406642125273070        14.143222685996543     
   19.467682876013264        19.848125441606008     
   19.528806557176718        25.906596171596508     
   19.590013069417914        32.158716951740459     
   19.651302313077714        38.443334224946867     
   19.712674188182699        44.609642932803645     
   19.774128594444530        50.522702933599774     
   19.835665431259340        56.060770813697971     
   19.897284597707017        61.109649764505853     
   19.958985992550627        65.561393798852322     
   20.020769514235724        69.319606637372615     
   20.082635060889725        72.306485651790567     
   20.144582530321262        74.464804791574863     
   20.206611820019539        75.753111012964808     
   20.268722827153681        76.139402245472837     
   20.330915448572089        75.600509126948083     
   20.393189580801810        74.129363869436119     
   20.455545120047862        71.745061245197647     
   20.517981962192639        68.497856683910186     
   20.580500002795205        64.465399352459158     
   20.643099137090708        59.743524210812275     
   20.705779259989697        54.438404499069428     
   20.768540266077494        48.664088359908433     
   20.831382049613552        42.543600167364403     
   20.894304504530801        36.208500442993753     
   20.957307524435034        29.793791377885025     
   21.020391002604207        23.429968583362122     
   21.083554831987872        17.237036960169466     
   21.146798905206467        11.323784095986793     
   21.210123114550715        5.7912447271945666     
   21.273527351980956       0.73614274822691339     
   21.337011509126548       -3.7492806087577408     
   21.400575477285170       -7.5812285571458604     
   21.464219147422217       -10.689324888716794     
   21.527942410170148       -13.019765263250555     
   21.591745155827862       -14.536147349681622     
   21.655627274360022       -15.219633382726593     
   21.719588655396464       -15.070014019908125     
   21.783629188231505       -14.107298220273499     
   21.847748761823347       -12.371847201914536     
   21.911947264793426       -9.9215663716533786     
   21.976224585425754       -6.8268858442207936     
   22.040580611666307       -3.1660842774999245     
   22.105015231122387       0.97681383989092530     
   22.169528331061954        5.5115361694029765     
   22.234119798413033        10.340521857756094     
   22.298789519763044        15.359589443904934     
   22.363537381358181        20.460769463234890     
   22.428363269102778        25.535686588190966     
   22.493267068558676        30.477436621176057     
   22.558248664944561        35.180517760488563     
   22.623307943135369        39.540589103908012     
   22.688444787661641        43.456594107334283     
   22.753659082708872        46.836255226955089     
   22.818950712116894        49.603228398216089     
   22.884319559379257        51.702484491682355     
   22.949765507642564        53.101221667024355     
   23.015288439705863        53.785324021160108     
   23.080888238020023        53.754026181861079     
   23.146564784687083        53.016092597598643     
   23.212317961459629        51.589163415480549     
   23.278147649740188        49.501380457146738     
   23.344053730580566        46.792926919047900     
   23.410036084681249        43.515655139102080     
   23.476094592390769        39.730883066979040     
   23.542229133705032        35.507065420188397     
   23.608439588266794        30.919092667654809     
   23.674725835364931        26.049470667704238     
   23.741087753933890        20.989833246535731     
   23.807525222553007        15.840578718908519     
   23.874038119445927        10.707429677854726     
   23.940626322479979        5.6956481772506740     
   24.007289709165526       0.90408450295342868     
   24.074028156655359       -3.5787862389709417     
   24.140841541744106       -7.6760315694596546     
   24.207729740867546       -11.321435008994984     
   24.274692630102070       -14.458261397907735     
   24.341730085164009       -17.038813306405551     
   24.408841981409015       -19.024942454054003     
   24.476028193831493       -20.388877705584072     
   24.543288597063938       -21.113707715548145     
   24.610623065376334       -21.193458197717504     
   24.678031472675556       -20.633282158578346     
   24.745513692504733       -19.450263142123429     
   24.813069598042667       -17.674686171714264     
   24.880699062103179       -15.350882499873563     
   24.948401957134536       -12.536558951496612     
   25.016178155218821       -9.3001452810462588     
   25.084027528071342       -5.7167721451903537     
   25.151949947040009       -1.8642873480205018     
   25.219945283104746        2.1793359005763651     
   25.288013406876839        6.3367120776602475     
   25.356154188598389        10.530476881914485     
   25.424367498141681        14.682641286558299     
   25.492653205008580        18.714857300375510     
   25.561011178329927        22.549803603024134     
   25.629441286864960        26.113133737706356     
   25.697943399000682        29.335205389950559     
   25.766517382751275        32.152226375781161     
   25.835163105757527        34.507136013137071     
   25.903880435286194        36.350924149891490     
   25.972669238229425        37.644833799059455     
   26.041529381104169        38.363131574399951     
   26.110460730051592        38.495387808080814     
   26.179463150836440        38.047042715686331     
   26.248536508846502        37.037646223284540     
   26.317680669091995        35.497235569424845     
   26.386895496204968        33.462228301654712     
   26.456180854438720        30.972421522378561     
   26.525536607667227        28.070086796480282     
   26.594962619384532        24.801085214878015     
   26.664458752704189        21.216978428844854     
   26.734024870358635        17.376749379965659     
   26.803660834698665        13.347089989761958     
   26.873366507692815        9.2009978007816002     
   26.943141750926777        5.0151819448430084     
   27.012986425602858       0.86712511870794462     
   27.082900392539358       -3.1675070418633848     
   27.152883512170018       -7.0168569812052350     
   27.222935644543451       -10.614396273831355     
   27.293056649322558       -13.900203329754570     
   27.363246385783945       -16.822052356080889     
   27.433504712817381       -19.336138264576800     
   27.503831488925218       -21.407207357957500     
   27.574226572221797       -23.008066779842927     
   27.644689820432923       -24.118784561243420     
   27.715221090895259       -24.726128420484375     
   27.785820240555797       -24.823734306991103     
   27.856487125971295       -24.413128118881637     
   27.927221603307682       -23.505221363563948     
   27.998023528339520       -22.121537979958973     
   28.068892756449451       -20.294424972875127     
   28.139829142627647       -18.065886148600839     
   28.210832541471220       -15.485267461270658     
   28.281902807183712       -12.606505391875308     
   28.353039793574496       -9.4857781570797250     
   28.424243354058284       -6.1801290197974650     
   28.495513341654519       -2.7471322208073659     
   28.566849608986882       0.75478631699104648     
   28.638252008282691        4.2659691918133946     
   28.709720391372393        7.7255890504326210     
   28.781254609689029        11.072358870210808     
   28.852854514267648        14.245791520421969     
   28.924519955744820        17.187742814330885     
   28.996250784358065        19.843992454086376     
   29.068046849945322        22.165750158280957     
   29.139908001944427        24.111086623056771     
   29.211834089392571        25.646281420268455     
   29.283824960925752        26.746954337563380     
   29.355880464778298        27.398705414974298     
   29.428000448782278        27.596966956503760     
   29.500184760367002        27.345942890244679     
   29.572433246558518        26.656833062622759     
   29.644745753979041        25.545863314486546     
   29.717122128846491        24.032791115179222     
   29.789562216973927        22.140425951338461     
   29.862065863769047        19.895317916912330     
   29.934632914233664        17.329275048080401     
   30.007263212963231        14.480978697864733     
   30.079956604146268        11.396855667331620     
   30.152712931563904        8.1306022265175439     
   30.225532038589332        4.7412523190838680     
   30.298413768187341        1.2902308455751343     
   30.371357962913777       -2.1618039386874632     
   30.444364464915076       -5.5574959886909898     
   30.517433115927712       -8.8441684034149350     
   30.590563757277753       -11.973975917973243     
   30.663756229880342       -14.903205376152075     
   30.737010374239194       -17.591337488187939     
   30.810326030446131       -20.000464175442755     
   30.883703038180560       -22.095421944580707     
   30.957141236709003       -23.844670180744650     
   31.030640464884609       -25.221649791886723     
   31.104200561146676       -26.206204269348561     
   31.177821363520145       -26.785665150348670     
   31.251502709615153       -26.955357176581455     
   31.325244436626551       -26.718480387111562     
   31.399046381333385       -26.085492830438621     
   31.472908380098485       -25.073202130651080     
   31.546830268867954       -23.703778348283180     
   31.620811883170706       -22.003856871553712     
   31.694853058118024       -20.003843290554084     
   31.768953628403040       -17.737478779586777     
   31.843113428300345       -15.241670077195794     
   31.917332291665463       -12.556521276538129     
   31.991610051934430       -9.7254254033226992     
   32.065946542123349       -6.7950042319944979     
   32.140341594827888       -3.8146637200611386     
   32.214795042222889      -0.83559532544578030     
   32.289306716061873        2.0907925089538564     
   32.363876447676617        4.9148205088739436     
   32.438504067976709        7.5904848554492599     
   32.513189407449076        10.076949822457713     
   32.587932296157625        12.339220058615304     
   32.662732563742686        14.347865770649983     
   32.737590039420702        16.077988357770959     
   32.812504551983722        17.507886081609911     
   32.887475929798960        18.618002379189114     
   32.962504000808444        19.390658571080728     
   33.037588592528508        19.810804924356997     
   33.112729532049443        19.867653282368600     
   33.187926646035010        19.556707219462279     
   33.263179760722075        18.881511338815994     
   33.338488701920170        17.854484490216585     
   33.413853295011108        16.496481538865460     
   33.489273364948502        14.835148257986404     
   33.564748736257471        12.902535562880221     
   33.640279233034150        10.732669858530855     
   33.715864678945273        8.3597544934852159     
   33.791504897227902        5.8174228681867435     
   33.867199710688887        3.1390792592804004     
   33.942948941704529       0.35898698062333129     
   34.018752412220216       -2.4864807498566868     
   34.094609943750008       -5.3580485601734109     
   34.170521357376245       -8.2136478455336732     
   34.246486473749187       -11.009538598200686     
   34.322505113086621       -13.702191977031843     
   34.398577095173465       -16.250419132254788     
   34.474702239361449       -18.617167446810214     
   34.550880364568712       -20.770554573678346     
   34.627111289279405       -22.684002913061374     
   34.703394831543363       -24.335651549570539     
   34.779730808975756       -25.707443057561111     
   34.856119038756688       -26.784341767363802     
   34.932559337630863       -27.554034946076758     
   35.009051521907232       -28.007249269521793     
   35.085595407458634       -28.138563151406480     
   35.162190809721473       -27.947397995663714     
   35.238837543695332       -27.438796136609998     
   35.315535423942663       -26.623665846695889     
   35.392284264588447       -25.518365250397178     
   35.469083879319832       -24.143731591358652     
   35.545934081385845       -22.523848180516694     
   35.622834683597006       -20.684909678551975     
   35.699785498325070       -18.654479038163778     
   35.776786337502642       -16.461261471261142     
   35.853837012622890       -14.135320042128884     
   35.930937334739198       -11.708495408831528     
   36.008087114464921       -9.2147202410858622     
   36.085286161972981       -6.6899558717917307     
   36.162534286995651       -4.1716091092044749     
   36.239831298824164       -1.6974661161841975     
   36.317177006308476       0.69565300201235070     
   36.394571217856949        2.9732182575932877     
   36.472013741436044        5.1039977749918517     
   36.549504384570064        7.0605595566905235     
   36.627042954340808        8.8192400717230814     
   36.704629257387346        10.359715797380911     
   36.782263099905727        11.664422437626792     
   36.859944287648638        12.718089536682662     
   36.937672625925238        13.507595082573076     
   37.015447919600796        14.022221452649855     
   37.093269973096461        14.254252237637230     
   37.171138590388999        14.199733118608048     
   37.249053575010507        13.859163355277465     
   37.327014730048219        13.237902651150319     
   37.405021858144167        12.346162554315608     
   37.483074761495004        11.198572528540211     
   37.561173241851684        9.8134280107319203     
   37.639317100519307        8.2118042861241207     
   37.717506138356825        6.4167350429403234     
   37.795740155776791        4.4526089126376833     
   37.874018952745168        2.3448510346520801     
   37.952342328781093       0.11985975603100814     
   38.030710082956631       -2.1949092600510332     
   38.109122013896545       -4.5708570164497431     
   38.187577919778150       -6.9782889865229789     
   38.266077598330988       -9.3866819181966630     
   38.344620846836726       -11.765181610788531     
   38.423207462128858       -14.083271541019670     
   38.501837240592572       -16.311503199084818     
   38.580509978164528       -18.422166382213845     
   38.659225470332643       -20.389802281746565     
   38.737983512135912       -22.191512894790417     
   38.816783898164239       -23.807078854316920     
   38.895626422558230       -25.218945524988907     
   38.974510879009010       -26.412160992790263     
   39.053437060758078       -27.374345016383639     
   39.132404760597097       -28.095739572918511     
   39.211413770867757       -28.569350269898166     
   39.290463883461577       -28.791147208563725     
   39.369554889819796       -28.760266165402030     
   39.448686580933142       -28.479143792449459     
   39.527858747341774       -27.953534770158019     
   39.607071179135040       -27.192388784185649     
   39.686323665951406       -26.207600425107938     
   39.765615996978248       -25.013674376303030     
   39.844947960951778       -23.627362899399749     
   39.924319346156892       -22.067329317505660     
   40.003729940427043       -20.353872417939346     
   40.083179531144047       -18.508719413218000     
   40.162667905238123       -16.554868164642571     
   40.242194849187605       -14.516440776898200     
   40.321760149018957       -12.418505362801248     
   40.401363590306559       -10.286831574537807     
   40.481004958172726       -8.1475651539305716     
   40.560684037287494       -6.0268310708689219     
   40.640400611868600       -3.9502965055029091     
   40.720154465681361       -1.9427377370328995     
   40.799945382038594       -2.7655518694577285E-002
   40.879773143800520        1.7730279216286422     
   40.959637533374732        3.4391767124724728     
   41.039538332716063        4.9525622768797470     
   41.119475323326547        6.2969235094867892     
   41.199448286255389        7.4580015815186975     
   41.279457002098816        8.4235834861730368     
   41.359501251000125        9.1835776812781216     
   41.439580812649545        9.7301284547193081     
   41.519695466284226        10.057757777173595     
   41.599844990688240        10.163509272149502     
   41.680029164192476        10.047062137093880     
   41.760247764674602        9.7107848967562660     
   41.840500569559140        9.1597088504042770     
   41.920787355817296        8.4014160166356628     
   42.001107899967067        7.4458521476840769     
   42.081461978073143        6.3050878676938344     
   42.161849365746939        4.9930572093926759     
   42.242269838146591        3.5253016615614947     
   42.322723169976918        1.9187401725803976     
   42.403209135489476       0.19147385260849853     
   42.483727508482502       -1.6373783429435964     
   42.564278062301021       -3.5478266927554962     
   42.644860569836759       -5.5191595654121706     
   42.725474803528250       -7.5301126120514654     
   42.806120535360812       -9.5590712018484361     
   42.886797536866595       -11.584309928582309     
   42.967505579124641       -13.584263029925680     
   43.048244432760882       -15.537811245868779     
   43.129013867948203       -17.424565981372318     
   43.209813654406531       -19.225131560378497     
   43.290643561402852       -20.921330553177409     
   43.371503357751266       -22.496384277452787     
   43.452392811813077       -23.935048638151361     
   43.533311691496849       -25.223712451653487     
   43.614259764258506       -26.350469714188712     
   43.695236797101373       -27.305178148998920     
   43.776242556576321       -28.079513920811976     
   43.857276808781762       -28.667027573916272     
   43.938339319363891       -29.063200447437776     
   44.019429853516620       -29.265495603634154     
   44.100548175981821       -29.273393966532474     
   44.181694051049348       -29.088405654494366     
   44.262867242557206       -28.714048455367141     
   44.344067513891673       -28.155789410217409     
   44.425294627987363       -27.420950455964970     
   44.506548347327460       -26.518583756590239     
   44.587828433943734       -25.459325622573349     
   44.669134649416804       -24.255239092760700     
   44.750466754876221       -22.919654207962608     
   44.831824511000590       -21.467012164664045     
   44.913207678017834       -19.912715721895268     
   44.994616015705226       -18.272984440831316     
   45.076049283389658       -16.564710484142307     
   45.157507239947790       -14.805309429634685     
   45.238989643806178       -13.012561090067353     
   45.320496252941545       -11.204437466208372     
   45.402026824880906       -9.3989181290513635     
   45.483581116701771       -7.6137967175715389     
   45.565158885032382       -5.8664850555239836     
   45.646759886051875       -4.1738229625252270     
   45.728383875490543       -2.5519018317239417     
   45.810030608629980       -1.0159085013639948     
   45.891699840303396       0.42000675027237111     
   45.973391324895729        1.7428374763690626     
   46.055104816344013        2.9408060143967214     
   46.136840068137502        4.0034307313667261     
   46.218596833317974        4.9215811238871874     
   46.300374864480005        5.6875259186904854     
   46.382173913771126        6.2949777132513969     
   46.463993732892192        6.7391353236693474     
   46.545834073097595        7.0167224316049612     
   46.627694685195529        7.1260189251390811     
   46.709575319548314        7.0668799826643927     
   46.791475726072633        6.8407377314494440     
   46.873395654239857        6.4505812484832701     
   46.955334853076288        5.9009125442088095     
   47.037293071163568        5.1976785750717411     
   47.119270056638804        4.3481817701616281     
   47.201265557195107        3.3609735492738975     
   47.283279320081725        2.2457364873927110     
   47.365311092104463        1.0131609648859157     
   47.447360619625996      -0.32517863809320652     
   47.529427648566148       -1.7569446701716160     
   47.611511924402357       -3.2691522470350907     
   47.693613192169884       -4.8482808953647352     
   47.775731196462267       -6.4803836228958138     
   47.857865681431647       -8.1511961013238192     
   47.940016390789090       -9.8462487283444506     
   48.022183067805067       -11.550983662184089     
   48.104365455309697       -13.250877674458904     
   48.186563295693254       -14.931570126428388     
   48.268776330906469       -16.578993862290069     
   48.351004302460971       -18.179505630807693     
   48.433246951429666       -19.720012012975896     
   48.515504018447139       -21.188086846465485     
   48.597775243710146       -22.572076768982154     
   48.680060366977870       -23.861192601393665     
   48.762359127572530       -25.045585632811243     
   48.844671264379706       -26.116409196240031     
   48.926996515848799       -27.065867001106898     
   49.009334619993460       -27.887250348516037     
   49.091685314392095       -28.574966518912369     
   49.174048336188257       -29.124560309447194     
   49.256423422091117       -29.532730018988943     
   49.338810308376019       -29.797338298723552     
   49.421208730884821       -29.917417400609448     
   49.503618425026488       -29.893167645620693     
   49.586039125777518       -29.725947536059337     
   49.668470567682483       -29.418253920777552     
   49.750912484854446       -28.973690980905584     
   49.833364610975593       -28.396927459457437     
   49.915826679297595       -27.693642378023704     
   49.998298422642307       -26.870460313922898     
   50.080779573402111       -25.934878001186298     
   50.163269863540592       -24.895184454142104     
   50.245769024592974       -23.760376931670599     
   50.328276787666752       -22.540074863204957     
   50.410792883442170       -21.244433403045033     
   50.493317042172826       -19.884057664662471     
   50.575848993686222       -18.469918038203147     
   50.658388467384327       -17.013266427945329     
   50.740935192244173       -15.525552863690974     
   50.823488896818432       -14.018341798839826     
   50.906049309235975       -12.503227521713926     
   50.988616157202529       -10.991748442127182     
   51.071189168001226       -9.4953005001379616     
   51.153768068493271       -8.0250504823489397     
   51.236352585118489       -6.5918505199691397     
   51.318942443895999       -5.2061553913649448     
   51.401537370424833       -3.8779443961074138     
   51.484137089884570       -2.6166494813436203     
   51.566741327035963       -1.4310909990325853     
   51.649349806221643      -0.32942200479697425     
   51.731962251366703       0.68091854732154711     
   51.814578385979409        1.5932439169601598     
   51.897197933151865        2.4016496719271010     
   51.979820615560705        3.1010367628517650     
   52.062446155467683        3.6871287078437103     
   52.145074274720535        4.1564839525423354     
   52.227704694753513        4.5065042346533808     
   52.310337136588174        4.7354394248303597     
   52.392971320834086        4.8423889057165050     
   52.475606967689508        4.8272991577905175     
   52.558243796942158        4.6909569191430025     
   52.640881527969903        4.4349771124646296     
   52.723519879741573        4.0617847302116541     
   52.806158570817608        3.5745900243965685     
   52.888797319350857        2.9773566432716061     
   52.971435843087356        2.2747627443088159     
   53.054073859367087        1.4721555333011125     
   53.136711085124702       0.57550007131332881     
   53.219347236890371      -0.40867650049735749     
   53.301982030790533       -1.4733439833946178     
   53.384615182548700       -2.6110300154522053     
   53.467246407486229       -3.8138815633004377     
   53.549875420523215       -5.0737259573975750     
   53.632501936179182       -6.3821307191177725     
   53.715125668574018       -7.7304617643555300     
   53.797746331428726       -9.1099398898912369     
   53.880363638066314       -10.511695711481815     
   53.962977301412600       -11.926823394908608     
   54.045587033997087       -13.346433583083190     
   54.128192547953823       -14.761705876519919     
   54.210793555022256       -16.163941081810048     
   54.293389766548074       -17.544613233683041     
   54.375980893484140       -18.895421155277305     
   54.458566646391340       -20.208339087120706     
   54.541146735439540       -21.475665723675270     
   54.623720870408398       -22.690070875572527     
   54.706288760688281       -23.844638939166487     
   54.788850115281278       -24.932908413286274     
   54.871404642802013       -25.948906835056867     
   54.953952051478616       -26.887180704814718     
   55.036492049153708       -27.742820197563134     
   55.119024343285233       -28.511478690075158     
   55.201548640947500       -29.189387338545377     
   55.284064648832135       -29.773365098880301     
   55.366572073249039       -30.260824674892021     
   55.449070620127280       -30.649774905988153     
   55.531559995016231       -30.938820062317806     
   55.614039903086407       -31.127156427733119     
   55.696510049130552       -31.214566420716679     
   55.778970137564649       -31.201410367456504     
   55.861419872428826       -31.088615912113323     
   55.943858957388485       -30.877664949783203     
   56.026287095735299       -30.570577910663822     
   56.108703990388172       -30.169895216654393     
   56.191109343894418       -29.678655774244461     
   56.273502858430675       -29.100372451834655     
   56.355884235804012       -28.439004605242332     
   56.438253177453007       -27.698927842463387     
   56.520609384448804       -26.884901343775681     
   56.602952557496167       -26.002033157506460     
   56.685282396934625       -25.055743963634374     
   56.767598602739454       -24.051729828766831     
   56.849900874522916       -22.995924464838858     
   56.932188911535277       -21.894461453566716     
   57.014462412665893       -20.753636817753058     
   57.096721076444446       -19.579872219867735     
   57.178964601041933       -18.379678962934523     
   57.261192684271968       -17.159622869587100     
   57.343405023591778       -15.926290035996363     
   57.425601316103403       -14.686253405076950     
   57.507781258554871       -13.446040083226659     
   57.589944547341403       -12.212099336736966     
   57.672090878506509       -10.990771244172203     
   57.754219947743174       -9.7882560420343729     
   57.836331450395136       -8.6105842734825284     
   57.918425081458039       -7.4635879221825103     
   58.000500535580521       -6.3528727766649133     
   58.082557507065687       -5.2837923135977709     
   58.164595689872030       -4.2614234071261272     
   58.246614777614887       -3.2905441612979658     
   58.328614463567590       -2.3756141249275817     
   58.410594440662692       -1.5207570866011082     
   58.492554401493251      -0.72974656875876676     
   58.574494038314043       -5.9940521677870652E-003
   58.656413043042903       0.64746012503346073     
   58.738311107261957        1.2279533274821759     
   58.820187922218899        1.7332048370167938     
   58.902043178828237        2.1613179559308127     
   58.983876567672716        2.5107802486266384     
   59.065687779004513        2.7804621620576588     
   59.147476502746585        2.9696142347074677     
   59.229242428493990        3.0778630568113119     
   59.310985245515219        3.1052060875379173     
   59.392704642753529        3.0520053751684690     
   59.474400308828258        2.9189801711340371     
   59.556071932036268        2.7071983844172558     
   59.637719200353153        2.4180667942664873     
   59.719341801434773        2.0533199292602617     
   59.800939422618498        1.6150075304519478     
   59.882511750924685        1.1054805441680269     
   59.964058473057968       0.52737563281953892     
   60.045579275408762      -0.11640175500887670     
   60.127073844054614      -0.82269565657364119     
   60.208541864761592       -1.5881190546794071     
   60.289983022985773       -2.4090743220884407     
   60.371397003874620       -3.2817744108652049     
   60.452783492268438       -4.2022645252913877     
   60.534142172701820       -5.1664440122031969     
   60.615472729405113       -6.1700882143594873     
   60.696774846305829       -7.2088700592880866     
   60.778048207030174       -8.2783811946020265     
   60.859292494904487       -9.3741525272364328     
   60.940507392956739       -10.491674073680070     
   61.021692583918011       -11.626414076565489     
   61.102847750224043       -12.773837385819604     
   61.183972574016629       -13.929423136340333     
   61.265066737145283       -15.088681777122806     
   61.346129921168632       -16.247171516113294     
   61.427161807356015       -17.400514244253873     
   61.508162076689040       -18.544410987821848     
   61.589130409863031       -19.674656917008143     
   61.670066487288722       -20.787155910619873     
   61.750969989093697       -21.877934646679304     
   61.831840595124014       -22.943156159324673     
   61.912677984945837       -23.979132777255057     
   61.993481837846879       -24.982338340367839     
   62.074251832838137       -25.949419581282228     
   62.154987648655450       -26.877206557043479     
   62.235688963761049       -27.762722026652554     
   62.316355456345256       -28.603189684295149     
   62.396986804328073       -29.396041184675596     
   62.477582685360836       -30.138921923355017     
   62.558142776827800       -30.829695566054102     
   62.638666755847851       -31.466447350605861     
   62.719154299276127       -32.047486212302623     
   62.799605083705714       -32.571345805713278     
   62.880018785469304       -33.036784512195680     
   62.960395080640836       -33.442784531500912     
   63.040733645037243       -33.788550158176591     
   63.121034154220126       -34.073505338609351     
   63.201296283497470       -34.297290595323325     
   63.281519707925305       -34.459759390021595     
   63.361704102309474       -34.560973980906617     
   63.441849141207378       -34.601200812109298     
   63.521954498929652       -34.580905456614289     
   63.602019849541982       -34.500747120163503     
   63.682044866866740       -34.361572703208012     
   63.762029224484891       -34.164410412065621     
   63.841972595737637       -33.910462909205414     
   63.921874653728281       -33.601099996066139     
   64.001735071323921       -33.237850828531499     
   64.081553521157332       -32.822395677802426     
   64.161329675628693       -32.356557258569687     
   64.241063206907427       -31.842291663421097     
   64.320753786934006       -31.281678952840785     
   64.400401087421798       -30.676913462386509     
   64.480004779858845       -30.030293897030415     
   64.559564535509722       -29.344213288000962     
   64.639080025417414       -28.621148889109207     
   64.718550920405121       -27.863652087576860     
   64.797976891078164       -27.074338398905677     
   64.877357607825829       -26.255877607192655     
   64.956692740823229       -25.410984101303189     
   65.035981960033183       -24.542407447234154     
   65.115224935208175       -23.652923222353927     
   65.194421335892173       -22.745324128626994     
   65.273570831422575       -21.822411389887627     
   65.352673090932157       -20.886986430968708     
   65.431727783350894       -19.941842830596787     
   65.510734577408030       -18.989758536977746     
   65.589693141633859       -18.033488334612748     
   65.668603144361782       -17.075756552927427     
   65.747464253730271       -16.119250011377247     
   65.826276137684758       -15.166611201472834     
   65.905038463979636       -14.220431711171322     
   65.983750900180240       -13.283245908738639     
   66.062413113664817       -12.357524899070897     
   66.141024771626547       -11.445670783600786     
   66.219585541075546       -10.550011247707769     
   66.298095088840810       -9.6727945066520480     
   66.376553081572283       -8.8161846389243159     
   66.454959185742879       -7.9822573335778406     
   66.533313067650511       -7.1729960736359653     
   66.611614393420112       -6.3902887716192982     
   66.689862829005691       -5.6359248659702086     
   66.768058040192400       -4.9115928792718027     
   66.846199692598574       -4.2188784310549883     
   66.924287451677770       -3.5592626903517730     
   67.002320982720946       -2.9341212462586888     
   67.080299950858432       -2.3447233693117182     
   67.158224021062068       -1.7922316322956773     
   67.236092858147344       -1.2777018569475660     
   67.313906126775422      -0.80208335237869299     
   67.391663491455304      -0.36621941228329424     
   67.469364616545974        2.9151959363882270E-002
   67.547009166258420       0.38339712041621615     
   67.624596804657955       0.69598568193827381     
   67.702127195666165       0.96648923491085181     
   67.779600003063166        1.1945799228056975     
   67.857014890489751        1.3800288652744475     
   67.934371521449577        1.5227044335951181     
   68.011669559311272        1.6225703746609912     
   68.088908667310690        1.6796837778651594     
   68.166088508553017        1.6941928776693478     
   68.243208746015071        1.6663346847889906     
   68.320269042547423        1.5964324400891452     
   68.397269060876596        1.4848928877084684     
   68.474208463607425        1.3322033672733453     
   68.551086913225049        1.1389287291113490     
   68.627904072097380       0.90570808082676413     
   68.704659602477193       0.63325137814785848     
   68.781353166504417       0.32233587731785746     
   68.857984426208390       -2.6197529840939069E-002
   68.934553043510121      -0.41144807389847421     
   69.011058680224551      -0.83245893227227818     
   69.087500998062893       -1.2882210923921826     
   69.163879658634755       -1.7776772256118221     
   69.240194323450652       -2.2997255448216807     
   69.316444653924080       -2.8532236205637500     
   69.392630311374020       -3.4369921332069810     
   69.468750957027069       -4.0498185421294561     
   69.544806252019967       -4.6904606567747029     
   69.620795857401674       -5.3576500985695912     
   69.696719434135957       -6.0500956469367875     
   69.772576643103491       -6.7664864666444959     
   69.848367145104433       -7.5054952173904317     
   69.924090600860595       -8.2657810496813724     
   69.999746671017931       -9.0459924935650733     
   70.075335016148799       -9.8447702484895476     
   70.150855296754486       -10.660749883601023     
   70.226307173267386       -11.492564457934748     
   70.301690306053530       -12.338847069488569     
   70.377004355415039       -13.198233340955886     
   70.452248981592348       -14.069363848203039     
   70.527423844766716       -14.950886495506687     
   70.602528605062744       -15.841458839150349     
   70.677562922550507       -16.739750358597362     
   70.752526457248379       -17.644444672016235     
   70.827418869125097       -18.554241690797031     
   70.902239818102487       -19.467859705797949     
   70.976988964057753       -20.384037396607841     
   71.051665966825965       -21.301535755435843     
   71.126270486202543       -22.219139906901841     
   71.200802181945846       -23.135660839729582     
   71.275260713779304       -24.049936997603638     
   71.349645741394369       -24.960835764521470     
   71.423956924452625       -25.867254811658746     
   71.498193922588428       -26.768123309662275     
   71.572356395411546       -27.662403002185020     
   71.646444002509369       -28.549089139989988     
   71.720456403449688       -29.427211277037120     
   71.794393257783156       -30.295833932086179     
   71.868254225045689       -31.154057121240260     
   71.942038964761196       -32.001016768520039     
   72.015747136443991       -32.835885002904945     
   72.089378399601401       -33.657870351255141     
   72.162932413736300       -34.466217837981851     
   72.236408838349647       -35.260208996135773     
   72.309807332943137       -36.039161817472930     
   72.383127557021709       -36.802430621709860     
   72.456369170096139       -37.549405884133662     
   72.529531831685631       -38.279514011137323     
   72.602615201320447       -38.992217076855027     
   72.675618938544389       -39.687012525549370     
   72.748542702917632       -40.363432843987155     
   72.821386154019123       -41.021045206738172     
   72.894148951449210       -41.659451096034829     
   72.966830754832486       -42.278285896719559     
   73.039431223820131       -42.877218465835043     
   73.111950018092770       -43.455950675636068     
   73.184386797362990       -44.014216928226425     
   73.256741221378078       -44.551783639762455     
   73.329012949922586       -45.068448692040946     
   73.401201642821093       -45.564040849230082     
   73.473306959940743       -46.038419138456860     
   73.545328561194069       -46.491472192382680     
   73.617266106541564       -46.923117553637418     
   73.689119255994413       -47.333300940953258     
   73.760887669617162       -47.721995477933106     
   73.832571007530419       -48.089200886079979     
   73.904168929913581       -48.434942644516930     
   73.975681097007524       -48.759271119515390     
   74.047107169117282       -49.062260667597009     
   74.118446806614841       -49.344008716479387     
   74.189699669941788       -49.604634828533669     
   74.260865419612145       -49.844279751685917     
   74.331943716214980       -50.063104462800908     
   74.402934220417180       -50.261289208614642     
   74.473836592966308       -50.439032548393151     
   74.544650494693229       -50.596550406800191     
   74.615375586514915       -50.734075130518974     
   74.686011529437181       -50.851854569115552     
   74.756557984557560       -50.950151167454699     
   74.827014613067917       -51.029241081357789     
   74.897381076257346       -51.089413315709237     
   74.967657035514918       -51.130968886811353     
   75.037842152332487       -51.154220009857511     
   75.107936088307440       -51.159489311845739     
   75.177938505145519       -51.147109069757576     
   75.247849064663697       -51.117420473452952     
   75.317667428792888       -51.070772912310098     
   75.387393259580762       -51.007523284476115     
   75.457026219194702       -50.928035327336559     
   75.526565969924491       -50.832678967747398     
   75.596012174185134       -50.721829690593353     
   75.665364494519835       -50.595867924251550     
   75.734622593602737       -50.455178441440559     
   75.803786134241690       -50.300149775099825     
   75.872854779381342       -50.131173647109541     
   75.941828192105703       -49.948644410423739     
   76.010706035641249       -49.752958503520425     
   76.079487973359619       -49.544513917157488     
   76.148173668780615       -49.323709673584069     
   76.216762785574957       -49.090945318460150     
   76.285254987567214       -48.846620426059694     
   76.353649938738755       -48.591134118410480     
   76.421947303230510       -48.324884599242267     
   76.490146745345939       -48.048268703623968     
   76.558247929553943       -47.761681464300565     
   76.626250520491709       -47.465515695678661     
   76.694154182967623       -47.160161596432729     
   76.761958581964265       -46.846006371599302     
   76.829663382641201       -46.523433874948438     
   76.897268250337987       -46.192824272589988     
   76.964772850577063       -45.854553726810146     
   77.032176849066659       -45.508994104136995     
   77.099479911703767       -45.156512702832167     
   77.166681704577073       -44.797472003929542     
   77.233781893969834       -44.432229443720352     
   77.300780146362897       -44.061137207817865     
   77.367676128437637       -43.684542046342472     
   77.434469507078859       -43.302785109633234     
   77.501159949377779       -42.916201803786471     
   77.567747122635012       -42.525121665250332     
   77.634230694363481       -42.129868253639330     
   77.700610332291404       -41.730759061891419     
   77.766885704365350       -41.328105442901482     
   77.833056478753036       -40.922212551768425     
   77.899122323846456       -40.513379302850574     
   77.965082908264776       -40.101898340890600     
   78.030937900857410       -39.688056025551539     
   78.096686970706912       -39.272132428811432     
   78.162329787131995       -38.854401345370995     
   78.227866019690566       -38.435130313737908     
   78.293295338182688       -38.014580651997036     
   78.358617412653572       -37.593007503780846     
   78.423831913396612       -37.170659897927251     
   78.488938510956416       -36.747780821182346     
   78.553936876131715       -36.324607305008371     
   78.618826679978525       -35.901370527609764     
   78.683607593813051       -35.478295932654532     
   78.748279289214707       -35.055603366516323     
   78.812841438029253       -34.633507236342759     
   78.877293712371667       -34.212216691798318     
   78.941635784629341       -33.791935833979316     
   79.005867327464969       -33.372863955860183     
   79.069988013819625       -32.955195819636806     
   79.133997516915898       -32.539121977685518     
   79.197895510260793       -32.124829145594802     
   79.261681667648858       -31.712500637939257     
   79.325355663165141       -31.302316880484472     
   79.388917171188467       -30.894456015135688     
   79.452365866394175       -30.489094629621977     
   79.515701423757406       -30.086408615863185     
   79.578923518556053       -29.686574240869863     
   79.642031826373881       -29.289769442432320     
   79.705026023103528       -28.896175449967181     
   79.767905784949633       -28.505978827420016     
   79.830670788431831       -28.119374088298983     
   79.893320710387883       -27.736567098449843     
   79.955855227976741       -27.357779585420943     
   80.018274018681538       -26.983255237741510     
   80.080576760312837       -26.613268147734228     
   80.142763131011506       -26.248134811871260     
   80.204832809251940       -25.888231719753275     
   80.266785473845090       -25.534022085565748     
   80.328620803941547       -25.186098283891738     
   80.390338479034625       -24.845252931442992     
   80.451938178963445       -24.512606345765811     
   80.513419583916090       -24.189856586868327     
   80.574782374432587       -23.879835390070944     
   80.636026231408053       -23.588002379844696     
   80.697150836095787       -23.328067724469001     
   80.758155870110429       -23.182019106687928     
   80.819041015430898       -22.891943620360109     
   80.879805954403636       -22.497021774820315     
   80.940450369745633       -22.107036329909430     
   81.000973944547624       -21.721999336924338     
   81.061376362276988       -21.341919422629434     
   81.121657306781088       -20.966801916118019     
   81.181816462290257       -20.596648972985793     
   81.241853513420907       -20.231459696872879     
   81.301768145178599       -19.871230258405948     
   81.361560042961287       -19.515954011589915     
   81.421228892562240       -19.165621607702786     
   81.480774380173344       -18.820221106752275     
   81.540196192388080       -18.479738086546881     
   81.599494016204659       -18.144155749436315     
   81.658667539029167       -17.813455026779657     
   81.717716448678672       -17.487614681171188     
   81.776640433384287       -17.166611406488418     
   81.835439181794385       -16.850419925771920     
   81.894112382977639       -16.539013086987769     
   81.952659726426106       -16.232361956683754     
   82.011080902058453       -15.930435911454142     
   82.069375600222969       -15.633202727895622     
   82.127543511700765       -15.340628669024850     
   82.185584327708781       -15.052678570646375     
   82.243497739903091       -14.769315924038729     
   82.301283440381781       -14.490502957227093     
   82.358941121688247       -14.216200714028895     
   82.416470476814254       -13.946369130983790     
   82.473871199203060       -13.680967112162346     
   82.531142982752485       -13.419952601826990     
   82.588285521818150       -13.163282654942769     
   82.645298511216424       -12.910913505534086     
   82.702181646227743       -12.662800632864473     
   82.758934622599511       -12.418898825455537     
   82.815557136549401       -12.179162242927640     
   82.872048884768361       -11.943544475682019     
   82.928409564423802       -11.711998602421854     
   82.984638873162609       -11.484477245534276     
   83.040736509114424       -11.260932624347358     
   83.096702170894545       -11.041316606289557     
   83.152535557607294       -10.825580755971936     
   83.208236368848844       -10.613676382242874     
   83.263804304710590       -10.405554583230050     
   83.319239065782128       -10.201166289428729     
   83.374540353154373       -10.000462304936489     
   83.429707868422682       -9.8033933464395862     
   83.484741313689980       -9.6099100813996277     
   83.539640391569890       -9.4199631630434819     
   83.594404805189740       -9.2335032647951198     
   83.649034258193765       -9.0504811125689848     
   83.703528454746206       -8.8708475155577577     
   83.757887099534358       -8.6945533954967598     
   83.812109897771705       -8.5215498144462121     
   83.866196555201043       -8.3517880011614469     
   83.920146778097546       -8.1852193761002052     
   83.973960273271871       -8.0217955751259211     
   84.027636748073263       -7.8614684719588341     
   84.081175910392588       -7.7041901994249846     
   84.134577468665597       -7.5499131695564499     
   84.187841131875828       -7.3985900925866632     
   84.240966609557759       -7.2501739948857162     
   84.293953611799978       -7.1046182358786920     
   84.346801849248109       -6.9618765239894955     
   84.399511033108027       -6.8219029316404374     
   84.452080875148965       -6.6846519093536827     
   84.504511087706419       -6.5500782989747792     
   84.556801383685396       -6.4181373460620401     
   84.608951476563419       -6.2887847114608064     
   84.660961080393605       -6.1619764820937144     
   84.712829909807780       -6.0376691809938006     
   84.764557680019422       -5.9158197765818805     
   84.816144106826940       -5.7963856913825582     
   84.867588906616476       -5.6793248096201632     
   84.918891796365216       -5.5645954847880912     
   84.970052493644275       -5.4521565460305617     
   85.021070716621850       -5.3419673041389437     
   85.071946184066206       -5.2339875568908356     
   85.122678615348818       -5.1281775937905794     
   85.173267730447279       -5.0244982002466108     
   85.223713249948474       -4.9229106611816471     
   85.274014895051593       -4.8233767641122691     
   85.324172387571110       -4.7258588017041667     
   85.374185449939887       -4.6303195738257772     
   85.424053805212196       -4.5367223891183421     
   85.473777177066694       -4.4450310660949439     
   85.523355289809530       -4.3552099337945398     
   85.572787868377276       -4.2672238320020091     
   85.622074638340081       -4.1810381110549342     
   85.671215325904541       -4.0966186312565602     
   85.720209657916783       -4.0139317619087223     
   85.769057361865507       -3.9329443799871622     
   85.817758165884911       -3.8536238684733268     
   85.866311798757778       -3.7759381143643322     
   85.914717989918387       -3.6998555063753256     
   85.962976469455569       -3.6253449323518119     
   86.011086968115706       -3.5523757764128576     
   86.059049217305713       -3.4809179158378400     
   86.106862949095941       -3.4109417177162360     
   86.154527896223215       -3.3424180353744277     
   86.202043792093917       -3.2753182046979528     
   86.249410370786762       -3.2096140396817563     
   86.296627367055805       -3.1452778292225965     
   86.343694516333628       -3.0822823319030719     
   86.390611554733994       -3.0206007719844949     
   86.437378219054921       -2.9602068347358448     
   86.483994246781705       -2.9010746617307661     
   86.530459376089780       -2.8431788460328478     
   86.576773345847684       -2.7864944272874856     
   86.622935895619975       -2.7309968867263104     
   86.668946765670199       -2.6766621420968710     
   86.714805696963751       -2.6234665425262094     
   86.760512431170923       -2.5713868633301229     
   86.806066710669697       -2.5204003007721312     
   86.851468278548651       -2.4704844667840562     
   86.896716878609979       -2.4216173836531176     
   86.941812255372326       -2.3737774786844672     
   86.986754154073651       -2.3269435788425712     
   87.031542320674191       -2.2810949053800136     
   87.076176501859280       -2.2362110684574885     
   87.120656445042272       -2.1922720617594162     
   87.164981898367444       -2.1492582571113577     
   87.209152610712735       -2.1071503991005498     
   87.253168331692805       -2.0659295997066129     
   87.297028811661761       -2.0255773329418454     
   87.340733801716041       -1.9860754295082577     
   87.384283053697246       -1.9474060714703774     
   87.427676320195033       -1.9095517869481278     
   87.470913354549936       -1.8724954448339528     
   87.513993910856115       -1.8362202495317443     
   87.556917743964306       -1.8007097357230442     
   87.599684609484612       -1.7659477631629805     
   87.642294263789196       -1.7319185114994391     
   87.684746464015262       -1.6986064751633332     
   87.727040968067740       -1.6659964581681110     
   87.769177534622131       -1.6340735691489594     
   87.811155923127274       -1.6028232162483922     
   87.852975893808178       -1.5722311021331647     
   87.894637207668637       -1.5422832190302482     
   87.936139626494239       -1.5129658438015061     
   87.977482912854953       -1.4842655330603494     
   88.018666830108003       -1.4561691183298597     
   88.059691142400482       -1.4286637012448715     
   88.100555614672231       -1.4017366487978797     
   88.141260012658449       -1.3753755886311194     
   88.181804102892571       -1.3495684043740279     
   88.222187652708882       -1.3243032310294129     
   88.262410430245239       -1.2995684504071507     
   88.302472204445820       -1.2753526866075344     
   88.342372745063869       -1.2516448015552566     
   88.382111822664228       -1.2284338905835988     
   88.421689208626248       -1.2057092780718504     
   88.461104675146260       -1.1834605131341520     
   88.500357995240392       -1.1616773653624610     
   88.539448942747200       -1.1403498206232821     
   88.578377292330316       -1.1194680769095111     
   88.617142819481032       -1.0990225402468408     
   88.655745300521133       -1.0790038206564647     
   88.694184512605290       -1.0594027281740199     
   88.732460233723970       -1.0402102689245620     
   88.770572242705711       -1.0214176412552434     
   88.808520319220108       -1.0030162319250275     
   88.846304243780153      -0.98499761235139605     
   88.883923797744899      -0.96735353491569331     
   88.921378763322124      -0.95007592932536356     
   88.958668923570912      -0.93315689903446986     
   88.995794062404059      -0.91658871772248840     
   89.032753964590867      -0.90036382582978347     
   89.069548415759570      -0.88447482715252090     
   89.106177202399834      -0.86891448549365302     
   89.142640111865546      -0.85367572137304060     
   89.178936932377042      -0.83875160878691390     
   89.215067453023849      -0.82413537204923881     
   89.251031463767106      -0.80982038264750611     
   89.286828755442073      -0.79580015619520228     
   89.322459119760708      -0.78206834941719761     
   89.357922349314066      -0.76861875719849204     
   89.393218237574885      -0.75544530968524481     
   89.428346578899891      -0.74254206944121670     
   89.463307168532509      -0.72990322865738266     
   89.498099802605111      -0.71752310641501116     
   89.532724278141501      -0.70539614600130285     
   89.567180393059516      -0.69351691227654166     
   89.601467946173273      -0.68188008909289155     
   89.635586737195652      -0.67048047676353306     
   89.669536566740703      -0.65931298958157147     
   89.703317236326129      -0.64837265338828309     
   89.736928548375502      -0.63765460318933032     
   89.770370306220926      -0.62715408081920210     
   89.803642314105076      -0.61686643265196006     
   89.836744377183877      -0.60678710735846797     
   89.869676301528671      -0.59691165370876120     
   89.902437894128582      -0.58723571841912958     
   89.935028962892986      -0.57775504404293887     
   89.967449316653671      -0.56846546690441324     
   89.999698765167324      -0.55936291507497449     
   90.031777119117621      -0.55044340639058642     
   90.063684190117783      -0.54170304651035250     
   90.095419790712725      -0.53313802701462076     
   90.126983734381341      -0.52474462354273377     
   90.158375835538763      -0.51651919396889034     
   90.189595909538710      -0.50845817661606585     
   90.220643772675658      -0.50055808850668937     
   90.251519242187186      -0.49281552364976755     
   90.282222136255996      -0.48522715136358729     
   90.312752274012368      -0.47778971463334446     
   90.343109475536281      -0.47050002850298578     
   90.373293561859555      -0.46335497850063040     
   90.403304354968128      -0.45635151909675720     
   90.433141677804244      -0.44948667219487887     
   90.462805354268554      -0.44275752565370735     
   90.492295209222306      -0.43616123184030903     
   90.521611068489506      -0.42969500621369150     
   90.550752758859076      -0.42335612593840255     
   90.579720108086931      -0.41714192852667936     
   90.608512944898180      -0.41104981051023892     
   90.637131098989101      -0.40507722613941843     
   90.665574401029389      -0.39922168610969311     
   90.693842682664197      -0.39348075631746265     
   90.721935776516105      -0.38785205663558436     
   90.749853516187315      -0.38233325972692678     
   90.777595736261688      -0.37692208987015619     
   90.805162272306717      -0.37161632181934945     
   90.832552960875617      -0.36641377968451433     
   90.859767639509371      -0.36131233583696093     
   90.886806146738650      -0.35630990983817279     
   90.913668322085897      -0.35140446739174763     
   90.940354006067324      -0.34659401931782380     
   90.966863040194738      -0.34187662054997769     
   90.993195266977750      -0.33725036915355971     
   91.019350529925518      -0.33271340536571781     
   91.045328673548781      -0.32826391065597982     
   91.071129543361820      -0.32390010680784853     
   91.096752985884336      -0.31962025501982999     
   91.122198848643322      -0.31542265502692907     
   91.147466980175068      -0.31130564424090573     
   91.172557230026896      -0.30726759690969585     
   91.197469448759222      -0.30330692329553588     
   91.222203487947283      -0.29942206887105255     
   91.246759200182964      -0.29561151353330983     
   91.271136439076827      -0.29187377083542121     
   91.295335059259671      -0.28820738723521561     
   91.319354916384611      -0.28461094136054493     
   91.343195867128657      -0.28108304329148387     
   91.366857769194695      -0.27762233385811236     
   91.390340481313132      -0.27422748395450530     
   91.413643863243706      -0.27089719386796018     
   91.436767775777298      -0.26763019262349103     
   91.459712080737603      -0.26442523734309431     
   91.482476640982910      -0.26128111261957027     
   91.505061320407762      -0.25819662990465508     
   91.527465983944737      -0.25517062691087772     
   91.549690497566090      -0.25220196702731257     
   91.571734728285477      -0.24928953874849083     
   91.593598544159576      -0.24643225511649869     
   91.615281814289872      -0.24362905317582853     
   91.636784408824070      -0.24087889344079183     
   91.658106198957938      -0.23818075937500491     
   91.679247056936887      -0.23553365688330724     
   91.700206856057520      -0.23293661381483541     
   91.720985470669248      -0.23038867947808958     
   91.741582776175918      -0.22788892416689660     
   91.761998649037338      -0.22543643869759156     
   91.782232966770849      -0.22303033395674851     
   91.802285607952896      -0.22066974045962034     
   91.822156452220497      -0.21835380791876957     
   91.841845380272858      -0.21608170482271694     
   91.861352273872811      -0.21385261802452352     
   91.880677015848292      -0.21166575233999954     
   91.899819490093932      -0.20952033015516366     
   91.918779581572366      -0.20741559104313770     
   91.937557176315892      -0.20535079138987361     
   91.956152161427681      -0.20332520402875226     
   91.974564425083400      -0.20133811788371728     
   91.992793856532572      -0.19938883762089510     
   92.010840346099855      -0.19747668330840254     
   92.028703785186678      -0.19560099008418130     
   92.046384066272410      -0.19376110783170750     
   92.063881082915799      -0.19195640086338708     
   92.081194729756390      -0.19018624761142180     
   92.098324902515714      -0.18845004032603788     
   92.115271497998719      -0.18674718478095470     
   92.132034414095116      -0.18507709998578098     
   92.148613549780535      -0.18343921790523740     
   92.165008805117992      -0.18183298318520497     
   92.181220081258985      -0.18025785288535043     
   92.197247280444913      -0.17871329621769694     
   92.213090306008155      -0.17719879429243057     
   92.228749062373453      -0.17571383986869277     
   92.244223455059071      -0.17425793711276075     
   92.259513390677910      -0.17283060135335276     
   92.274618776938908      -0.17143135887588185     
   92.289539522648013      -0.17005974665905157     
   92.304275537709429      -0.16871531218361491     
   92.318826733126812      -0.16739761320698732     
   92.333193021004305      -0.16610621755524776     
   92.347374314547721      -0.16484070291856615     
   92.361370528065692      -0.16360065665186949     
   92.375181576970732      -0.16238567558033234     
   92.388807377780154      -0.16119536580956664     
   92.402247848117497      -0.16002934254062071     
   92.415502906713215      -0.15888722988944542     
   92.428572473405922      -0.15776866071082749     
   92.441456469143418      -0.15667327642672138     
   92.454154815983529      -0.15560072685885720     
   92.466667437095396      -0.15455067006560738     
   92.478994256760160      -0.15352277218266588     
   92.491135200372113      -0.15251670726818151     
   92.503090194439551      -0.15153215715139604     
   92.514859166585907      -0.15056881128532607     
   92.526442045550382      -0.14962636660319859     
   92.537838761189079      -0.14870452737848380     
   92.549049244475867      -0.14780300508856761     
   92.560073427503269      -0.14692151828192959     
   92.570911243483181      -0.14605979244889888     
   92.581562626748010      -0.14521755989548041     
   92.592027512751216      -0.14439455962087067     
   92.602305838068432      -0.14359053719792955     
   92.612397540398021      -0.14280524465698285     
   92.622302558562026      -0.14203844037264318     
   92.632020832506967      -0.14128988895379296     
   92.641552303304479      -0.14055936113641601     
   92.650896913152224      -0.13984663367948849     
   92.660054605374526      -0.13915148926369120     
   92.669025324423160      -0.13847371639293499     
   92.677809015878040      -0.13781310929868895     
   92.686405626447950      -0.13716946784691389     
   92.694815103971152      -0.13654259744789082     
   92.703037397416168      -0.13593230896836772     
   92.711072456882349      -0.13533841864652260     
   92.718920233600528      -0.13476074800932364     
   92.726580679933718      -0.13419912379233576     
   92.734053749377637      -0.13365337786208789     
   92.741339396561330      -0.13312334714070639     
   92.748437577247799      -0.13260887353297271     
   92.755348248334542      -0.13210980385563451     
   92.762071367854062      -0.13162598976904832     
   92.768606894974511      -0.13115728771100038     
   92.774954790000095      -0.13070355883277338     
   92.781115014371650      -0.13026466893734490     
   92.787087530667179      -0.12984048841970386     
   92.792872302602206      -0.12943089220934453     
   92.798469295030372      -0.12903575971473177     
   92.803878473943783      -0.12865497476984705     
   92.809099806473526      -0.12828842558276135     
   92.814133260890003      -0.12793600468612953     
   92.818978806603425      -0.12759760888974717     
   92.823636414164099      -0.12727313923489708     
   92.828106055262779      -0.12696250095073133     
   92.832387702731197      -0.12666560341242997     
   92.836481330542171      -0.12638236010126774     
   92.840386913809880      -0.12611268856657940     
   92.844104428790374      -0.12585651038938336     
   92.847633852881586      -0.12561375114795723     
   92.850975164623549      -0.12538434038515517     
   92.854128343698576      -0.12516821157741526     
   92.857093370931196      -0.12496530210559789     
   92.859870228288088      -0.12477555322757550     
   92.862458898877733      -0.12459891005242088     
   92.864859366949759      -0.12443532151650152     
   92.867071617893657      -0.12428474036116720     
   92.869095638236374      -0.12414712311221059     
   92.870931415638125      -0.12402243006117597     
   92.872578938883876      -0.12391062524853902     
   92.874038197866312      -0.12381167644911793     
   92.875309183548396      -0.12372555516057310     
   92.876391887872160      -0.12365223659707839     
   92.877286303505784      -0.12359169969558875     
   92.877992422994907      -0.12354392716398123     
   92.878510234977838      -0.12350890572935871     
   92.878839696271896      -0.12348662801920054     

