 # Molecular potential
 # R (nm)   Energy shift (MHz)
   9.0604248116252223E-005   0.0000000000000000     
   3.0373308518601334E-004   0.0000000000000000     
   6.3870750612712065E-004   0.0000000000000000     
   1.0955013588319600E-003   0.0000000000000000     
   1.6741097243933912E-003   0.0000000000000000     
   2.3745308597209703E-003   0.0000000000000000     
   3.1967637491020252E-003   0.0000000000000000     
   4.1408075551925480E-003   0.0000000000000000     
   5.2066614552230732E-003   0.0000000000000000     
   6.3943245820102038E-003   0.0000000000000000     
   7.7037959995680744E-003   0.0000000000000000     
   9.1350746919916428E-003   0.0000000000000000     
   1.0688159557887263E-002   0.0000000000000000     
   1.2363049407464426E-002   0.0000000000000000     
   1.4159742960843333E-002   0.0000000000000000     
   1.6078238847124737E-002   0.0000000000000000     
   1.8118535603755093E-002   0.0000000000000000     
   2.0280631676142542E-002   0.0000000000000000     
   2.2564525417417040E-002   0.0000000000000000     
   2.4970215088214478E-002   0.0000000000000000     
   2.7497698856573830E-002   0.0000000000000000     
   3.0146974797813850E-002   0.0000000000000000     
   3.2918040894442724E-002   0.0000000000000000     
   3.5810895036118409E-002   0.0000000000000000     
   3.8825535019553041E-002   0.0000000000000000     
   4.1961958548481289E-002   0.0000000000000000     
   4.5220163233590661E-002   0.0000000000000000     
   4.8600146592480131E-002   0.0000000000000000     
   5.2101906049620693E-002   0.0000000000000000     
   5.5725438936273151E-002   0.0000000000000000     
   5.9470742490483439E-002   0.0000000000000000     
   6.3337813856999631E-002   0.0000000000000000     
   6.7326650087235193E-002   0.0000000000000000     
   7.1437248139220755E-002   0.0000000000000000     
   7.5669604877544400E-002   0.0000000000000000     
   8.0023717073311379E-002   0.0000000000000000     
   8.4499581404070295E-002   0.0000000000000000     
   8.9097194453776465E-002   0.0000000000000000     
   9.3816552712730511E-002   0.0000000000000000     
   9.8657652577514285E-002   0.0000000000000000     
  0.10362049035093308        0.0000000000000000     
  0.10870506224196849        0.0000000000000000     
  0.11391136436568867        0.0000000000000000     
  0.11923939274321822        0.0000000000000000     
  0.12468914330164747        0.0000000000000000     
  0.13026061187397045        0.0000000000000000     
  0.13595379419903356        0.0000000000000000     
  0.14176868592144140        0.0000000000000000     
  0.14770528259150453        0.0000000000000000     
  0.15376357966516255        0.0000000000000000     
  0.15994357250390406        0.0000000000000000     
  0.16624525637469800        0.0000000000000000     
  0.17266862644990824        0.0000000000000000     
  0.17921367780723302        0.0000000000000000     
  0.18588040542960549        0.0000000000000000     
  0.19266880420511420        0.0000000000000000     
  0.19957886892693874        0.0000000000000000     
  0.20661059429324263        0.0000000000000000     
  0.21376397490710369        0.0000000000000000     
  0.22103900527641479        0.0000000000000000     
  0.22843567981380042        0.0000000000000000     
  0.23595399283652979        0.0000000000000000     
  0.24359393856641889        0.0000000000000000     
  0.25135551112973914        0.0000000000000000     
  0.25923870455712239        0.0000000000000000     
  0.26724351278346431        0.0000000000000000     
  0.27536992964782459        0.0000000000000000     
  0.28361794889333353        0.0000000000000000     
  0.29198756416708282        0.0000000000000000     
  0.30047876902002651        0.0000000000000000     
  0.30909155690688034        0.0000000000000000     
  0.31782592118600816        0.0000000000000000     
  0.32668185511932951        0.0000000000000000     
  0.33565935187218737        0.0000000000000000     
  0.34475840451325934        0.0000000000000000     
  0.35397900601443810        0.0000000000000000     
  0.36332114925071923        0.0000000000000000     
  0.37278482700008586        0.0000000000000000     
  0.38237003194339048        0.0000000000000000     
  0.39207675666423936        0.0000000000000000     
  0.40190499364887322        0.0000000000000000     
  0.41185473528604649        0.0000000000000000     
  0.42192597386690750        0.0000000000000000     
  0.43211870158487176        0.0000000000000000     
  0.44243291053549294        0.0000000000000000     
  0.45286859271634911        0.0000000000000000     
  0.46342574002688941        0.0000000000000000     
  0.47410434426834280        0.0000000000000000     
  0.48490439714354605        0.0000000000000000     
  0.49582589025683771        0.0000000000000000     
  0.50686881511391269        0.0000000000000000     
  0.51803316312169700        0.0000000000000000     
  0.52931892558818439        0.0000000000000000     
  0.54072609372233638        0.0000000000000000     
  0.55225465863390477        0.0000000000000000     
  0.56390461133331371        0.0000000000000000     
  0.57567594273151246        0.0000000000000000     
  0.58756864363981998        0.0000000000000000     
  0.59958270476978237        0.0000000000000000     
  0.61171811673303422        0.0000000000000000     
  0.62397487004114227        0.0000000000000000     
  0.63635295510544732        0.0000000000000000     
  0.64885236223692955        0.0000000000000000     
  0.66147308164603291        0.0000000000000000     
  0.67421510344253255        0.0000000000000000     
  0.68707841763535504        0.0000000000000000     
  0.70006301413243577        0.0000000000000000     
  0.71316888274055135        0.0000000000000000     
  0.72639601316516322        0.0000000000000000     
  0.73974439501025469        0.0000000000000000     
  0.75321401777815378        0.0000000000000000     
  0.76680487086938853        0.0000000000000000     
  0.78051694358249679        0.0000000000000000     
  0.79435022511386955        0.0000000000000000     
  0.80830470455758796        0.0000000000000000     
  0.82238037090523541        0.0000000000000000     
  0.83657721304572286        0.0000000000000000     
  0.85089521976513738        0.0000000000000000     
  0.86533437974653094        0.0000000000000000     
  0.87989468156977180        0.0000000000000000     
  0.89457611371135548        0.0000000000000000     
  0.90937866454421457        0.0000000000000000     
  0.92430232233754384        0.0000000000000000     
  0.93934707525661187        0.0000000000000000     
  0.95451291136258576        0.0000000000000000     
  0.96979981861233466        0.0000000000000000     
  0.98520778485823901        0.0000000000000000     
   6.9961707651988414        471.74047028622027     
   7.0370099711676577        429.70701318700969     
   7.0779647435062980        396.82143241303743     
   7.1190350405195169        373.59837257164509     
   7.1602208203313280        360.01300872862697     
   7.2015220408844991        355.89422819637497     
   7.2429386599400498        360.70882476859248     
   7.2844706350767199        373.74275420294504     
   7.3261179236904788        393.97254603118404     
   7.3678804829939937        420.25496872119641     
   7.4097582700161233        451.44321486862970     
   7.4517512416014009        485.98200153476387     
   8.2272709762254337        499.34262491913557     
   8.2714440059830832        456.18579811270945     
   8.3157313176766419        413.67754870092341     
   8.3601328641578245        372.89063142401210     
   8.4046485980823018        335.07255770137630     
   8.4492784719091425        301.02782327027683     
   8.4940224379002665        271.45002995252435     
   8.5388804481198974        247.05411072593020     
   8.5838524544340089        228.19832843497454     
   8.6289384085097645        215.09335459395291     
   8.6741382618149725        207.86563722520782     
   8.7194519656175302        206.39932576941695     
   8.7648794709848499        210.45796909872598     
   8.8104207287833258        219.63436972470524     
   8.8560756896777573        233.36957463730303     
   8.9018443041307904        251.06798852013102     
   8.9477265224023572        271.90958537759496     
   8.9937222945491122        294.97392646903012     
   9.0398315704238712        319.44944148175460     
   9.0860542996750393        344.32898522756790     
   9.1323904317460389        368.52674957824030     
   9.1788399158747556        391.24580798530633     
   9.2254027010929569        411.62956766816586     
   9.2720787362257244        428.73705361492193     
   9.3188679698908725        442.04366615875045     
   9.3657703504983996        451.16300284060031     
   9.4127858262498769        455.58933027775936     
   9.4599143451379017        455.21141747266398     
   9.5071558549455055        450.22564979775802     
   9.5545103032455874        440.67476315510953     
   9.6019776374003118        426.81296818113140     
   9.6495578045605495        409.26905425828562     
   9.6972507516652797        388.54172287091126     
   9.7450564254410139        365.10075429919306     
   9.7929747724012177        339.73226826146259     
   9.8410057388457055        313.18945593904169     
   9.8891492708600683        286.03686900028873     
   9.9374053143150771        259.00002601454077     
   9.9857738148660964        232.86967394599142     
   10.034254717952489        208.22530220121951     
   10.082847968797042        185.62479183899740     
   10.131553512405334        165.69268570658377     
   10.180371293565180        148.89506180842301     
   10.229301256846014        135.55278217626494     
   10.278343346598302        125.95790085174933     
   10.327497506952922        120.27327980184465     
   10.376763681820597        118.49493927218953     
   10.426141814891272        120.51858545237916     
   10.475631849633512        126.09973612373096     
   10.525233729293912        134.86407208009945     
   10.574947396896480        146.38644939134505     
   10.624772795242022        160.13467445829619     
   10.674709866907575        175.46782112291277     
   10.724758554245749        191.79332194269998     
   10.774918799384150        208.54692918246323     
   10.825190544224760        225.06983791254365     
   10.875573730443321        240.74867500849336     
   10.926068299488733        255.14451698645661     
   10.976674192582424        267.81681183214357     
   11.027391350717755        278.27240940253785     
   11.078219714659374        286.19058289080681     
   11.129159224942651        291.41284540266838     
   11.180209821872989        293.72188382399281     
   11.231371445525259        292.92718022327665     
   11.282644035743161        289.07065953692086     
   11.334027532138597        282.29429456916682     
   11.385521874091049        272.68163782319562     
   11.437127000746971        260.42766408497937     
   11.488842851019132        245.94606678243443     
   11.540669363586023        229.67698004928016     
   11.592606476891211        212.01088303784110     
   11.644654129142696        193.44893607466281     
   11.696812258312322        174.60237580230520     
   11.749080802135106        156.01139590532662     
   11.801459698108626        138.13456647927782     
   11.853948883492384        121.45892122645648     
   11.906548295307168        106.45173327847148     
   11.959257870334424        93.451754169802214     
   12.012077545115600        82.703961541562578     
   12.065007255951537        74.420389122087698     
   12.118046938901811        68.738141457032611     
   12.171196529784094        65.690694752578764     
   12.224455964173519        65.249497155509872     
   12.277825177402036        67.330987739678079     
   12.331304104557768        71.771239598753567     
   12.384892680484361        78.351310895956900     
   12.438590839780353        86.819577683162535     
   12.492398516798518        96.852470198117217     
   12.546315645645208        108.05124463620689     
   12.600342160179729        120.01257188166193     
   12.654477994013678        132.34214101932542     
   12.708723080510275        144.59267885851045     
   12.763077352783753        156.28387132891041     
   12.817540743698668        167.00856780661826     
   12.872113185869262        176.44512691926903     
   12.926794611658808        184.27481383580641     
   12.981584953178938        190.19508375453006     
   13.036484142289018        194.02817757530116     
   13.091492110595457        195.72571220104930     
   13.146608789451076        195.26250090559992     
   13.201834109954415        192.61996808191549     
   13.257168002949115        187.87972434900013     
   13.312610399023212        181.23595574343057     
   13.368161228508512        172.89346381052377     
   13.423820421479903        163.03147325815843     
   13.479587907754700        151.88304596008919     
   13.535463616891970        139.76935422270120     
   13.591447478191885        127.02462572873517     
   13.647539420695031        113.94750049856970     
   13.703739373181753        100.85060257665059     
   13.760047264171481        88.097537683566571     
   13.816463021922058        76.051259896140650     
   13.872986574429081        65.018379978068452     
   13.929617849425203        55.263351150631628     
   13.986356774379493        47.033523075506402     
   14.043203276496730        40.532505523089462     
   14.100157282716738        35.885106893419916     
   14.157218719713729        33.145591291563790     
   14.214387513895591        32.318028830619298     
   14.271663591403250        33.350471295228694     
   14.329046878109942        36.129706638638083     
   14.386537299620588        40.502508560591053     
   14.444134781271075        46.291563685786571     
   14.501839248127572        53.282870259971297     
   14.559650624985879        61.221008456514177     
   14.617568836370717        69.837900128277866     
   14.675593806535055        78.873815035455578     
   14.733725459459418        88.055766179945664     
   14.791963718851198        97.075794550019154     
   14.850308508143984        105.62004185423443     
   14.908759750496868        113.41556321423039     
   14.967317368793726        120.22954702957031     
   15.025981285642583        125.83566122262677     
   15.084751423374872        130.02007270084155     
   15.143627704044778        132.63462195930455     
   15.202610049428536        133.62350328927937     
   15.261698381023702        132.98779918475449     
   15.320892620048530        130.74720616640928     
   15.380192687441223        126.95621990660854     
   15.439598503859251        121.74014575390038     
   15.499109989678663        115.28409043077313     
   15.558727064993374        107.78287522300558     
   15.618449649614492        99.418884163188835     
   15.678277663069595        90.388757995501237     
   15.738211024602043        80.927108301827104     
   15.798249653170277        71.287056492247686     
   15.858393467447119        61.706371689363849     
   15.918642385819060        52.405085293774491     
   15.978996326385587        43.607352672091679     
   16.039455206958440        35.544971955152810     
   16.100018945060931        28.431763517816655     
   16.160687457927239        22.440384232223728     
   16.221460662501698        17.702842954237639     
   16.282338475438099        14.318086219054949     
   16.343320813098970        12.345918905073145     
   16.404407591554879        11.795583461588214     
   16.465598726583728        12.628160564683327     
   16.526894133670037        14.769738157080360     
   16.588293728004231        18.117289165949792     
   16.649797424481942        22.535500531940471     
   16.711405137703288        27.860701928320431     
   16.773116781972163        33.916471443678176     
   16.834932271295521        40.523499126677855     
   16.896851519382686        47.491586101324984     
   16.958874439644593        54.608606082892962     
   17.021000945193119        61.648270272807736     
   17.083230948840342        68.392722701971351     
   17.145564363097833        74.644500572598574     
   17.208001100175945        80.217878055835996     
   17.270541071983082        84.930679584292960     
   17.333184190124989        88.618993234829475     
   17.395930365904043        91.165482269142743     
   17.458779510318514        92.511164939060393     
   17.521731534061864        92.639965456422374     
   17.584786347522023        91.558636331681910     
   17.647943860780654        89.296994612674141     
   17.711203983612460        85.923211934913084     
   17.774566625484418        81.547810148118970     
   17.838031695555106        76.305307566988617     
   17.901599102673963        70.332027110889854     
   17.965268755380539        63.763145110823103     
   18.029040561903805        56.747414639873192     
   18.092914430161418        49.457291590421264     
   18.156890267758982        42.080516074077714     
   18.220967981989343        34.802991791717510     
   18.285147479831856        27.800901294484515     
   18.349428667951649        21.244698767620331     
   18.413811452698916        15.301418505604788     
   18.478295740108155        10.125171700752036     
   18.542881435897485        5.8419200768994806     
   18.607568445467873        2.5415401268539926     
   18.672356673902446       0.28049543239936903     
   18.737246025965728      -0.91315850160865297     
   18.802236406102914       -1.0394919824337634     
   18.867327718439178      -0.12829082143316284     
   18.932519866778886        1.7640759126738563     
   18.997812754604901        4.5620740092572349     
   19.063206285077843        8.1753231089667722     
   19.128700361035357        12.495869389305490     
   19.194294884991368        17.393871431997241     
   19.259989759135376        22.719836710613432     
   19.325784885331696        28.313641866470519     
   19.391680165118725        34.012258968063776     
   19.457675499708234        39.650430389332385     
   19.523770789984606        45.058829114857083     
   19.589965936504111        50.069245150505182     
   19.656260839494177        54.528992515601672     
   19.722655398852638        58.315291941381204     
   19.789149514147017        61.338649804881136     
   19.855743084613778        63.534823500932767     
   19.922436009157590        64.855926884106523     
   19.989228186350601        65.270328636656330     
   20.056119514431682        64.769796574816482     
   20.123109891305710        63.373847682733256     
   20.190199214542798        61.124797329818051     
   20.257387381377612        58.077984573240336     
   20.324674288708568        54.297405988754150     
   20.392059833097154        49.861231833840037     
   20.459543910767131        44.871006221120226     
   20.527126417603839        39.454284749094853     
   20.594807249153458        33.756899273707148     
   20.662586300622230        27.930579924070248     
   20.730463466875761        22.124372047285455     
   20.798438642438249        16.482417063605688     
   20.866511721491758        11.143578072298775     
   20.934682597875494        6.2376481041214555     
   21.002951165085026        1.8782734342710412     
   21.071317316271571       -1.8425003867816656     
   21.139780944241267       -4.8542610534232056     
   21.208341941454396       -7.1043030368096529     
   21.277000200024659       -8.5546068990280588     
   21.345755611718442       -9.1827871325863057     
   21.414608067954074       -8.9855613349979944     
   21.483557459801052       -7.9810812739548904     
   21.552603677979377       -6.2084872413692587     
   21.621746612858708       -3.7263790650854394     
   21.690986154457704      -0.61244707244748697     
   21.760322192443255        3.0362369502202355     
   21.829754616129712        7.1053178599082312     
   21.899283314478186        11.469677829308589     
   21.968908176095788        16.002479121522551     
   22.038629089234892        20.582071005967588     
   22.108445941792372        25.093629848286835     
   22.178358621308888        29.426893714819325     
   22.248367014968132        33.474424677824359     
   22.318471009596085        37.133585737056116     
   22.388670491660260        40.311290333760361     
   22.458965347268990        42.927767381473792     
   22.529355462170667        44.916834919926153     
   22.599840721753001        46.224113512855645     
   22.670421011042269        46.807168079523706     
   22.741096214702594        46.640044107396939     
   22.811866217035192        45.720351851180673     
   22.882730901977624        44.073968782177168     
   22.953690153103057        41.753515300918998     
   23.024743853619537        38.831124918162494     
   23.095891886369213        35.389851319493268     
   23.167134133827627        31.518180302696550     
   23.238470478102968        27.308844350710199     
   23.309900800935317        22.859615063947579     
   23.381424983695918        18.272906254424555     
   23.453042907386418        13.653084668490060     
   23.524754452638160        9.1030224372695603     
   23.596559499711411        4.7221089824880478     
   23.668457928494615       0.60623957919834148     
   23.740449618503703       -3.1519523112936625     
   23.812534448881298       -6.4649323260315006     
   23.884712298395996       -9.2548343976194403     
   23.956983045441632       -11.459045007583974     
   24.029346568036530       -13.034091853062518     
   24.101802743822777       -13.956304138524441     
   24.174351450065458       -14.219898000914080     
   24.246992563651951       -13.834438022261958     
   24.319725961091155       -12.823164309000095     
   24.392551518512789       -11.222223610312414     
   24.465469111666611       -9.0798882104580176     
   24.538478615921719       -6.4551680501302018     
   24.611579906265792       -3.4162667093256625     
   24.684772857304353       -3.9852064951759365E-002
   24.758057343260042        3.5885874626776433     
   24.831433237971872        7.3744040267716855     
   24.904900414894509        11.215315209236799     
   24.978458747097505        15.005871213290927     
   25.052108107264587        18.644045479428577     
   25.125848367692928        22.037519321824856     
   25.199679400292386        25.107213741799132     
   25.273601076584796        27.787277311960469     
   25.347613267703231        30.022834586900629     
   25.421715844391237        31.767815382908147     
   25.495908677002156        32.984524233661269     
   25.570191635498364        33.644969517720817     
   25.644564589450521        33.732686383813153     
   25.719027408036869        33.243754250773193     
   25.793579960042504        32.186747104286773     
   25.868222113858625        30.582439085194640     
   25.942953737481801        28.464236856980694     
   26.017774698513271        25.879386555756618     
   26.092684864158205        22.889801238982763     
   26.167684101224957        19.570938201400487     
   26.242772276124345        16.007989412462720     
   26.317949254868950        12.290209199779765     
   26.393214903072344        8.5053764816466497     
   26.468569085948431        4.7363332895436558     
   26.544011668310645        1.0603115786451469     
   26.619542514571275       -2.4497929049164786     
   26.695161488740730       -5.7239344468385305     
   26.770868454426829       -8.6947353900704289     
   26.846663274834039       -11.299092243362978     
   26.922545812762809       -13.480962683158063     
   26.998515930608800       -15.194240451776535     
   27.074573490362177       -16.404887331484250     
   27.150718353606933       -17.092108952320700     
   27.226950381520098       -17.248788543858701     
   27.303269434871098       -16.881378123687892     
   27.379675374020962       -16.009182409062127     
   27.456168058921648       -14.662860187562947     
   27.532747349115343       -12.882236315712163     
   27.609413103733722       -10.713998863378444     
   27.686165181497216       -8.2101242963175949     
   27.763003440714368       -5.4276018452178967     
   27.839927739281020       -2.4292745464274867     
   27.916937934679698       0.71518589960307966     
   27.994033883978862        3.9294706265068835     
   28.071215443832152        7.1328540398889171     
   28.148482470477781        10.244298931367839     
   28.225834819737734        13.187288456274301     
   28.303272347017099        15.893809017799512     
   28.380794907303383        18.306333650367886     
   28.458402355165742        20.377651730068244     
   28.536094544754377        22.069357475939544     
   28.613871329799704        23.350224901601774     
   28.691732563611772        24.195428571930737     
   28.769678099079492        24.586893218331070     
   28.847707788669961        24.514421476008302     
   28.925821484427743        23.976986373327030     
   29.004019037974231        22.983718114330866     
   29.082300300506844        21.554436619236398     
   29.160665122798445        19.719790735878192     
   29.239113355196565        17.521022160271244     
   29.317644847622752        15.009177058411089     
   29.396259449571872        12.243485608930769     
   29.474957010111392        9.2888041761052627     
   29.553737377880744        6.2124319666156635     
   29.632600401090578        3.0810233701777330     
   29.711545927522085       -4.1578815532527749E-002
   29.790573804526378       -3.0950983903348410     
   29.869683879023711       -6.0223170518729354     
   29.948875997502839       -8.7680657585111561     
   30.028150006020358       -11.278737488098827     
   30.107505750199980       -13.503084679823983     
   30.186943075231873       -15.394400801581128     
   30.266461825872003       -16.913448833357993     
   30.346061846441430       -18.031078279930448     
   30.425742980825600       -18.729592113144161     
   30.505505072473763       -19.002510058674360     
   30.585347964398213       -18.853093308241096     
   30.665271499173645       -18.292467339575186     
   30.745275518936499       -17.338195689885094     
   30.825359865384264       -16.013771759484012     
   30.905524379774857       -14.348950226076376     
   30.985768902925859       -12.380410592795529     
   31.066093275213973       -10.152108152205580     
   31.146497336574285       -7.7148366328602958     
   31.226980926499614       -5.1248761343852918     
   31.307543884039848       -2.4419443100513423     
   31.388186047801298       0.27313710034958799     
   31.468907255946039        2.9606442925016418     
   31.549707346191255        5.5637312305671580     
   31.630586155808551        8.0296526395020660     
   31.711543521623359        10.310416816899769     
   31.792579280014237        12.362938119630149     
   31.873693266912237        14.148837662929573     
   31.954885317800283        15.634134073446877     
   32.036155267712438        16.789144377754955     
   32.117502951233384        17.588909411882749     
   32.198928202497683        18.014308955645991     
   32.280430855189167        18.053745072262387     
   32.362010742540292        17.704944940406282     
   32.443667697331534        16.976225690679339     
   32.525401551890674        15.886614637121033     
   32.607212138092244        14.464561797546240     
   32.689099287356889        12.745498625071185     
   32.771062830650621        10.768958962764305     
   32.853102598484377        8.5761617668593715     
   32.935218420913216        6.2087596894986694     
   33.017410127535818        3.7089572718905823     
   33.099677547493791        1.1206080177870235     
   33.182020509471059       -1.5095362957919300     
   33.264438841693263       -4.1313365753897928     
   33.346932371927124       -6.6921349671339456     
   33.429500927479843       -9.1389855042375192     
   33.512144335198457       -11.421642316850100     
   33.594862421469266       -13.495361167829783     
   33.677655012217180       -15.322661760545753     
   33.760521932905149       -16.873668534126644     
   33.843463008533540       -18.125259602400131     
   33.926478063639514       -19.059719314290533     
   34.009566922296443       -19.663715497398314     
   34.092729408113314       -19.928180391991173     
   34.175965344234129       -19.849190257985526     
   34.259274553337306       -19.429427113680660     
   34.342656857635049       -18.679489196601541     
   34.426112078872805       -17.618339022599375     
   34.509640038328648       -16.272535814425183     
   34.593240556812738       -14.674427162706362     
   34.676913454666625       -12.859918915506926     
   34.760658551762809       -10.866591442272274     
   34.844475667504028       -8.7327263566328703     
   34.928364620822762       -6.4973634880911826     
   35.012325230180622       -4.2010340455805553     
   35.096357313567779       -1.8865146606695999     
   35.180460688502414       0.40106676634430199     
   35.264635172030097        2.6151716998166248     
   35.348880580723282        4.7097934172566962     
   35.433196730680677        6.6419240870247247     
   35.517583437526731        8.3738313245482860     
   35.602040516411051        9.8744900539829210     
   35.686567782007849        11.119846563093530     
   35.771165048515378        12.092042576873034     
   35.855832129655383        12.778101887386923     
   35.940568838672554        13.168732303297487     
   36.025374988333958        13.257779837807856     
   36.110250390928535        13.042556830153060     
   36.195194858266497        12.524885265565066     
   36.280208201678818        11.712397485027052     
   36.365290232016719        10.619527354180887     
   36.450440759651066        9.2677398906731625     
   36.535659594471909        7.6848328276190667     
   36.620946545887882        5.9034789087107082     
   36.706301422825725        3.9594264983007355     
   36.791724033729750        1.8898463207844780     
   36.877214186561282      -0.26780694019640444     
   36.962771688798185       -2.4762914640647344     
   37.048396347434299       -4.6985658685934224     
   37.134087968978967       -6.8975775976726865     
   37.219846359456504       -9.0362023117836685     
   37.305671324405672       -11.077586276076937     
   37.391562668879189       -12.985956204281129     
   37.477520197443219       -14.727762335272352     
   37.563543714176866       -16.272888268105998     
   37.649633022671694       -17.595642015390645     
   37.735787926031207       -18.675334819060467     
   37.822008226870366       -19.496410340092861     
   37.908293727315112       -20.048238354286788     
   37.994644229001807       -20.324775212534025     
   38.081059533076889       -20.324291587586973     
   38.167539440196244       -20.049287952889642     
   38.254083750524813       -19.506599347756321     
   38.340692263736088       -18.707582753356522     
   38.427364779011633       -17.668223785796780     
   38.514101095040651       -16.409013113074717     
   38.600901010019456       -14.954517840254606     
   38.687764321651045       -13.332676474380090     
   38.774690827144653       -11.573935504481211     
   38.861680323215275       -9.7103864788663330     
   38.948732606083183       -7.7750417229274360     
   39.035847471473538       -5.8013169073114570     
   39.123024714615866       -3.8227000606199724     
   39.210264130243701       -1.8725142167336843     
   39.297565512594034        1.6349537199304421E-002
   39.384928655406988        1.8118318967286853     
   39.472353351925285        3.4832812215088844     
   39.559839394893892        5.0021721727333377     
   39.647386576559512        6.3428695491169940     
   39.734994688670234        7.4833106584180893     
   39.822663522475054        8.4054949549813713     
   39.910392868723491        9.0957222606252746     
   39.998182517665143        9.5445901491691227     
   40.086032259049304        9.7468217117704246     
   40.173941882124495        9.7010265563349201     
   40.261911175638154        9.4094920370916562     
   40.349939927836161        8.8780635617429162     
   40.438027926462432        8.1161180705306464     
   40.526174958758553        7.1365833002431183     
   40.614380811463413        5.9559244264279148     
   40.702645270812717        4.5940182713939421     
   40.790968122538764        3.0738621616119155     
   40.879349151869853        1.4211089906273346     
   40.967788143530093      -0.33653389187122412     
   41.056284881738947       -2.1699721278452859     
   41.144839150210828       -4.0493794952538753     
   41.233450732154793       -5.9447775507322218     
   41.322119410274155       -7.8265088664196734     
   41.410844966766128       -9.6656098549948624     
   41.499627183321422       -11.434118204685999     
   41.588465841123984       -13.105362514939920     
   41.677360720850572       -14.654275453374447     
   41.766311602670420       -16.057750588518140     
   41.855318266244936       -17.295035408313765     
   41.944380490727298       -18.348128752902166     
   42.033498054762212       -19.202137940706447     
   42.122670736485453       -19.845552850519383     
   42.211898313523676       -20.270409464122871     
   42.301180562993999       -20.472337884107731     
   42.390517261503703       -20.450511697590375     
   42.479908185149966       -20.207529769799539     
   42.569353109519440       -19.749264328866047     
   42.658851809688102       -19.084700877366320     
   42.748404060220786       -18.225779969795965     
   42.838009635171012       -17.187234122240085     
   42.927668308080634       -15.986400885955218     
   43.017379851979513       -14.642989321289313     
   43.107144039385311       -13.178782652770980     
   43.196960642303132       -11.617272570666575     
   43.286829432225339       -9.9832360341487618     
   43.376750180131133       -8.3022784158358682     
   43.466722656486425       -6.6003733125662931     
   43.556746631243492       -4.9034275522075639     
   43.646821873840715       -3.2368908250653790     
   43.736948153202356       -1.6254161986438231     
   43.827125237738279       -9.2564839604821342E-002
   43.917352895343697        1.3394604902659790     
   44.007630893398940        2.6500707845516658     
   44.097958998769201        3.8205479910206788     
   44.188336977804312        4.8343074715511651     
   44.278764596338490        5.6771578275954306     
   44.369241619690122        6.3375407594737041     
   44.459767812661561        6.8067289840568135     
   44.550342939538858        7.0789617233177564     
   44.640966764091580        7.1515043865685959     
   44.731639049572593        7.0246296392748810     
   44.822359558717849        6.7015280105999180     
   44.913128053746185        6.1881645202432782     
   45.003944296359151        5.4931014210026863     
   45.094808047740756        4.6273054531780415     
   45.185719068557333        3.6039519257196457     
   45.276677118957338        2.4382295650928754     
   45.367681958571183        1.1471419742148126     
   45.458733346511032      -0.25070397646329334     
   45.549831041370624       -1.7353340160574933     
   45.640974801225184       -3.2856750700423438     
   45.732164383631165       -4.8798590731673981     
   45.823399545626131       -6.4955570530879339     
   45.914680043728637       -8.1103317798680532     
   46.006005633938024       -9.7019930027191510     
   46.097376071734296       -11.248938525678223     
   46.188791112078050       -12.730467105231336     
   46.280250509410202       -14.127054433326730     
   46.371754017652002       -15.420589740165610     
   46.463301390204826       -16.594576123191409     
   46.554892379950076       -17.634301228846919     
   46.646526739249076       -18.526985703207508     
   46.738204219942943       -19.261914988821957     
   46.829924573352542       -19.830556387373623     
   46.921687550278300       -20.226659056489911     
   47.013492901000184       -20.446331068284191     
   47.105340375277549       -20.488085848192668     
   47.197229722349121       -20.352850723328860     
   47.289160690932874       -20.043932791646224     
   47.381133029225978       -19.566941175400359     
   47.473146484904696       -18.929668908315413     
   47.565200805124384       -18.141941163294437     
   47.657295736519352       -17.215438453386813     
   47.749431025202853       -16.163503489068965     
   47.841606416767078       -15.000938719828127     
   47.933821656283044       -13.743798831659372     
   48.026076488300546       -12.409179454675030     
   48.118370656848214       -11.015000907511791     
   48.210703905433384       -9.5797846021621016     
   48.303075977042170       -8.1224200302579952     
   48.395486614139337       -6.6619219143532566     
   48.487935558668404       -5.2171796463708473     
   48.580422552051573       -3.8067038434661638     
   48.672947335189718       -2.4483770015325024     
   48.765509648462441       -1.1592162478054904     
   48.858109231728044        4.4844179074609455E-002
   48.950745824323540        1.1491447715611891     
   49.043419165064684        2.1404635439079649     
   49.136128992246036        3.0071492614547259     
   49.228875043640912        3.7392271054174011     
   49.321657056501500        4.3284803927121560     
   49.414474767558872        4.7685124236521075     
   49.507327913023012        5.0547918227108042     
   49.600216228582880        5.1846831506317610     
   49.693139449406502        5.1574625734547874     
   49.786097310141017        4.9743165202374486     
   49.879089544912731        4.6383200336094497     
   49.972115887327185        4.1543912349417589     
   50.065176070469306        3.5292190749650412     
   50.158269826903386        2.7711631628109177     
   50.251396888673284        1.8901266066503823     
   50.344556987302482       0.89740499545264607     
   50.437749853794116      -0.19448355306588699     
   50.530975218631255       -1.3719813073289995     
   50.624232811776814       -2.6206806984257960     
   50.717522362673883       -3.9255156021287427     
   50.810843600245640       -5.2709501642617091     
   50.904196252895701       -6.6411629029292376     
   50.997580048508112       -8.0202254331974903     
   51.090994714447504       -9.3922763526007991     
   51.184439977559364       -10.741691378863937     
   51.277915564170002       -12.053250683249424     
   51.371421200086928       -13.312303606630730     
   51.464956610598854       -14.504929806394564     
   51.558521520475921       -15.618094655326820     
   51.652115653969915       -16.639795699486505     
   51.745738734814459       -17.559196420229505     
   51.839390486225128       -18.366743564803937     
   51.933070630899714       -19.054264910243923     
   52.026778891018424       -19.615045378575065     
   52.120514988244082       -20.043880716435947     
   52.214278643722352       -20.337109237007120     
   52.308069578081970       -20.492623180771371     
   52.401887511434971       -20.509861779429073     
   52.495732163376893       -20.389788669719962     
   52.589603252987082       -20.134855247560857     
   52.683500498828892       -19.748951955616057     
   52.777423618949982       -19.237347989906848     
   52.871372330882522       -18.606619642447729     
   52.965346351643483       -17.864566943979217     
   53.059345397735008       -17.020118175080718     
   53.153369185144498       -16.083222064287899     
   53.247417429345106       -15.064728050444968     
   53.341489845295875       -13.976255739856464     
   53.435586147442137       -12.830055476915437     
   53.529706049715742       -11.638862615614180     
   53.623849265535462       -10.415748494537331     
   53.718015507807230       -9.1739712064255663     
   53.812204488924515       -7.9268290070615333     
   53.906415920768623       -6.6875186854229698     
   54.000649514709075       -5.4690005271579230     
   54.094904981603918       -4.2838707794142223     
   54.189182031800080       -3.1442419016156542     
   54.283480375133784       -2.0616304655106887     
   54.377799720930803       -1.0468524087009821     
   54.472139778006998      -0.10992545071246368     
   54.566500254668512       0.74002119943290490     
   54.660880858712289        1.4948292704202828     
   54.755281297426428        2.1473849585782849     
   54.849701277590555        2.6916821676560332     
   54.944140505476277        3.1228738913680294     
   55.038598686847585        3.4373102356529017     
   55.133075526961221        3.6325618847053542     
   55.227570730567180        3.7074283243304982     
   55.322084001909118        3.6619307705375914     
   55.416615044724750        3.4972904124692263     
   55.511163562246360        3.2158931664453552     
   55.605729257201240        2.8212425692895930     
   55.700311831812108        2.3179026603740920     
   55.794910987797635        1.7114326997300351     
   55.889526426372910        1.0083153674854506     
   55.984157848249865       0.21587974454495454     
   56.078804953637864      -0.65778003789210493     
   56.173467442244096       -1.6038899891646823     
   56.268145013274150       -2.6130851071572745     
   56.362837365432526       -3.6755018652254408     
   56.457544196923088       -4.7808743178942379     
   56.552265205449672       -5.9186336422905130     
   56.647000088216529       -7.0780106438673123     
   56.741748541928970       -8.2481403969109426     
   56.836510262793823       -9.4181678291591080     
   56.931284946520044       -10.577352760765129     
   57.026072288319213       -11.715172723420457     
   57.120871982906216       -12.821421847004636     
   57.215683724499655       -13.886304215763191     
   57.310507206822635       -14.900520344254005     
   57.405342123103161       -15.855345767301859     
   57.500188166074835       -16.742701125993307     
   57.595045027977470       -17.555213508940366     
   57.689912400557660       -18.286269125940386     
   57.784789975069415       -18.930057613621514     
   57.879677442274819       -19.481608384829290     
   57.974574492444582       -19.936819430262055     
   58.069480815358780       -20.292478894213076     
   58.164396100307457       -20.546279593765156     
   58.259320036091253       -20.696826485278574     
   58.354252311022130       -20.743636936009018     
   58.449192612924001       -20.687133568844022     
   58.544140629133452       -20.528629436175855     
   58.639096046500349       -20.270305352142177     
   58.734058551388614       -19.915179365830490     
   58.829027829676882       -19.467068565534671     
   58.924003566759239       -18.930543645513975     
   59.018985447545923       -18.310876897888537     
   59.113973156464048       -17.613984490089166     
   59.208966377458303       -16.846364023145487     
   59.303964793991817       -16.015028425262951     
   59.398968089046718       -15.127437215798928     
   59.493975945125072       -14.191426086222757     
   59.588988044249483       -13.215135605645402     
   59.684004067964018       -12.206939694268716     
   59.779023697334885       -11.175374344496142     
   59.874046612951226       -10.129066931765060     
   59.969072494925960       -9.0766663631859874     
   60.064101022896558       -8.0267742724086251     
   60.159131876025832       -6.9878774845737928     
   60.254164733002774       -5.9682820377214991     
   60.349199272043414       -4.9760491411924681     
   60.444235170891581       -4.0189335568408024     
   60.539272106819823       -3.1043249849686276     
   60.634309756630174       -2.2391931017568307     
   60.729347796655112       -1.4300369164281823     
   60.824385902758323      -0.68283908404462601     
   60.919423750335632       -3.0257250261563518E-003
   61.014461014315877       0.60456782808538989     
   61.109497369161765        1.1357250982060199     
   61.204532488870846        1.5868702632937650     
   61.299566046976345        1.9550837763778586     
   61.394597716548084        2.2381120420758926     
   61.489627170193458        2.4343714965887431     
   61.584654080058293        2.5429475034557587     
   61.679678117827827        2.5635884955922146     
   61.774698954727647        2.4966957691363105     
   61.869716261524630        2.3433092761975876     
   61.964729708527933        2.1050896849582372     
   62.059738965589965        1.7842968918793685     
   62.154743702107282        1.3837650967135657     
   62.249743587021698       0.90687449937727715     
   62.344738288821205       0.35751965677670294     
   62.439727475540977      -0.25992544791252176     
   62.534710814764402      -0.94064552309760951     
   62.629687973624101       -1.6794250972378519     
   62.724658618802955       -2.4706923869813280     
   62.819622416535104       -3.3085655331570512     
   62.914579032607037       -4.1869007381937564     
   63.009528132358675       -5.0993417616453591     
   63.104469380684321       -6.0393701806565172     
   63.199402442033822       -7.0003558047753769     
   63.294326980413608       -7.9756066510867152     
   63.389242659387818       -8.9584179336000922     
   63.484149142079332       -9.9421195940316540     
   63.579046091170930       -10.920121991065267     
   63.673933168906373       -11.885959461679265     
   63.768810037091534       -12.833331561530606     
   63.863676357095493       -13.756141872502660     
   63.958531789851754       -14.648534328141890     
   64.053375995859270       -15.504927046903015     
   64.148208635183721       -16.320043680550945     
   64.243029367458604       -17.088942278138809     
   64.337837851886420       -17.807041645369520     
   64.432633747239805       -18.470145145590877     
   64.527416711862841       -19.074461853034201     
   64.622186403672089       -19.616624936806311     
   64.716942480157940       -20.093707132486845     
   64.811684598385753       -20.503233151300456     
   64.906412414997078       -20.843188887786276     
   65.001125586210861       -21.112027314871455     
   65.095823767824811       -21.308671000600526     
   65.190506615216464       -21.432511235159030     
   65.285173783344575       -21.483403821065991     
   65.379824926750317       -21.461661641859937     
   65.474459699558579       -21.368044183435984     
   65.569077755479270       -21.203744230798616     
   65.663678747808532       -20.970371998184234     
   65.758262329430096       -20.669936970351188     
   65.852828152816642       -20.304827736983420     
   65.947375870030953       -19.877790092784050     
   66.041905132727464       -19.391903653246164     
   66.136415592153355       -18.850557210093939     
   66.230906899150114       -18.257423015758079     
   66.325378704154701       -17.616430157629566     
   66.419830657201075       -16.931737156065424     
   66.514262407921393       -16.207703902117309     
   66.608673605547580       -15.448863042067694     
   66.703063898912475       -14.659890916728665     
   66.797432936451514       -13.845578173295984     
   66.891780366203875       -13.010800184343037     
   66.986105835814044       -12.160487429571640     
   67.080408992533137       -11.299596018009479     
   67.174689483220490       -10.433078548114892     
   67.268946954344884       -9.5658555177010509     
   67.363181051986132       -8.7027875024384667     
   67.457391421836519       -7.8486483193718986     
   67.551577709202263       -7.0080993799710489     
   67.645739559004937       -6.1856654162908749     
   67.739876615783004       -5.3857117352837376     
   67.833988523693350       -4.6124231224752297     
   67.928074926512664       -3.8697844796554453     
   68.022135467639046       -3.1615632449102331     
   68.116169790093508       -2.4912936096260756     
   68.210177536521471       -1.8622625187763513     
   68.304158349194353       -1.2774974189225590     
   68.398111870011036      -0.73975570430909510     
   68.492037740499498      -0.25151580509139038     
   68.585935601818349       0.18503013751416042     
   68.679805094758350       0.56798205773909827     
   68.773645859744150       0.89573625137786272     
   68.867457536835659        1.1669881868045264     
   68.961239765729829        1.3807338537166194     
   69.054992185762131        1.5362696521157480     
   69.148714435908289        1.6331908175906367     
   69.242406154785812        1.6713883774924485     
   69.336066980655701        1.6510446368480278     
   69.429696551424016        1.5726272026973214     
   69.523294504643587        1.4368815704668561     
   69.616860477515658        1.2448223148475457     
   69.710394106891599       0.99772294894857705     
   69.803895029274472       0.69710453752566803     
   69.897362880820864       0.34472317105125438     
   69.990797297342439       -5.7443574339336445E-002
   70.084197914307808      -0.50721105182464854     
   70.177564366844081       -1.0022026855040009     
   70.270896289738715       -1.5398656868824945     
   70.364193317441206       -2.1174871966722906     
   70.457455084064762       -2.7322107098016502     
   70.550681223388210       -3.3810526533928882     
   70.643871368857560       -4.0609190026358970     
   70.737025153588007       -4.7686218366404294     
   70.830142210365480       -5.5008957540884875     
   70.923222171648590       -6.2544140855032726     
   71.016264669570347       -7.0258048540294542     
   71.109269335940013       -7.8116664488293583     
   71.202235802244857       -8.6085829841002415     
   71.295163699652065       -9.4131393214564092     
   71.388052659010469       -10.221935735236674     
   71.480902310852500       -11.031602198010866     
   71.573712285395956       -11.838812259260335     
   71.666482212545901       -12.640296483859913     
   71.759211721896492       -13.432855409903775     
   71.851900442732969       -14.213371978511992     
   71.944548004033351       -14.978823382443608     
   72.037154034470504       -15.726292276443962     
   72.129718162414022       -16.452977290809088     
   72.222240015932030       -17.156202790882329     
   72.314719222793258       -17.833427830215751     
   72.407155410468846       -18.482254250382347     
   72.499548206134349       -19.100433892438836     
   72.591897236671684       -19.685874893721962     
   72.684202128671117       -20.236647057421955     
   72.776462508433099       -20.750986294446598     
   72.868678001970480       -21.227298149443669     
   72.960848235010261       -21.664160433981124     
   73.052972832995692       -22.060324999463425     
   73.145051421088326       -22.414718689858205     
   73.237083624169927       -22.726443519555453     
   73.329069066844582       -22.994776124654976     
   73.421007373440673       -23.219166536498921     
   73.512898168012953       -23.399236325358537     
   73.604741074344560       -23.534776158795506     
   73.696535715949125       -23.625742815750424     
   73.788281716072859       -23.672255692459277     
   73.879978697696444       -23.674592831656874     
   73.971626283537447       -23.633186502131146     
   74.063224096052068       -23.548618351997032     
   74.154771757437501       -23.421614156457188     
   74.246268889633924       -23.253038179419754     
   74.337715114326642       -23.043887168273521     
   74.429110052948189       -22.795284002321115     
   74.520453326680595       -22.508471017461403     
   74.611744556457353       -22.184803033748658     
   74.702983362965711       -21.825740113981883     
   74.794169366648774       -21.432840088645616     
   74.885302187707694       -21.007750883151640     
   74.976381446103886       -20.552202688507155     
   75.067406761561159       -20.068000018357786     
   75.158377753568018       -19.557013697008657     
   75.249294041379741       -19.021172823429570     
   75.340155244020707       -18.462456755508882     
   75.430960980286542       -17.882887156893950     
   75.521710868746510       -17.284520145860970     
   75.612404527745511       -16.669438581873855     
   75.703041575406573       -16.039744521098203     
   75.793621629633037       -15.397551867324083     
   75.884144308110734       -14.744979239969810     
   75.974609228310399       -14.084143075956213     
   76.065016007489888       -13.417150977991684     
   76.155364262696580       -12.746095317952431     
   76.245653610769494       -12.073047100933682     
   76.335883668341808       -11.400050093234640     
   76.426054051843010       -10.729115216032891     
   76.516164377501440       -10.062215205755912     
   76.606214261346409       -9.4012795421242377     
   76.696203319210738       -8.7481896453957830     
   76.786131166732943       -8.1047743452578391     
   76.875997419359805       -7.4728056251604000     
   76.965801692348592       -6.8539946462446384     
   77.055543600769496       -6.2499880590922805     
   77.145222759508059       -5.6623646066747613     
   77.234838783267492       -5.0926320293025196     
   77.324391286571270       -4.5422242768590859     
   77.413879883765318       -4.0124990356621089     
   77.503304189020611       -3.5047355753898484     
   77.592663816335559       -3.0201329198616431     
   77.681958379538443       -2.5598083433086924     
   77.771187492289883       -2.1247961912086408     
   77.860350768085326       -1.7160470219740727     
   77.949447820257461       -1.3344270628921111     
   78.038478261978852      -0.98071797086429380     
   78.127441706264165      -0.65561688580988564     
   78.216337765972938      -0.35973676220074247     
   78.305166053811917       -9.3606962306356664E-002
   78.393926182337651       0.14232590693739791     
   78.482617763959013       0.34769693228226545     
   78.571240410939652       0.52222162717153520     
   78.659793735400697       0.66569447862702635     
   78.748277349323104       0.77798732667332204     
   78.836690864550420       0.85904759391407404     
   78.925033892791220       0.90889638149008545     
   79.013306045621661       0.92762644602612487     
   79.101506934488214       0.91540007039028570     
   79.189636170710102       0.87244683927556477     
   79.277693365481980       0.79906132885367798     
   79.365678129876571       0.69560071814551738     
   79.453590074847156       0.56248232835513345     
   79.541428811230361       0.40018109538294261     
   79.629193949748711       0.20922697982922009     
   79.716885101013204       -9.7976814362799973E-003
   79.804501875526128      -0.25626087830729172     
   79.892043883683598      -0.52948368091347586     
   79.979510735778263      -0.82874303887416700     
   80.066902042001914       -1.1532746209280735     
   80.154217412448290       -1.5022756886174042     
   80.241456457115703       -1.8749079967047793     
   80.328618785909697       -2.2703007119998202     
   80.415704008645875       -2.6875533412898105     
   80.502711735052458       -3.1257386582574429     
   80.589641574773154       -3.5839056186018188     
   80.676493137369818       -4.0610822521652352     
   80.763266032325191       -4.5562785205519525     
   80.849959869045634       -5.0684891293802705     
   80.936574256863949       -5.5966962835154153     
   81.023108805042128       -6.1398723757957923     
   81.109563122774048       -6.6969825993673702     
   81.195936819188333       -7.2669874754967685     
   81.282229503351090       -7.8488452897533749     
   81.368440784268770       -8.4415144308476080     
   81.454570270890926       -9.0439556278033599     
   81.540617572112993       -9.6551340825584440     
   81.626582296779205       -10.274021496465449     
   81.712464053685267       -10.899597990417213     
   81.798262451581365       -11.530853919504970     
   81.883977099174928       -12.166791584062045     
   81.969607605133447       -12.806426839780215     
   82.055153578087328       -13.448790610236689     
   82.140614626632882       -14.092930305251627     
   82.225990359335057       -14.737911149559167     
   82.311280384730381       -15.382817424909570     
   82.396484311329786       -16.026753629985677     
   82.481601747621681       -16.668845561308316     
   82.566632302074623       -17.308241318255721     
   82.651575583140399       -17.944112234767310     
   82.736431199256828       -18.575653739790958     
   82.821198758850798       -19.202086147973201     
   82.905877870341101       -19.822655381586589     
   82.990468142141467       -20.436633624206767     
   83.074969182663352       -21.043319906256553     
   83.159380600319167       -21.642040622231438     
   83.243702003524902       -22.232149979192048     
   83.327933000703382       -22.813030376058240     
   83.412073200287097       -23.384092713134432     
   83.496122210721197       -23.944776632053244     
   83.580079640466508       -24.494550684768782     
   83.663945098002586       -25.032912433607283     
   83.747718191830600       -25.559388481510002     
   83.831398530476406       -26.073534434267202     
   83.914985722493626       -26.574934796113507     
   83.998479376466548       -27.063202800741184     
   84.081879101013257       -27.537980180268313     
   84.165184504788698       -27.998936875136632     
   84.248395196487579       -28.445770688354553     
   84.331510784847580       -28.878206887837347     
   84.414530878652329       -29.295997760895787     
   84.497455086734533       -29.698922125120561     
   84.580283017978942       -30.086784800071264     
   84.663014281325573       -30.459416044193226     
   84.745648485772662       -30.816670961359328     
   84.828185240379895       -31.158428881550396     
   84.910624154271375       -31.484592718932195     
   84.992964836638819       -31.795088313023424     
   85.075206896744675       -32.089863754348578     
   85.157349943925155       -32.368888699479569     
   85.239393587593469       -32.632153677711592     
   85.321337437242903       -32.879669392073680     
   85.403181102449963       -33.111466016875774     
   85.484924192877514       -33.327592493643515     
   85.566566318277978       -33.528115826941757     
   85.648107088496488       -33.713120381307583     
   85.729546113473930       -33.882707180212819     
   85.810883003250311       -34.036993207772646     
   85.892117367967828       -34.176110713701021     
   85.973248817874008       -34.300206521896946     
   86.054276963325009       -34.409441342936425     
   86.135201414788753       -34.503989090671290     
   86.216021782848159       -34.584036203383249     
   86.296737678204337       -34.649780968417424     
   86.377348711679730       -34.701432854024723     
   86.457854494221451       -34.739211843543067     
   86.538254636904512       -34.763347777099277     
   86.618548750934949       -34.774079698823883     
   86.698736447653104       -34.771655210942335     
   86.778817338536982       -34.756329835421546     
   86.858791035205272       -34.728366384003415     
   86.938657149420862       -34.688034337535335     
   87.018415293093867       -34.635609235577014     
   87.098065078285117       -34.571372077326231     
   87.177606117209194       -34.495608734889139     
   87.257038022237921       -34.408609379955593     
   87.336360405903491       -34.310667924910035     
   87.415572880901919       -34.202081479350092     
   87.494675060096156       -34.083149822963016     
   87.573666556519484       -33.954174895539744     
   87.652546983378812       -33.815460304605807     
   87.731315954058047       -33.667310853892133     
   87.809973082121260       -33.510032084766827     
   87.888517981316170       -33.343929845712985     
   87.966950265577296       -33.169309874770036     
   88.045269549029555       -32.986477404729357     
   88.123475445991261       -32.795736787667849     
   88.201567570977716       -32.597391139285122     
   88.279545538704497       -32.391742002792860     
   88.357408964090737       -32.179089032072582     
   88.435157462262595       -31.959729693685397     
   88.512790648556461       -31.733958987271937     
   88.590308138522531       -31.502069183809198     
   88.667709547927984       -31.264349581164062     
   88.744994492760469       -31.021086276327154     
   88.822162589231439       -30.772561953717858     
   88.899213453779566       -30.519055688948225     
   88.976146703074107       -30.260842767439868     
   89.052961954018301       -29.998194517288422     
   89.129658823752777       -29.731378155892418     
   89.206236929658957       -29.460656649596345     
   89.282695889362444       -29.186288586606015     
   89.359035320736425       -28.908528061387955     
   89.435254841905220       -28.627624571839608     
   89.511354071247482       -28.343822927735605     
   89.587332627399732       -28.057363170723445     
   89.663190129259846       -27.768480505616509     
   89.738926195990416       -27.477405242853038     
   89.814540447022168       -27.184362752095137     
   89.890032502057480       -26.889573426989376     
   89.965401981073740       -26.593252661176258     
   90.040648504326839       -26.295610835702618     
   90.115771692354613       -25.996853318081591     
   90.190771165980379       -25.697180473307306     
   90.265646546316233       -25.396787687236920     
   90.340397454766659       -25.095865402869460     
   90.415023513031912       -24.794599170163107     
   90.489524343111512       -24.493169710205493     
   90.563899567307757       -24.191752994741790     
   90.638148808229133       -23.890520342316979     
   90.712271688793876       -23.589638532592843     
   90.786267832233335       -23.289269940716878     
   90.860136862095615       -22.989572694373877     
   90.933878402248951       -22.690700856331443     
   91.007492076885256       -22.392804636613711     
   91.080977510523567       -22.096030639164230     
   91.154334328013618       -21.800522149438375     
   91.227562154539328       -21.506419471144383     
   91.300660615622249       -21.213860322925257     
   91.373629337125138       -20.922980309086483     
   91.446467945255449       -20.633913483128357     
   91.519176066568832       -20.346793029190291     
   91.591753327972683       -20.061752095536288     
   91.664199356729640       -19.778924826972215     
   91.736513780461109       -19.498447661724587     
   91.808696227150890       -19.220460985831579     
   91.880746325148451       -18.945111279811606     
   91.952663703172746       -18.672553956979648     
   92.024447990315608       -18.402957195753018     
   92.096098816045298       -18.136507237539533     
   92.167615810210023       -17.873415910003850     
   92.238998603041566       -17.613931647285163     
   92.310246825158728       -17.358356231777091     
   92.381360107570899       -17.107071369112919     
   92.452338081681646       -16.860583199031932     
   92.523180379292285       -16.619602120901138     
   92.593886632605290       -16.385199420115431     
   92.664456474228061       -16.159155595352278     
   92.734889537176272       -15.944896864975401     
   92.805185454877574       -15.751020444960695     
   92.875343861175068       -15.628949119822616     
   92.945364390330909       -15.416779504821884     
   93.015246677029893       -15.139281710937912     
   93.084990356382960       -14.865362309212378     
   93.154595063930770       -14.595032333709305     
   93.224060435647331       -14.328300049482261     
   93.293386107943519       -14.065171055908717     
   93.362571717670662       -13.805648388328061     
   93.431616902124063       -13.549732617970550     
   93.500521299046682       -13.297421950145569     
   93.569284546632588       -13.048712320697891     
   93.637906283530640       -12.803597490688500     
   93.706386148848011       -12.562069139300263     
   93.774723782153714       -12.324116954952190     
   93.842918823482307       -12.089728724579995     
   93.910970913337380       -11.858890421160615     
   93.978879692695173       -11.631586289197502     
   94.046644803008064       -11.407798928613230     
   94.114265886208358       -11.187509376531919     
   94.181742584711671       -10.970697187258571     
   94.249074541420526       -10.757340510322654     
   94.316261399728148       -10.547416166587409     
   94.383302803521730       -10.340899722416484     
   94.450198397186284       -10.137765561880782     
   94.516947825608099       -9.9379869569969728     
   94.583550734178345       -9.7415361359952506     
   94.650006768796700       -9.5483843496105880     
   94.716315575874802       -9.3585019353927308     
   94.782476802340085       -9.1718583800416837     
   94.848490095639093       -8.9884223797722242     
   94.914355103741187       -8.8081618987169765     
   94.980071475142225       -8.6310442253788384     
   95.045638858867974       -8.4570360271488294     
   95.111056904477820       -8.2861034029100580     
   95.176325262068232       -8.1182119337463607     
   95.241443582276517       -7.9533267317838554     
   95.306411516284257       -7.7914124871915176     
   95.371228715820934       -7.6324335133735257     
   95.435894833167580       -7.4763537903858914     
   95.500409521160208       -7.3231370063868724     
   95.564772433193639       -7.1727465988014494     
   95.628983223224793       -7.0251457901654408     
   95.693041545776467       -6.8802976273663310     
   95.756947055940856       -6.7381650154345394     
   95.820699409383167       -6.5987107513963474     
   95.884298262345141       -6.4618975563547112     
   95.947743271648619       -6.3276881061228076     
   96.011034094699198       -6.1960450604533062     
   96.074170389489780       -6.0669310909075138     
   96.137151814604024       -5.9403089074060835     
   96.199978029220134       -5.8161412835049893     
   96.262648693114272       -5.6943910804417746     
   96.325163466664165       -5.5750212699873911     
   96.387522010852678       -5.4579949561501655     
   96.449723987271398       -5.3432753957647892     
   96.511769058124173       -5.2308260180108421     
   96.573656886230665       -5.1206104428923709     
   96.635387135029944       -5.0125924987140555     
   96.696959468584041       -4.9067362385917885     
   96.758373551581499       -4.8030059560280938     
   96.819629049340918       -4.7013661995829015     
   96.880725627814499       -4.6017817866712445     
   96.941662953591617       -4.5042178165212983     
   97.002440693902415       -4.4086396823095848     
   97.063058516621240       -4.3150130825162805     
   97.123516090270272       -4.2233040315112227     
   97.183813084023086       -4.1334788693843105     
   97.243949167708081       -4.0455042712308602     
   97.303924011812114       -3.9593472552863531     
   97.363737287484000       -3.8749751910588013     
   97.423388666538102       -3.7923558062887208     
   97.482877821457720       -3.7114571935156606     
   97.542204425398765       -3.6322478160080145     
   97.601368152193203       -3.5546965131097781     
   97.660368676352633       -3.4787725050357583     
   97.719205673071741       -3.4044453971278541     
   97.777878818231841       -3.3316851835943626     
   97.836387788404394       -3.2604622507559697     
   97.894732260854468       -3.1907473798096584     
   97.952911913544426       -3.1225117491373351     
   98.010926425137100       -3.0557269361739108     
   98.068775474999597       -2.9903649188544916     
   98.126458743206683       -2.9263980766580935     
   98.183975910544206       -2.8637991912668261     
   98.241326658512705       -2.8025414468576453     
   98.298510669330753       -2.7425984300446142     
   98.355527625938635       -2.6839441294863993     
   98.412377212001616       -2.6265529351798422     
   98.469059111913538       -2.5703996374524576     
   98.525573010800287       -2.5154594256700848     
   98.581918594523202       -2.4617078866796831     
   98.638095549682532       -2.4091210029953567     
   98.694103563620985       -2.3576751507491389     
   98.749942324427138       -2.3073470974187233     
   98.805611520938768       -2.2581139993431956     
   98.861110842746484       -2.2099533990467801     
   98.916439980197097       -2.1628432222965093     
   98.971598624396975       -2.1167617754928365     
   99.026586467215523       -2.0716877416304302     
   99.081403201288708       -2.0276001778337034     
   99.136048520022328       -1.9844785114509340     
   99.190522117595563       -1.9423025365587505     
   99.244823688964203       -1.9010524102620801     
   99.298952929864342       -1.8607086488942006     
   99.352909536815460       -1.8212521241231940     
   99.406693207124022       -1.7826640589748923     
   99.460303638886856       -1.7449260237827597     
   99.513740530994468       -1.7080199320694958     
   99.567003583134479       -1.6719280363717044     
   99.620092495794964       -1.6366329240116810     
   99.673006970267849       -1.6021175128260332     
   99.725746708652252       -1.5683650468551884     
   99.778311413857892       -1.5353590920019158     
   99.830700789608372       -1.5030835316625342     
   99.882914540444617       -1.4715225623381498     
   99.934952371728073       -1.4406606892299259     
   99.986813989644247       -1.4104827218218854     
   100.03849910120593       -1.3809737694583539     
   100.09000741425638       -1.3521192369177837     
   100.14133863747296       -1.3239048199872765     
   100.19249248037013       -1.2963165010418713     
   100.24346865330301       -1.2693405446315829     
   100.29426686747054       -1.2429634930788471     
   100.34488683491874       -1.2171721620899567     
   100.39532826854416       -1.1919536363829819     
   100.44559088209702       -1.1672952653335307     
   100.49567439018450       -1.1431846586426271     
   100.54557850827412       -1.1196096820273618     
   100.59530295269687       -1.0965584529371510     
   100.64484744065054       -1.0740193362972086     
   100.69421169020295       -1.0519809402604001     
   100.74339542029519       -1.0304321120988313     
   100.79239835074482       -1.0093619338777671     
   100.84122020224922      -0.98875971847274535     
   100.88986069638867      -0.96861500540644652     
   100.93831955562963      -0.94891755680037249     
   100.98659650332795      -0.92965735335364341     
   101.03469126373206      -0.91082459035970820     
   101.08260356198613      -0.89240967376374847     
   101.13033312413339      -0.87440321625997286     
   101.17787967711905      -0.85679603343154209     
   101.22524294879378      -0.83957913993331401     
   101.27242266791666      -0.82274374571765430     
   101.31941856415834      -0.80628125230480252     
   101.36623036810435      -0.79018324909865290     
   101.41285781125806      -0.77444150974779546     
   101.45930062604396      -0.75904798855311006     
   101.50555854581057      -0.74399481692203873     
   101.55163130483386      -0.72927429987054293     
   101.59751863832012      -0.71487891257227798     
   101.64322028240913      -0.70080129695641213     
   101.68873597417728      -0.68703425835358767     
   101.73406545164060      -0.67357076219091938     
   101.77920845375795      -0.66040393073562920     
   101.82416472043390      -0.64752703988811722     
   101.86893399252193      -0.63493351602423909     
   101.91351601182753      -0.62261693288677233     
   101.95791052111102      -0.61057100852678614     
   102.00211726409078      -0.59878960229378742     
   102.04613598544627      -0.58726671187571855     
   102.08996643082091      -0.57599647038827018     
   102.13360834682518      -0.56497314351278494     
   102.17706148103969      -0.55419112668407866     
   102.22032558201792      -0.54364494232618632     
   102.26340039928949      -0.53332923713722524     
   102.30628568336300      -0.52323877942256758     
   102.34898118572896      -0.51336845647566920     
   102.39148665886279      -0.50371327200692817     
   102.43380185622775      -0.49426834361982425     
   102.47592653227790      -0.48502890033343354     
   102.51786044246096      -0.47599028015686889     
   102.55960334322127      -0.46714792768851526     
   102.60115499200276      -0.45849739180314880     
   102.64251514725171      -0.45003432333779542     
   102.68368356841970      -0.44175447285070074     
   102.72466001596656      -0.43365368841562485     
   102.76544425136311      -0.42572791346115607     
   102.80603603709407      -0.41797318465213856     
   102.84643513666094      -0.41038562981450805     
   102.88664131458484      -0.40296146590157833     
   102.92665433640921      -0.39569699700198280     
   102.96647396870280      -0.38858861238807507     
   103.00609997906243      -0.38163278460457745     
   103.04553213611561      -0.37482606759699527     
   103.08477020952365      -0.36816509487852406     
   103.12381396998418      -0.36164657773559450     
   103.16266318923395      -0.35526730347098329     
   103.20131764005171      -0.34902413368383284     
   103.23977709626081      -0.34291400258629334     
   103.27804133273203      -0.33693391535578743     
   103.31611012538626      -0.33108094652250336     
   103.35398325119725      -0.32535223839138738     
   103.39166048819423      -0.31974499949798324     
   103.42914161546472      -0.31425650309771858     
   103.46642641315708      -0.30888408568754616     
   103.50351466248330      -0.30362514555989589     
   103.54040614572156      -0.29847714138804698     
   103.57710064621897      -0.29343759084203869     
   103.61359794839407      -0.28850406923524102     
   103.64989783773960      -0.28367420820019945     
   103.68600010082510      -0.27894569439368688     
   103.72190452529934      -0.27431626823048083     
   103.75761089989311      -0.26978372264438288     
   103.79311901442172      -0.26534590187751617     
   103.82842865978758      -0.26100070029555544     
   103.86353962798272      -0.25674606122981009     
   103.89845171209136      -0.25257997584486536     
   103.93316470629242      -0.24850048203127542     
   103.96767840586216      -0.24450566332323734     
   104.00199260717649      -0.24059364784013487     
   104.03610710771360      -0.23676260725198275     
   104.07002170605648      -0.23301075576810232     
   104.10373620189523      -0.22933634914834339     
   104.13725039602967      -0.22573768373654837     
   104.17056409037170      -0.22221309551612711     
   104.20367708794785      -0.21876095918645738     
   104.23658919290160      -0.21537968726062057     
   104.26930021049577      -0.21206772918322225     
   104.30180994711507      -0.20882357046867356     
   104.33411821026829      -0.20564573185815321     
   104.36622480859083      -0.20253276850656571     
   104.39812955184702      -0.19948326913508088     
   104.42983225093241      -0.19649585532539396     
   104.46133271787626      -0.19356918067525145     
   104.49263076584366      -0.19070193008459677     
   104.52372620913798      -0.18789281901562860     
   104.55461886320315      -0.18514059277641157     
   104.58530854462592      -0.18244402582117200     
   104.61579507113814      -0.17980192106667076     
   104.64607826161905      -0.17721310922448888     
   104.67615793609748      -0.17467644814892896     
   104.70603391575418      -0.17219082219956530     
   104.73570602292386      -0.16975514161935373     
   104.76517408109761      -0.16736834192657649     
   104.79443791492494      -0.16502938332140532     
   104.82349735021607      -0.16273725010617704     
   104.85235221394403      -0.16049095011934905     
   104.88100233424680      -0.15828951418257953     
   104.90944754042958      -0.15613199556106255     
   104.93768766296674      -0.15401746943623865     
   104.96572253350409      -0.15194503239130480     
   104.99355198486083      -0.14991380190866282     
   105.02117585103184      -0.14792291587927428     
   105.04859396718959      -0.14597153212369687     
   105.07580616968622      -0.14405882792450658     
   105.10281229605567      -0.14218399956978012     
   105.12961218501565      -0.14034626190751012     
   105.15620567646967      -0.13854484791058774     
   105.18259261150904      -0.13677900825212880     
   105.20877283241492      -0.13504801089121601     
   105.23474618266019      -0.13335114066814746     
   105.26051250691155      -0.13168769890978507     
   105.28607165103131      -0.13005700304415663     
   105.31142346207949      -0.12845838622428135     
   105.33656778831562      -0.12689119696128037     
   105.36150447920070      -0.12535479876614328     
   105.38623338539917      -0.12384856980017100     
   105.41075435878054      -0.12237190253389102     
   105.43506725242155      -0.12092420341422856     
   105.45917192060790      -0.11950489253969034     
   105.48306821883601      -0.11811340334352437     
   105.50675600381491      -0.11674918228437306     
   105.53023513346817      -0.11541168854469944     
   105.55350546693538      -0.11410039373633604     
   105.57656686457430      -0.11281478161332405     
   105.59941918796234      -0.11155434779165455     
   105.62206229989846      -0.11031859947592154     
   105.64449606440481      -0.10910705519267337     
   105.66672034672857      -0.10791924453017063     
   105.68873501334348      -0.10675470788459381     
   105.71053993195174      -0.10561299621243642     
   105.73213497148552      -0.10449367078903206     
   105.75352000210866      -0.10339630297285246     
   105.77469489521839      -0.10232047397583093     
   105.79565952344687      -0.10126577463901913     
   105.81641376066280      -0.10023180521411705     
   105.83695748197313       -9.9218175150086921E-002
   105.85729056372453       -9.8224502885203915E-002
   105.87741288350502       -9.7250415644149962E-002
   105.89732432014549       -9.6295549240155959E-002
   105.91702475372129       -9.5359547882096357E-002
   105.93651406555367       -9.4442063986184321E-002
   105.95579213821139       -9.3542757992577649E-002
   105.97485885551215       -9.2661298186269767E-002
   105.99371410252407       -9.1797360522689844E-002
   106.01235776556716       -9.0950628457414362E-002
   106.03078973221481       -9.0120792780281664E-002
   106.04900989129514       -8.9307551453551431E-002
   106.06701813289250       -8.8510609454150166E-002
   106.08481434834881       -8.7729678619782300E-002
   106.10239843026497       -8.6964477499073878E-002
   106.11977027250218       -8.6214731205228073E-002
   106.13692977018349       -8.5480171273558461E-002
   106.15387681969477       -8.4760535522490799E-002
   106.17061131868648       -8.4055567918147583E-002
   106.18713316607456       -8.3365018442224839E-002
   106.20344226204206       -8.2688642963395259E-002
   106.21953850804016       -8.2026203111795273E-002
   106.23542180678956       -8.1377466156838010E-002
   106.25109206228173       -8.0742204887875674E-002
   106.26654917978009       -8.0120197498642243E-002
   106.28179306582120       -7.9511227472164894E-002
   106.29682362821612       -7.8915083475274442E-002
   106.31164077605131       -7.8331559244945753E-002
   106.32624441969003       -7.7760453487974293E-002
   106.34063447077338       -7.7201569777724424E-002
   106.35481084222150       -7.6654716454778893E-002
   106.36877344823459       -7.6119706530510270E-002
   106.38252220429409       -7.5596357592653540E-002
   106.39605702716376       -7.5084491713718185E-002
   106.40937783489071       -7.4583935361700909E-002
   106.42248454680639       -7.4094519313103582E-002
   106.43537708352784       -7.3616078568310428E-002
   106.44805536695846       -7.3148452269226477E-002
   106.46051932028919       -7.2691483619081398E-002
   106.47276886799936       -7.2245019804428406E-002
   106.48480393585780       -7.1808911919211849E-002
   106.49662445092365       -7.1383014890992080E-002
   106.50823034154740       -7.0967187409076149E-002
   106.51962153737180       -7.0561291854640107E-002
   106.53079796933272       -7.0165194232944428E-002
   106.54175956966007       -6.9778764107200811E-002
   106.55250627187866       -6.9401874534460201E-002
   106.56303801080901       -6.9034402003307488E-002
   106.57335472256831       -6.8676226373245233E-002
   106.58345634457110       -6.8327230815924275E-002
   106.59334281553021       -6.7987301758014235E-002
   106.60301407545739       -6.7656328825757214E-002
   106.61247006566430       -6.7334204791220251E-002
   106.62171072876295       -6.7020825520076807E-002
   106.63073600866682       -6.6716089921002850E-002
   106.63954585059125       -6.6419899896642751E-002
   106.64814020105435       -6.6132160296048542E-002
   106.65651900787759       -6.5852778868679560E-002
   106.66468222018652       -6.5581666219734908E-002
   106.67262978841140       -6.5318735767113695E-002
   106.68036166428782       -6.5063903699576819E-002
   106.68787780085738       -6.4817088936483372E-002
   106.69517815246822       -6.4578213088743786E-002
   106.70226267477568       -6.4347200421227810E-002
   106.70913132474280       -6.4123977816379296E-002
   106.71578406064093       -6.3908474739246809E-002
   106.72222084205023       -6.3700623203661988E-002
   106.72844162986019       -6.3500357739809846E-002
   106.73444638627006       -6.3307615362902317E-002
   106.74023507478960       -6.3122335543145433E-002
   106.74580766023905       -6.2944460176938485E-002
   106.75116410875012       -6.2773933559125708E-002
   106.75630438776598       -6.2610702356590955E-002
   106.76122846604187       -6.2454715582863918E-002
   106.76593631364544       -6.2305924573912368E-002
   106.77042790195699       -6.2164282965042360E-002
   106.77470320366989       -6.2029746668989631E-002
   106.77876219279084       -6.1902273854956821E-002
   106.78260484463991       -6.1781824928884385E-002
   106.78623113585093       -6.1668362514660978E-002
   106.78964104437124       -6.1561851436537265E-002
   106.79283454946179       -6.1462258702499481E-002
   106.79581163169661       -6.1369553488678188E-002
   106.79857227296205       -6.1283707124885616E-002
   106.80111645645543       -6.1204693081120677E-002
   106.80344416668218       -6.1132486955166036E-002
   106.80555538945099       -6.1067066461261976E-002
   106.80745011186410       -6.1008411419868853E-002
   106.80912832229767       -6.0956503748834351E-002
   106.81059001035869       -6.0911327456198996E-002
   106.81183516678018       -6.0872868635873698E-002
   106.81286378313024       -6.0841115470123712E-002
   106.81367585083599       -6.0816058254038373E-002
   106.81427135683106       -6.0797689525188776E-002
   106.81465025145346       -6.0786005049771739E-002

