 # Molecular potential
 # R (nm)   Energy shift (MHz)
   1.2376993383826217E-004   0.0000000000000000     
   4.1491458336180190E-004   0.0000000000000000     
   8.7250639367289203E-004   0.0000000000000000     
   1.4965096396847245E-003   0.0000000000000000     
   2.2869176019241623E-003   0.0000000000000000     
   3.2437278992424913E-003   0.0000000000000000     
   4.3669391441254080E-003   0.0000000000000000     
   5.6565501927191243E-003   0.0000000000000000     
   7.1125599210794029E-003   0.0000000000000000     
   8.7349671445903620E-003   0.0000000000000000     
   1.0523770584648500E-002   0.0000000000000000     
   1.2478968853476725E-002   0.0000000000000000     
   1.4600560446516244E-002   0.0000000000000000     
   1.6888543738453714E-002   0.0000000000000000     
   1.9342916980909338E-002   0.0000000000000000     
   2.1963678301166176E-002   0.0000000000000000     
   2.4750825701302954E-002   0.0000000000000000     
   2.7704357057669455E-002   0.0000000000000000     
   3.0824270120558831E-002   0.0000000000000000     
   3.4110562513912743E-002   0.0000000000000000     
   3.7563231735180794E-002   0.0000000000000000     
   4.1182275155152180E-002   0.0000000000000000     
   4.4967690017832171E-002   0.0000000000000000     
   4.8919473440388016E-002   0.0000000000000000     
   5.3037622413018314E-002   0.0000000000000000     
   5.7322133798909769E-002   0.0000000000000000     
   6.1773004334142075E-002   0.0000000000000000     
   6.6390230627631261E-002   0.0000000000000000     
   7.1173809161075879E-002   0.0000000000000000     
   7.6123736288844779E-002   0.0000000000000000     
   8.1240008237970604E-002   0.0000000000000000     
   8.6522621108036393E-002   0.0000000000000000     
   9.1971570871125452E-002   0.0000000000000000     
   9.7586853371755614E-002   0.0000000000000000     
  0.10336846432679730        0.0000000000000000     
  0.10931639932541889        0.0000000000000000     
  0.11543065382898558        0.0000000000000000     
  0.12171122317100952        0.0000000000000000     
  0.12815810255706583        0.0000000000000000     
  0.13477128706470515        0.0000000000000000     
  0.14155077164337460        0.0000000000000000     
  0.14849655111435348        0.0000000000000000     
  0.15560862017063060        0.0000000000000000     
  0.16288697337686314        0.0000000000000000     
  0.17033160516925286        0.0000000000000000     
  0.17794250985546128        0.0000000000000000     
  0.18571968161453942        0.0000000000000000     
  0.19366311449679935        0.0000000000000000     
  0.20177280242374285        0.0000000000000000     
  0.21004873918795605        0.0000000000000000     
  0.21849091845300059        0.0000000000000000     
  0.22709933375331914        0.0000000000000000     
  0.23587397849411956        0.0000000000000000     
  0.24481484595129135        0.0000000000000000     
  0.25392192927127027        0.0000000000000000     
  0.26319522147092972        0.0000000000000000     
  0.27263471543749263        0.0000000000000000     
  0.28224040392838523        0.0000000000000000     
  0.29201227957114195        0.0000000000000000     
  0.30195033486326989        0.0000000000000000     
  0.31205456217213440        0.0000000000000000     
  0.32232495373484121        0.0000000000000000     
  0.33276150165810225        0.0000000000000000     
  0.34336419791811013        0.0000000000000000     
  0.35413303436040972        0.0000000000000000     
  0.36506800269976508        0.0000000000000000     
  0.37616909452002362        0.0000000000000000     
  0.38743630127398859        0.0000000000000000     
  0.39886961428326939        0.0000000000000000     
  0.41046902473814700        0.0000000000000000     
  0.42223452369743553        0.0000000000000000     
  0.43416610208832807        0.0000000000000000     
  0.44626375070626939        0.0000000000000000     
  0.45852746021477664        0.0000000000000000     
  0.47095722114531652        0.0000000000000000     
  0.48355302389714311        0.0000000000000000     
  0.49631485873714426        0.0000000000000000     
  0.50924271579968350        0.0000000000000000     
  0.52233658508643921        0.0000000000000000     
  0.53559645646624687        0.0000000000000000     
  0.54902231967493564        0.0000000000000000     
  0.56261416431516331        0.0000000000000000     
  0.57637197985625299        0.0000000000000000     
  0.59029575563401993        0.0000000000000000     
  0.60438548085059529        0.0000000000000000     
  0.61864114457427000        0.0000000000000000     
  0.63306273573928717        0.0000000000000000     
  0.64765024314571507        0.0000000000000000     
  0.66240365545921431        0.0000000000000000     
  0.67732296121089097        0.0000000000000000     
  0.69240814879709978        0.0000000000000000     
  0.70765920647927205        0.0000000000000000     
  0.72307612238369212        0.0000000000000000     
  0.73865888450136219        0.0000000000000000     
  0.75440748068775876        0.0000000000000000     
  0.77032189866267153        0.0000000000000000     
  0.78640212601000248        0.0000000000000000     
  0.80264815017755387        0.0000000000000000     
  0.81905995847683311        0.0000000000000000     
  0.83563753808286412        0.0000000000000000     
  0.85238087603397183        0.0000000000000000     
  0.86928995923156860        0.0000000000000000     
  0.88636477443996897        0.0000000000000000     
  0.90360530828614938        0.0000000000000000     
  0.92101154725956891        0.0000000000000000     
  0.93858347771192074        0.0000000000000000     
  0.95632108585694020        0.0000000000000000     
  0.97422435777017469        0.0000000000000000     
  0.99229327938876988        0.0000000000000000     
   5.6531503759644259        494.59357222097003     
   5.6963070048368740        448.21353992259100     
   5.7396252786410393        416.81287953050861     
   5.7831051578889667        400.52141677821146     
   5.8267466028947030        398.76803648944968     
   5.8705495737737090        410.33946278205934     
   5.9145140304423398        433.51535833628475     
   5.9586399326173130        466.06641155104796     
   6.7804662208806379        466.98524749201130     
   6.8276516642481786        415.06791187585952     
   6.8749977046702089        366.99647087141773     
   6.9225042975410362        324.53794172766709     
   6.9701713980428073        289.02854612771671     
   7.0179989611448992        261.62969518695490     
   7.0659869416033319        242.81160906350121     
   7.1141352939601843        232.82944468689968     
   7.1624439725429756        231.39189509832863     
   7.2109129314640992        237.89114992282302     
   7.2595421246201619        251.38104509031194     
   7.3083315056914655        270.72702912528979     
   7.3572810281413252        294.45534719695041     
   7.4063906452154820        321.23756118992293     
   7.4556603099415426        349.36931623843157     
   7.5050899751282891        377.42875294077197     
   7.5546795933651225        403.92756266662366     
   7.6044291170214287        427.36396988119628     
   7.6543384982459592        446.76061836299357     
   7.7044076889662305        460.80713104971420     
   7.7546366408878615        468.96594588919800     
   7.8050253054940084        470.63309308880912     
   7.8555736340446733        465.53673886096902     
   7.9062815775761504        454.03144578904977     
   7.9571490869003387        436.25878913412646     
   8.0081761126041275        413.20407000932852     
   8.0593626050487792        385.74922448871041     
   8.1107085143692874        355.01781035053955     
   8.1622137904737198        322.52104048540804     
   8.2138783830426156        289.40068958524114     
   8.2657022415283290        257.16204802194670     
   8.3176853151543479        227.01506109729092     
   8.3698275529147370        199.98173636405789     
   8.4221289035734035        177.08142937544315     
   8.4745893156635042        158.88016793383110     
   8.5272087374867649        145.85487402015826     
   8.5799871171128537        138.20358113118795     
   8.6329244023787144        135.87036920173873     
   8.6860205408878954        138.61814864992414     
   8.7392754800099226        146.00647273174312     
   8.7926891668796170        157.44840308638695     
   8.8462615483964431        172.13178561958631     
   8.8999925712238461        189.25847816111670     
   8.9538821817885772        207.82747645513939     
   9.0079303262800305        226.78021795143428     
   9.0621369506496023        245.21167547785521     
   9.1165020006099518        262.00458623111899     
   9.1710254216344040        276.29654702756363     
   9.2257071589562205        287.40024583530345     
   9.2805471575679608        294.55522493339197     
   9.3355453622207794        297.50013484775911     
   9.3907017174237453        296.07169990765084     
   9.4460161674431671        290.19971138807500     
   9.5014886563019161        280.32395226553001     
   9.5571191277787353        266.83427207957800     
   9.6129075254075325        250.27380245344651     
   9.6688537924767157        231.50806561858684     
   9.7249578720285008        211.21467051328162     
   9.7812197068581952        190.19141305943162     
   9.8376392395135124        169.33936836839433     
   9.8942164122938987        149.32155582172322     
   9.9509511672497872        130.86070254140967     
   10.007843446181939        114.63335490074572     
   10.064893190640726        101.09829146738116     
   10.122100341925414        90.694227215522034     
   10.179464841083476        83.721135844440028     
   10.236986628909857        80.293277325447932     
   10.294665645946305        80.410087655745045     
   10.352501832480616        83.887897584536205     
   10.410495128545936        90.412972187425922     
   10.468645473920054        99.512796711327439     
   10.526952808124673        110.57387896390583     
   10.585417070424711        122.97976437726554     
   10.644038199827531        136.00637851863706     
   10.702816135082271        148.89965000400568     
   10.761750814679102        161.06307909811932     
   10.820842176848481        171.87682366414344     
   10.880090159560442        180.76998681905931     
   10.939494700523872        187.42724045973100     
   10.999055737185744        191.55214083857194     
   11.058773206730436        192.89212885460051     
   11.118647046078934        191.46520039717367     
   11.178677191888152        187.32573850927994     
   11.238863580550149        180.53243163703391     
   11.299206148191406        171.39128400598722     
   11.359704830672085        160.27418084665766     
   11.420359563585288        147.52294301906369     
   11.481170282256278        133.66539350057002     
   11.542136921741774        119.29972209614323     
   11.603259416829173        104.94263016271711     
   11.664537702035801        91.171766006318236     
   11.725971711608173        78.574096560306060     
   11.787561379521216        67.593041719396865     
   11.849306639477538        58.600377331995411     
   11.911207424906635        51.900465833443697     
   11.973263668964162        47.642854901486821     
   12.035475304531138        45.863676700863181     
   12.097842264213229        46.506696807285032     
   12.160364480339920        49.403624147827102     
   12.223041884963797        54.321271424983152     
   12.285874409859753        60.954933248726164     
   12.348861986524224        68.916121004740234     
   12.412004546174416        77.809578462656717     
   12.475302019747510        87.217373762228377     
   12.538754337899924        96.643812793334817     
   12.602361431006500        105.61771182813973     
   12.666123229159746        113.73694166849195     
   12.730039662169023        120.57447416012245     
   12.794110659559811        125.74339463553221     
   12.858336150572862        129.02151419911624     
   12.922716064163470        130.26665958943235     
   12.987250329000638        129.36949846229501     
   13.051938873466328        126.38154864335444     
   13.116781625654619        121.49898202658962     
   13.181778513370967        114.92576349107449     
   13.246929464131357        106.91487359399554     
   13.312234405161549        97.835687677104332     
   13.377693263396244        88.066522031425805     
   13.443305965478318        77.939495379004399     
   13.509072437757991        67.823281924963908     
   13.574992606292026        58.113570384761523     
   13.641066396842929        49.147531190465301     
   13.707293734878151        41.221609309124645     
   13.773674545569273        34.627787307567928     
   13.840208753791167        29.601671064985332     
   13.906896284121229        26.289895739575034     
   13.973737060838531        24.771567839319708     
   14.040731007923027        25.047046241196821     
   14.107878049054701        27.021476571953944     
   14.175178107612803        30.530766718713895     
   14.242631106674976        35.350442454040014     
   14.310236969016454        41.189860663931839     
   14.377995617109244        47.734720230153108     
   14.445906973121296        54.681501509961883     
   14.513970958915651        61.709342399797904     
   14.582187496049668        68.481300805859661     
   14.650556505774130        74.703977073819260     
   14.719077909032455        80.130260178486978     
   14.787751626459842        84.507953608610947     
   14.856577578382440        87.603432422493213     
   14.925555684816510        89.271410489438253     
   14.994685865467597        89.441194904145235     
   15.063968039729671        88.069153992853217     
   15.133402126684288        85.175542406196101     
   15.202988045099783        80.895805980943649     
   15.272725713430349        75.438230954758566     
   15.342615049815267        69.025454381061010     
   15.412655972078033        61.913150365402579     
   15.482848397725460        54.410118755708062     
   15.553192243946915        46.828249321127444     
   15.623687427613397        39.438810226907691     
   15.694333865276697        32.492943470568619     
   15.765131473168564        26.239025304476129     
   15.836080167199833        20.894022436392884     
   15.907179862959547        16.623816407167478     
   15.978430475714141        13.557546128211053     
   16.049831920406529        11.789569264713403     
   16.121384111655292        11.358061068856843     
   16.193086963753750        12.238808856670634     
   16.264940390669167        14.354424407968633     
   16.336944306041826        17.571062176325530     
   16.409098623184182        21.697411167835632     
   16.481403255079993        26.509765431172710     
   16.553858114383445        31.775599732815621     
   16.626463113418257        37.249808730203434     
   16.699218164176852        42.675817727707916     
   16.772123178319440        47.815723289622049     
   16.845178067173148        52.469743642657612     
   16.918382741731133        56.456317224334420     
   16.991737112651730        59.596279823587416     
   17.065241090257544        61.738848393435241     
   17.138894584534562        62.790706741961252     
   17.212697505131281        62.704873780210178     
   17.286649761357836        61.461035002718518     
   17.360751262185040        59.083225858231252     
   17.435001916243593        55.668972905533955     
   17.509401631823124        51.378437220904395     
   17.583950316871313        46.396804134606725     
   17.658647878993019        40.920599888904334     
   17.733494225449331        35.168391893301681     
   17.808489263156723        29.374242116060657     
   17.883632898686148        23.758242981920830     
   17.958925038262123        18.510732995545840     
   18.034365587761801        13.802716800215535     
   18.109954452714135        9.7938088236010845     
   18.185691538298919        6.6205280886422289     
   18.261576749345913        4.3830275904116984     
   18.337609990333920        3.1450214467434243     
   18.413791165389885        2.9346413257814938     
   18.490120178287960        3.7358278018844864     
   18.566596932448650        5.4828287642222202     
   18.643221330937845        8.0687789475192950     
   18.719993276465946        11.357245200470500     
   18.796912671386909        15.185503464263222     
   18.873979417697356        19.369278989280176     
   18.951193417035682        23.719458149475624     
   19.028554570681074        28.058277700598723     
   19.106062779552644        32.217893766844455     
   19.183717944208500        36.030008182334043     
   19.261519964844766        39.329500120418551     
   19.339468741294763        41.973030078211728     
   19.417564173027984        43.850348917618916     
   19.495806159149232        44.879025326938240     
   19.574194598397650        45.000932076612997     
   19.652729389145836        44.195839025495133     
   19.731410429398867        42.498172745161916     
   19.810237616793408        39.993682231114626     
   19.889210848596747        36.798081190048407     
   19.968330021705871        33.041150604596105     
   20.047595032646552        28.866926636011620     
   20.127005777572396        24.435899043940996     
   20.206562152263864        19.915371328519694     
   20.286264052127443        15.465148924691428     
   20.366111372194574        11.233599977597892     
   20.446104007120802        7.3634797942519867     
   20.526241851184800        3.9930458618482700     
   20.606524798287438        1.2456764197585730     
   20.686952741950822      -0.78303419983801792     
   20.767525575317375       -2.0307794331987279     
   20.848243191148850       -2.4685702214004337     
   20.929105481825427       -2.1019377341964294     
   21.010112339344747      -0.97222576003524108     
   21.091263655320940       0.84819729497335816     
   21.172559320983705        3.2660980149037924     
   21.253999227177346        6.1744677740571614     
   21.335583264359812        9.4523800746830400     
   21.417311322601755        12.963751643974838     
   21.499183291585570        16.562203910177171     
   21.581199060604433        20.099813238461437     
   21.663358518561353        23.432094520429537     
   21.745661553968194        26.418478819876203     
   21.828108054944757        28.926449519046432     
   21.910697909217774        30.844366548552735     
   21.993431004119955        32.095866818307563     
   22.076307226589066        32.644048993070804     
   22.159326463166902        32.483502398766312     
   22.242488599998367        31.630303059398159     
   22.325793522830509        30.119448209586867     
   22.409241117011522        28.007936154674105     
   22.492831267489802        25.374914369614430     
   22.576563858812978        22.315763388887682     
   22.660438775126931        18.935982153730677     
   22.744455900174842        15.350887046101510     
   22.828615117296192        11.688621355878412     
   22.912916309425825        8.0883321090486735     
   22.997359359092940        4.6899480643381750     
   23.081944148420142        1.6209194424523909     
   23.166670559122455       -1.0122389582564848     
   23.251538472506354       -3.1256557072024527     
   23.336547769468783       -4.6572398129861909     
   23.421698330496163       -5.5670117153600653     
   23.506990035663446       -5.8379422414276085     
   23.592422764633110       -5.4749938371415166     
   23.677996396654180       -4.5029664495561486     
   23.763710810561278       -2.9661907226725268     
   23.849565884773583      -0.93089867060366316     
   23.935561497293889        1.5132992242154091     
   24.021697525707630        4.2571594826171317     
   24.107973847181881        7.1806880669984920     
   24.194390338464348        10.162457122556653     
   24.280946875882410        13.085159333565773     
   24.367643335342141        15.837846609713900     
   24.454479592327306        18.318257812334831     
   24.541455521898364        20.436693008358162     
   24.628570998691508        22.119155466301205     
   24.715825896917632        23.307163795595006     
   24.803220090361393        23.955447089950287     
   24.890753452380167        24.031997718374740     
   24.978425855903108        23.523273908796003     
   25.066237173430114        22.441917627996702     
   25.154187277030861        20.830817168539500     
   25.242276038343782        18.759587715189742     
   25.330503328575105        16.315412099535394     
   25.418869018497833        13.593875891004693     
   25.507372978450746        10.693809304592397     
   25.596015078337444        7.7156792601017816     
   25.684795187625284        4.7604962604939995     
   25.773713175344447        1.9273691104175750     
   25.862768910086896      -0.68958168313064461     
   25.951962260005384       -3.0035279440604947     
   26.041293092812491       -4.9366553358666714     
   26.130761275779570       -6.4229890312068809     
   26.220366675735775       -7.4131363834752326     
   26.310109159067064       -7.8792361563444038     
   26.399988591715186       -7.8170887147811010     
   26.490004839176677       -7.2440556417159305     
   26.580157766501859       -6.1944137148289782     
   26.670447238293853       -4.7153880465225599     
   26.760873118707551       -2.8657295921020278     
   26.851435271448629      -0.71601254467600584     
   26.942133559772522        1.6516024391286344     
   27.032967846483441        4.1455654773792538     
   27.123937993933364        6.6687321303056368     
   27.215043864021006        9.1226028634591767     
   27.306285318190849        11.411569540183221     
   27.397662217432117        13.447625372025936     
   27.489174422277738        15.155614008330136     
   27.580821792803391        16.477656693603866     
   27.672604188626472        17.374654189541353     
   27.764521468905084        17.824040780807913     
   27.856573492337024        17.815551271854343     
   27.948760117158763        17.348395378778989     
   28.041081201144486        16.432274063643590     
   28.133536601605037        15.091669804844141     
   28.226126175386902        13.370120012319692     
   28.318849778871236        11.330894275473842     
   28.411707267972837        9.0528324258038797     
   28.504698498139099        6.6231469643676677     
   28.597823324349068        4.1304231112887324     
   28.691081601112376        1.6601019283801313     
   28.784473182468240      -0.70739071729576430     
   28.877997921984477       -2.8972043427575955     
   28.971655672756444       -4.8407081214981069     
   29.065446287406086       -6.4767819859712290     
   29.159369618080863       -7.7536301390127473     
   29.253425516452772       -8.6309120777617103     
   29.347613833717315       -9.0821290708168512     
   29.441934420592542       -9.0969866526580976     
   29.536387127317926       -8.6828850455401412     
   29.630971803653452       -7.8644495504149656     
   29.725688298878573       -6.6807103859691850     
   29.820536461791157       -5.1809177845871428     
   29.915516140706540       -3.4209554581100092     
   30.010627183456460       -1.4619390489720523     
   30.105869437388062       0.62905354833439542     
   30.201242749362880        2.7779327623427150     
   30.296746965755830        4.9045949490070972     
   30.392381932454182        6.9271696411515018     
   30.488147494856580        8.7685662240635818     
   30.584043497871978        10.362737507398151     
   30.680069785918644        11.658151445828846     
   30.776226202923169        12.617664001927553     
   30.872512592319442        13.216051940382206     
   30.968928797047607        13.437492175087495     
   31.065474659553090        13.274764971517854     
   31.162150021785557        12.730501063907505     
   31.258954725197924        11.819445777395392     
   31.355888610745314        10.570224380979926     
   31.452951518884060        9.0255116684980088     
   31.550143289570698        7.2403396930209896     
   31.647463762260930        5.2789566809826711     
   31.744912775908656        3.2109393935213602     
   31.842490168964908        1.1072725893635780     
   31.940195779376868      -0.96297105685172957     
   32.038029444586847       -2.9348706302377896     
   32.135991001531281       -4.7486757544280280     
   32.234080286639696       -6.3499975818536329     
   32.332297135833734       -7.6900430828234638     
   32.430641384526091       -8.7268002320625619     
   32.529112867619574       -9.4274793000550563     
   32.627711419506014       -9.7715289015611937     
   32.726436874065307       -9.7528242502632061     
   32.825289064664389       -9.3797799755316795     
   32.924267824156239       -8.6732129870742494     
   33.023372984878783       -7.6630974804029206     
   33.122604378654074       -6.3859784622499927     
   33.221961836787081       -4.8842571856954073     
   33.321445190064793       -3.2071596534801423     
   33.421054268755164       -1.4118535307984683     
   33.520788902606149       0.43720873839680008     
   33.620648920844687        2.2717291493281810     
   33.720634152175634        4.0250677284461691     
   33.820744424780827        5.6376614908785392     
   33.920979566318053        7.0600886650425183     
   34.021339403920052        8.2528472523523906     
   34.121823764193508        9.1838485709680757     
   34.222432473217978        9.8259016152118850     
   34.323165356545061        10.156317052642988     
   34.424022239197193        10.159329108353147     
   34.525002945666792        9.8301917090414275     
   34.626107299915155        9.1786431786057623     
   34.727335125371546        8.2296564478830767     
   34.828686244932129        7.0208692737488159     
   34.930160480958996        5.5978885905089033     
   35.031757655279165        4.0096614905619683     
   35.133477589183563        2.3057572528695296     
   35.235320103426076       0.53605061631431528     
   35.337285018222474       -1.2481709414344748     
   35.439372153249508       -2.9933931810387158     
   35.541581327643840       -4.6447399673722529     
   35.643912360001075       -6.1487745654638175     
   35.746365068374757       -7.4572849632315439     
   35.848939270275402       -8.5305430992095541     
   35.951634782669494       -9.3389144066904208     
   36.054451421978463       -9.8626968988646091     
   36.157389004077729       -10.091003984974217     
   36.260447344295699       -10.020818434067023     
   36.363626257412804       -9.6569359271158994     
   36.466925557660431       -9.0127187840660365     
   36.570345058720029       -8.1109063153116203     
   36.673884573722091       -6.9835727509663048     
   36.777543915245161       -5.6707556238778558     
   36.881322895314824       -4.2180066279916293     
   36.985221325402740       -2.6736764486910238     
   37.089239016425751       -1.0867957988414247     
   37.193375778744695       0.49404030147649214     
   37.297631422163661        2.0210252276258465     
   37.402005755928833        3.4474130216088761     
   37.506498588727602        4.7283917209112403     
   37.611109728687552        5.8228255873378414     
   37.715838983375498        6.6955635837313405     
   37.820686159796502        7.3196135249684682     
   37.925651064392930        7.6774763181953594     
   38.030733503043415        7.7613107082489243     
   38.135933281061952        7.5721256021261683     
   38.241250203196898        7.1185734035655033     
   38.346684073629987        6.4159540458008619     
   38.452234695975399        5.4857524656697718     
   38.557901873278766        4.3556099349202810     
   38.663685408016221        3.0593094223216659     
   38.769585102093409        1.6362968962060671     
   38.875600756844570       0.13047323435095937     
   38.981732173031553       -1.4116593613757167     
   39.087979150842813       -2.9431237935080530     
   39.194341489892530       -4.4184137084559394     
   39.300818989219593       -5.7949514686119148     
   39.407411447286684       -7.0340208914318847     
   39.514118661979296       -8.1013721060168873     
   39.620940430604797       -8.9677790846489653     
   39.727876549891462       -9.6097397618577123     
   39.834926815987522       -10.010315283841866     
   39.942091024460240       -10.159925581538852     
   40.049368970294942       -10.056850840116343     
   40.156760447894086       -9.7072614570733382     
   40.264265251076289       -9.1247625526304450     
   40.371883173075446       -8.3295976041558930     
   40.479614006539691       -7.3477256185158959     
   40.587457543530576       -6.2099405210612053     
   40.695413575522025       -4.9510783306172339     
   40.803481893399471       -3.6092325290877243     
   40.911662287458896       -2.2248397204999208     
   41.019954547405888      -0.83953398419737080     
   41.128358462354718       0.50522469440710083     
   41.236873820827441        1.7696247624001769     
   41.345500410752926        2.9168913051187859     
   41.454238019465926        3.9144181832467608     
   41.563086433706218        4.7345648206313768     
   41.672045439617577        5.3551516947124984     
   41.781114822747007        5.7597677458586132     
   41.890294368043641        5.9380128586885563     
   41.999583859857950        5.8857414080207908     
   42.108983081940814        5.6052833518141814     
   42.218491817442576        5.1055452527717113     
   42.328109848912135        4.4018718832059092     
   42.437836958296060        3.5155890071283027     
   42.547672926937686        2.4732284737853218     
   42.657617535576129        1.3055186093239735     
   42.767670564345558        4.6268898263125309E-002
   42.877831792774074       -1.2687290763150392     
   42.988100999783008       -2.6027132851743686     
   43.098477963685887       -3.9188704117780282     
   43.208962462187628       -5.1812063498832002     
   43.319554272383563       -6.3554228365069871     
   43.430253170758661       -7.4098270969418882     
   43.541058933186505       -8.3162519692891497     
   43.651971334928547       -9.0509191277602365     
   43.762990150633087       -9.5951596159773214     
   43.874115154334518       -9.9359217032653344     
   43.985346119452345       -10.066037203359246     
   44.096682818790377       -9.9842639457226827     
   44.208125024535818       -9.6951535731525240     
   44.319672508258414       -9.2087988528006335     
   44.431325040909549       -8.5404952713755353     
   44.543082392821411       -7.7103209673055000     
   44.654944333706162       -6.7426141323372635     
   44.766910632654955       -5.6653207898329843     
   44.878981058137235       -4.5092014570190990     
   44.991155377999732       -3.3069151954233824     
   45.103433359465669       -2.0920299900518851     
   45.215814769133999      -0.89802558347026173     
   45.328299372978364       0.24264829162653770     
   45.440886936346402        1.2994165478142559     
   45.553577223958840        2.2443136264025210     
   45.666369999908682        3.0526202130401856     
   45.779265027660344        3.7034230290498615     
   45.892262070048787        4.1801115566350600     
   46.005360889278762        4.4708063076029685     
   46.118561246923917        4.5686922530683987     
   46.231862903926014        4.4722187353443648     
   46.345265620594020        4.1851298710102833     
   46.458769156603402        3.7163067819862352     
   46.572373270995186        3.0794284419802538     
   46.686077722175227        2.2924818797478963     
   46.799882267913382        1.3771664416534750     
   46.913786665342649       0.35823685289495533     
   47.027790670958375      -0.73718216776425671     
   47.141894040617508       -1.8802945356835548     
   47.256096529537700       -3.0413445777156802     
   47.370397892296594       -4.1903483292933714     
   47.484797882830961       -5.2978464485980057     
   47.599296254435941       -6.3356683786714640     
   47.713892759764242       -7.2776825410676462     
   47.828587150825342       -8.1004966379610472     
   47.943379178984728       -8.7840701262180101     
   48.058268594963081       -9.3122084736792292     
   48.173255148835523       -9.6729230137094095     
   48.288338590030840       -9.8586558453736011     
   48.403518667330680       -9.8663810001418195     
   48.518795128868810       -9.6975977590240952     
   48.634167722130371       -9.3582294158268944     
   48.749636193951048       -8.8584336734469815     
   48.865200290516370       -8.2123234961880307     
   48.980859757360918       -7.4375936214970331     
   49.096614339367598       -6.5550502270781124     
   49.212463780766889       -5.5880490427751326     
   49.328407825136047       -4.5618577921516481     
   49.444446215398465       -3.5029684382597375     
   49.560578693822784       -2.4383899201872414     
   49.676805002022320       -1.3949512665538704     
   49.793124880954217      -0.39863879646589528     
   49.909538070918721       0.52601790290049333     
   50.026044311558536        1.3565050603156208     
   50.142643341858040        2.0728278934713629     
   50.259334900142555        2.6579574207093004     
   50.376118724077671        3.0982168896212263     
   50.492994550668499        3.3835982766843773     
   50.609962116259005        3.5079946691885229     
   50.727021156531265        3.4693330261417623     
   50.844171406504771        3.2695950019006386     
   50.961412600535766        2.9147207188558197     
   51.078744472316494        2.4143996800961749     
   51.196166754874596        1.7817618193102516     
   51.313679180572308        1.0329876555949749     
   51.431281481105884       0.18685837726969309     
   51.548973387504894      -0.73573543066877989     
   51.666754630131443       -1.7123123635568187     
   51.784624938679713       -2.7193371493477971     
   51.902584042175071       -3.7327706230286499     
   52.020631668973579       -4.7286281544635136     
   52.138767546761201       -5.6835398368763252     
   52.256991402553275       -6.5753016851769690     
   52.375302962693759       -7.3834027649558420     
   52.493701952854650       -8.0895103169093900     
   52.612188098035290       -8.6778947747499373     
   52.730761122561788       -9.1357794017153751     
   52.849420750086331       -9.4536044252146212     
   52.968166703586547       -9.6252016802523261     
   53.086998705364984       -9.6478813338292753     
   53.205916477048348       -9.5224360371122199     
   53.324919739586967       -9.2530693158377737     
   53.444008213254165       -8.8472544406037112     
   53.563181617645654       -8.3155283276971570     
   53.682439671678907       -7.6712233994076344     
   53.801782093592585       -6.9301398264831446     
   53.921208600945945       -6.1101617465075853     
   54.040718910618189       -5.2308238117486514     
   54.160312738807981       -4.3128380834516218     
   54.279989801032769       -3.3775948304755490     
   54.399749812128263       -2.4466531838819767     
   54.519592486247817       -1.5412381662527799     
   54.639517536861888      -0.68175921976459419     
   54.759524676757529       0.11263756854296149     
   54.879613618037659       0.82447497296132799     
   54.999784072120725        1.4383026744529275     
   55.120035749739991        1.9410050170224256     
   55.240368360943037        2.3220566282741517     
   55.360781615091263        2.5737237730094655     
   55.481275220859281        2.6912082887703677     
   55.601848886234421        2.6727299499346207     
   55.722502318516220        2.5195428522855940     
   55.843235224315869        2.2358823810190929     
   55.964047309555689        1.8288416078384695     
   56.084938279468680        1.3081792318278851     
   56.205907838597930       0.68606480614065224     
   56.326955690796176       -2.3229759418685107E-002
   56.448081539225250      -0.80368118940501587     
   56.569285086355656       -1.6378962117738358     
   56.690566033966022       -2.5075116432185531     
   56.811924083142650       -3.3936029760697815     
   56.933358934279013       -4.2770931369712057     
   57.054870287075325       -5.1391548204486854     
   57.176457840538021       -5.9616009239048351     
   57.298121292979324       -6.7272579177311407     
   57.419860342016783       -7.4203165570412564     
   57.541674684572847       -8.0266535067050739     
   57.663564016874332       -8.5341166687350860     
   57.785528034452120       -8.9327667223172735     
   57.907566432140584       -9.2150679231499026     
   58.029678904077244       -9.3760226442389616     
   58.151865143702281       -9.4132463177222512     
   58.274124843758209       -9.3269820060104536     
   58.396457696289325       -9.1200563569613955     
   58.518863392641428       -8.7977807806918094     
   58.641341623461365       -8.3678030639155399     
   58.763892078696607       -7.8399152445516078     
   58.886514447594863       -7.2258235369868169     
   59.009208418703743       -6.5388856940358906     
   59.131973679870349       -5.7938207480648272     
   59.254809918240852       -5.0063958730211606     
   59.377716820260176       -4.1930953238609403     
   59.500694071671646       -3.3707770499904437     
   59.623741357516558       -2.5563235025936817     
   59.746858362133906       -1.7662941078760728     
   59.870044769159954       -1.0165875746257214     
   59.993300261527985      -0.32212239759312628     
   60.116624521467898       0.30345652201394085     
   60.240017230505863       0.84803828275304882     
   60.363478069464080        1.3012681007169948     
   60.487006718460378        1.6547275965969015     
   60.610602856907967        1.9020714381388257     
   60.734266163515052        2.0391199696369000     
   60.857996316284606        2.0639084743889420     
   60.981792992514059        1.9766942718608689     
   61.105655868794976        1.7799230359167446     
   61.229584621012812        1.4781557055029733     
   61.353578924346607        1.0779573496681143     
   61.477638453268725       0.58774952780595913     
   61.601762881544616        1.7628168803292349E-002
   61.725951882232522      -0.62085020230686760     
   61.850205127683253       -1.3149100135895597     
   61.974522289539891       -2.0508209602331871     
   62.098903038737618       -2.8141790439187444     
   62.223347045503438       -3.5901975580381760     
   62.347853979355975       -4.3640009160791395     
   62.472423509105219       -5.1209143605939085     
   62.597055302852390       -5.8467431525819222     
   62.721749027989574       -6.5280357096009318     
   62.846504351199734       -7.1523261769982955     
   62.971320938456302       -7.7083529162715978     
   63.096198455023192       -8.1862502455332748     
   63.221136565454437       -8.5777113945264603     
   63.346134933594151       -8.8761210344806774     
   63.471193222576254       -9.0766559676630720     
   63.596311094824429       -9.1763527123928199     
   63.721488212051831       -9.1741409111597907     
   63.846724235261021       -9.0708418219633256     
   63.972018824743884       -8.8691316862253018     
   64.097371640081306       -8.5734705064471903     
   64.222782340143254       -8.1899976652086064     
   64.348250583088486       -7.7263967803944293     
   64.473776026364590       -7.1917331086064422     
   64.599358326707716       -6.5962675675829594     
   64.724997140142619       -5.9512519685135290     
   64.850692121982476       -5.2687102914202617     
   64.976442926828796       -4.5612108086109124     
   65.102249208571465       -3.8416336308668777     
   65.228110620388435       -3.1229378618551942     
   65.354026814745922       -2.4179321575456938     
   65.479997443398190       -1.7390520974564536     
   65.606022157387471       -1.0981475039168247     
   65.732100607044131      -0.50628267163876461     
   65.858232441986289        2.6447613499584455E-002
   65.984417311120168       0.49108343394844478     
   66.110654862639734       0.87994372118209885     
   66.236944744026971        1.1867462710475283     
   66.363286602051616        1.4067015229178252     
   66.489680082771372        1.5365783149979853     
   66.616124831531735        1.5747404680648607     
   66.742620492966168        1.5211538045124191     
   66.869166710995970        1.3773640139439207     
   66.995763128830433        1.1464465558534662     
   67.122409388966830       0.83293047387309771     
   67.249105133190369       0.44269853158891992     
   67.375850002574438       -1.7133560006693530E-002
   67.502643637480489      -0.53835586701076110     
   67.629485677558193       -1.1118179122447829     
   67.756375761745431       -1.7275943728468759     
   67.883313528268488       -2.3751599647159809     
   68.010298614642082       -3.0435707852344471     
   68.137330657669452       -3.7216494480857731     
   68.264409293442469       -4.3981713490527303     
   68.391534157341752       -5.0620493540962244     
   68.518704884036794       -5.7025141245926401     
   68.645921107486103       -6.3092872265263393     
   68.773182460937292       -6.8727441526544553     
   68.900488576927216       -7.3840644567852056     
   69.027839087282260       -7.8353663828904860     
   69.155233623118278       -8.2198236775246212     
   69.282671814840995       -8.5317626895781267     
   69.410153292145921       -8.7667383619765396     
   69.537677684018803       -8.9215882628864431     
   69.665244618735628       -8.9944643483645184     
   69.792853723862876       -8.9848426519223867     
   69.920504626257809       -8.8935115286390189     
   70.048196952068480       -8.7225394247554835     
   70.175930326734232       -8.4752233960690155     
   70.303704374985699       -8.1560197716040630     
   70.431518720845176       -7.7704584747112397     
   70.559372987626787       -7.3250425984558554     
   70.687266797936829       -6.8271349114665734     
   70.815199773673939       -6.2848330638828971     
   70.943171536029439       -5.7068353806573473     
   71.071181705487604       -5.1022992699568270     
   71.199229901825930       -4.4806944260493644     
   71.327315744115467       -3.8516531485709375     
   71.455438850721080       -3.2248202107953263     
   71.583598839301786       -2.6097047634100594     
   71.711795326811085       -2.0155367415324057     
   71.840027929497367       -1.4511301399717549     
   71.968296262904019      -0.92475533670859833     
   72.096599941870096      -0.44402238765446855     
   72.224938580530392       -1.5776906088276168E-002
   72.353311792315992       0.35399019820090238     
   72.481719189954546       0.66021818690435508     
   72.610160385470735       0.89883655790222128     
   72.738634990186597        1.0668093831546388     
   72.867142614721956        1.1621638380991814     
   72.995682868994862        1.1840030369054941     
   73.124255362221916        1.1325034446247721     
   73.252859702918798        1.0088972665329219     
   73.381495498900676       0.81544033134610283     
   73.510162357282638       0.55536610270946618     
   73.638859884480198       0.23282658361906922     
   73.767587686209609      -0.14717897274437450     
   73.896345367488522      -0.57888646497308160     
   74.025132532636391       -1.0558591978980068     
   74.153948785274949       -1.5710885489893247     
   74.282793728328699       -2.1171014395702747     
   74.411666964025486       -2.6860728662938924     
   74.540568093897008       -3.2699416536144148     
   74.669496718779172       -3.8605275460045352     
   74.798452438812987       -4.4496477735770386     
   74.927434853444680       -5.0292312961563885     
   75.056443561426633       -5.5914290509216098     
   75.185478160817681       -6.1287186875245476     
   75.314538248983865       -6.6340024578963064     
   75.443623422598861       -7.1006971218767330     
   75.572733277644716       -7.5228149215269982     
   75.701867409412387       -7.8950348566163058     
   75.831025412502257       -8.2127636552517753     
   75.960206880824984       -8.4721859752995314     
   76.089411407601915       -8.6703034960710195     
   76.218638585365824       -8.8049626710439970     
   76.347888005961579       -8.8748710179048587     
   76.477159260546728       -8.8796019292177792     
   76.606451939592247       -8.8195881015861506     
   76.735765632883158       -8.6961038071518608     
   76.865099929519261       -8.5112363695149842     
   76.994454417915804       -8.2678473550163414     
   77.123828685804199       -7.9695241413056284     
   77.253222320232737       -7.6205226799105272     
   77.382634907567336       -7.2257024034173130     
   77.512066033492260       -6.7904543523494914     
   77.641515283010804       -6.3206236878869726     
   77.770982240446230       -5.8224278191295031     
   77.900466489442323       -5.3023714017130779     
   78.029967612964313       -4.7671594598695863     
   78.159485193299574       -4.2236098499177173     
   78.289018812058501       -3.6785662250603695     
   78.418568050175196       -3.1388125864833611     
   78.548132487908447       -2.6109904202829184     
   78.677711704842395       -2.1015193316085607     
   78.807305279887515       -1.6165220002436276     
   78.936912791281344       -1.1617542000924428     
   79.066533816589370      -0.74254054940380554     
   79.196167932705947      -0.36371658849457944     
   79.325814715855145       -2.9577714940626488E-002
   79.455473741591589       0.25616456068076321     
   79.585144584801427       0.49041864607506563     
   79.714826819703205       0.67074087089953416     
   79.844520019848787       0.79535523553655441     
   79.974223758124253       0.86316477558152738     
   80.103937606750918       0.87375452048048530     
   80.233661137286205       0.82738614021094892     
   80.363393920624645       0.72498449329147885     
   80.493135526998785       0.56811640804813301     
   80.622885525980266       0.35896214184477765     
   80.752643486480736       0.10028006492288556     
   80.882408976752870      -0.20463479762309858     
   81.012181564391426      -0.55199766352239066     
   81.141960816334191      -0.93758557949008448     
   81.271746298863050       -1.3567929157144460     
   81.401537577605026       -1.8046899780199444     
   81.531334217533356       -2.2760839526124919     
   81.661135782968557       -2.7655814166055421     
   81.790941837579396       -3.2676516748509008     
   81.920751944384165       -3.7766902164080940     
   82.050565665751577       -4.2870816191616843     
   82.180382563402020       -4.7932612662976224     
   82.310202198408618       -5.2897752725049294     
   82.440024131198314       -5.7713380497721412     
   82.569847921553105       -6.2328869743787036     
   82.699673128611124       -6.6696336480645089     
   82.829499310867845       -7.0771112801662719     
   82.959326026177180       -7.4512177552235626     
   83.089152831752713       -7.7882539939260127     
   83.218979284168952       -8.0849572656444622     
   83.348804939362410       -8.3385291685988658     
   83.478629352632908       -8.5466580587184833     
   83.608452078644746       -8.7075357797699446     
   83.738272671427993       -8.8198686222103326     
   83.868090684379681       -8.8828825168002545     
   83.997905670265141       -8.8963225450935077     
   84.127717181219182       -8.8604469230526188     
   84.257524768747402       -8.7760156817030772     
   84.387327983727545       -8.6442743287838493     
   84.517126376410658       -8.4669328261309094     
   84.646919496422612       -8.2461402583559398     
   84.776706892765219       -7.9844555993948374     
   84.906488113817701       -7.6848150039129601     
   85.036262707338011       -7.3504960676705702     
   85.166030220464179       -6.9850794999676911     
   85.295790199715597       -6.5924086620105626     
   85.425542190994605       -6.1765474154437063     
   85.555285739587688       -5.7417367244992761     
   85.685020390166997       -5.2923504484719235     
   85.814745686791696       -4.8328507549777582     
   85.944461172909399       -4.3677435775675280     
   86.074166391357707       -3.9015345335636411     
   86.203860884365454       -3.4386857089794387     
   86.333544193554388       -2.9835737056201199     
   86.463215859940505       -2.5404493325279240     
   86.592875423935538       -2.1133993025870441     
   86.722522425348544       -1.7063102755785033     
   86.852156403387298       -1.3228355580450772     
   86.981776896659909      -0.96636473847373439     
   87.111383443176251      -0.63999649802742042     
   87.240975580349613      -0.34651479521211165     
   87.370552844998144       -8.8368578083775920E-002
   87.500114773346496       0.13234486884018518     
   87.629660901027350       0.31389288248195696     
   87.759190763083041       0.45491666897716482     
   87.888703893967147       0.55443686948109727     
   88.018199827546042       0.61185551187035481     
   88.147678097100609       0.62695445149096285     
   88.277138235327840       0.59989043482251925     
   88.406579774342418       0.53118694565293056     
   88.536002245678503       0.42172301443645621     
   88.665405180291273       0.27271918828124170     
   88.794788108558649        8.5720872101072654E-002
   88.924150560283010      -0.13742073840954047     
   89.053492064692904      -0.39456990344042703     
   89.182812150444704      -0.68332953051372136     
   89.312110345624404       -1.0010660705314136     
   89.441386177749294       -1.3449358735150596     
   89.570639173769763       -1.7119127548536521     
   89.699868860071049       -2.0988165189396653     
   89.829074762474932       -2.5023421838421789     
   89.958256406241745       -2.9190896482854831     
   90.087413316071846       -3.3455935413074731     
   90.216545016107759       -3.7783529958734303     
   90.345651029935709       -4.2138610910579946     
   90.474730880587657       -4.6486337134446076     
   90.603784090543073       -5.0792375974814989     
   90.732810181730798       -5.5023173167919346     
   90.861808675530881       -5.9146210137507964     
   90.990779092776549       -6.3130246728931434     
   91.119720953755944       -6.6945547643339953     
   91.248633778214256       -7.0564091060693013     
   91.377517085355407       -7.3959758179224862     
   91.506370393844122       -7.7108502645380863     
   91.635193221807882       -7.9988499094108869     
   91.763985086838730       -8.2580270259314972     
   91.892745505995450       -8.4866792342561208     
   92.021473995805351       -8.6833578540709926     
   92.150170072266334       -8.8468740827456287     
   92.278833250849004       -8.9763030257103704     
   92.407463046498449       -9.0709856216574387     
   92.536058973636457       -9.1305285174627286     
   92.664620546163491       -9.1548019615770091     
   92.793147277460733       -9.1439357924127709     
   92.921638680392164       -9.0983136090774224     
   93.050094267306605       -9.0185652190679040     
   93.178513550039852       -8.9055574651622962     
   93.306896039916722       -8.7603835406325334     
   93.435241247753254       -8.5843509084810830     
   93.563548683858713       -8.3789679466730629     
   93.691817858037780       -8.1459294472726036     
   93.820048279592740       -7.8871011029213030     
   93.948239457325613       -7.6045031190444297     
   94.076390899540286       -7.3002930942578290     
   94.204502114044715       -6.9767483148242890     
   94.332572608153200       -6.6362476106411181     
   94.460601888688473       -6.2812529211303474     
   94.588589461983986       -5.9142907182192603     
   94.716534833886186       -5.5379334310883097     
   94.844437509756645       -5.1547810131062608     
   94.972296994474391       -4.7674427855593340     
   95.100112792438196       -4.3785196854952622     
   95.227884407568851       -3.9905870364770060     
   95.355611343311381       -3.6061779514262424     
   95.483293102637475       -3.2277674663809828     
   95.610929188047663       -2.8577574932445313     
   95.738519101573843       -2.4984626680950894     
   95.866062344781369       -2.1520971615310387     
   95.993558418771713       -1.8207625055279020     
   96.121006824184505       -1.5064364820431277     
   96.248407061200183       -1.2109631083289685     
   96.375758629542247      -0.93604374505510968     
   96.503061028479678      -0.68322934499595089     
   96.630313756829423      -0.45391385240373616     
   96.757516312958742      -0.24932875620728953     
   96.884668194787693       -7.0538793739912564E-002
   97.011768899791562        8.1561204258751213E-002
   97.138817925003423       0.20624834224254571     
   97.265814767016437       0.30297258230064628     
   97.392758921986541       0.37135658587879938     
   97.519649885634763       0.41119450534867824     
   97.646487153249979       0.42244976103088794     
   97.773270219691142       0.40525184431582573     
   97.899998579390072       0.35989219247150472     
   98.026671726353925       0.28681918556746860     
   98.153289154167695       0.18663232059500659     
   98.279850355996913        6.0075622226436844E-002
   98.406354824590110       -9.1969646365919547E-002
   98.532802052281511      -0.26849290572801832     
   98.659191530993638      -0.46836274559495206     
   98.785522752239956      -0.69033590161746727     
   98.911795207127369      -0.93306664989031951     
   99.038008386359081       -1.1951165452409678     
   99.164161780237123       -1.4749644291117552     
   99.290254878665110       -1.7710166343399303     
   99.416287171150842       -2.0816173151620592     
   99.542258146809047       -2.4050588336765948     
   99.668167294364181       -2.7395921367073499     
   99.794014102152957       -3.0834370605555268     
   99.919798058127341       -3.4347925049833092     
   100.04551864985703       -3.7918464218963233     
   100.17117536453246       -4.1527855685104518     
   100.29676768896739       -4.5158049791107580     
   100.42229510960182       -4.8791171138725966     
   100.54775711250474       -5.2409606473972961     
   100.67315318337690       -5.5996088637121932     
   100.79848280755378       -5.9533776280940378     
   100.92374547000821       -6.3006329105664625     
   101.04894065535338       -6.6397978374581905     
   101.17406784784571       -6.9693592530477160     
   101.29912653138761       -7.2878737742037121     
   101.42411618953048       -7.5939733248938834     
   101.54903630547751       -7.8863701397607056     
   101.67388636208663       -8.1638612286483916     
   101.79866584187356       -8.4253322965279587     
   101.92337422701445       -8.6697611158377388     
   102.04801099934913       -8.8962203508005313     
   102.17257564038393       -9.1038798358944781     
   102.29706763129461       -9.2920083132559004     
   102.42148645292944       -9.4599746364288624     
   102.54583158581218       -9.6072484505611797     
   102.67010251014501       -9.7334003615583740     
   102.79429870581167       -9.8381016098143448     
   102.91841965238039       -9.9211232656745203     
   103.04246482910698       -9.9823349671026573     
   103.16643371493787       -10.021703221487108     
   103.29032578851320       -10.039289295734614     
   103.41414052816992       -10.035246720421974     
   103.53787741194483       -10.009818435171242     
   103.66153591757771       -9.9633336035376932     
   103.78511552251445       -9.8962041264959879     
   103.90861570391014       -9.8089208841084279     
   104.03203593863232       -9.7020497351750752     
   104.15537570326394       -9.5762273045668067     
   104.27863447410678       -9.4321565876321358     
   104.40181172718434       -9.2706024005238348     
   104.52490693824527       -9.0923867043002033     
   104.64791958276646       -8.8983838304418885     
   104.77084913595631       -8.6895156331558532     
   104.89369507275788       -8.4667465940429061     
   105.01645686785218       -8.2310789025631159     
   105.13913399566137       -7.9835475349326499     
   105.26172593035214       -7.7252153527517171     
   105.38423214583887       -7.4571682414575902     
   105.50665211578691       -7.1805103075245027     
   105.62898531361594       -6.8963591521828249     
   105.75123121250333       -6.6058412383368594     
   105.87338928538726       -6.3100873662891948     
   105.99545900497031       -6.0102282728717418     
   106.11743984372254       -5.7073903675902882     
   106.23933127388511       -5.4026916184112928     
   106.36113276747341       -5.0972375988278840     
   106.48284379628059       -4.7921177070261605     
   106.60446383188099       -4.4884015666463410     
   106.72599234563336       -4.1871356181212205     
   106.84742880868438       -3.8893399081084548     
   106.96877269197219       -3.5960050837188833     
   107.09002346622961       -3.3080895970787383     
   107.21118060198775       -3.0265171246440845     
   107.33224356957945       -2.7521742045611699     
   107.45321183914265       -2.4859080941883605     
   107.57408488062408       -2.2285248487559426     
   107.69486216378250       -1.9807876209804278     
   107.81554315819243       -1.7434151803145708     
   107.93612733324754       -1.5170806494499880     
   108.05661415816419       -1.3024104546145649     
   108.17700310198508       -1.0999834852774868     
   108.29729363358261      -0.91033045792560330     
   108.41748522166266      -0.73393347782912421     
   108.53757733476803      -0.57122579191162504     
   108.65756944128204      -0.42259172531586431     
   108.77746100943216      -0.28836679366395579     
   108.89725150729360      -0.16883798263139946     
   109.01694040279301       -6.4244186129687020E-002
   109.13652716371196        2.5223205833126282E-002
   109.25601125769070        9.9419578678224735E-002
   109.37539215223178       0.15824623329106852     
   109.49466931470374       0.20164940367256132     
   109.61384221234474       0.22961916124234724     
   109.73291031226628       0.24218821470759466     
   109.85187308145693       0.23943061424914780     
   109.97072998678597       0.22146036858848420     
   110.08948049500712       0.18842998328953994     
   110.20812407276240       0.14052892842948403     
   110.32666018658568        7.7982043546830540E-002
   110.44508830290653        1.0478875636499847E-003
   110.56340788805403       -8.9982958865761076E-002
   110.68161840826048      -0.19478963129529431     
   110.79971932966518      -0.31302275266827911     
   110.91771011831835      -0.44430623085854559     
   111.03559024018465      -0.58823907588222724     
   111.15335916114745      -0.74439723026139148     
   111.27101634701215      -0.91233540619495856     
   111.38856126351047       -1.0915889233731166     
   111.50599337630398       -1.2816755414364809     
   111.62331215098813       -1.4820972812830910     
   111.74051705309610       -1.6923422296180486     
   111.85760754810261       -1.9118863213531436     
   111.97458310142790       -2.1401950947080755     
   112.09144317844159       -2.3767254140999774     
   112.20818724446663       -2.6209271562018324     
   112.32481476478314       -2.8722448548249679     
   112.44132520463249       -3.1301193005865930     
   112.55771802922099       -3.3939890917355728     
   112.67399270372424       -3.6632921326933663     
   112.79014869329076       -3.9374670774158673     
   112.90618546304603       -4.2159547149138019     
   113.02210247809657       -4.4981992947271809     
   113.13789920353393       -4.7836497904614985     
   113.25357510443861       -5.0717610999315461     
   113.36912964588414       -5.3619951807710580     
   113.48456229294108       -5.6538221207555743     
   113.59987251068102       -5.9467211424124882     
   113.71505976418081       -6.2401815418079076     
   113.83012351852636       -6.5337035617161234     
   113.94506323881687       -6.8267991996456114     
   114.05987839016885       -7.1189929514387291     
   114.17456843772023       -7.4098224914010373     
   114.28913284663443       -7.6988392901095892     
   114.40357108210455       -7.9856091712716308     
   114.51788260935727       -8.2697128087008931     
   114.63206689365730       -8.5507461662705122     
   114.74612340031122       -8.8283208802797208     
   114.86005159467173       -9.1020645883660389     
   114.97385094214191       -9.3716212052680241     
   115.08752090817917       -9.6366511478279424     
   115.20106095829964       -9.8968315110281768     
   115.31447055808218       -10.151856196949721     
   115.42774917317266       -10.401435998540450     
   115.54089626928813       -10.645298640080977     
   115.65391131222110       -10.883188776210666     
   115.76679376784362       -11.114867951393308     
   115.87954310211165       -11.340114521637009     
   115.99215878106916       -11.558723540313219     
   116.10464027085251       -11.770506609877533     
   116.21698703769465       -11.975291701278268     
   116.32919854792932       -12.172922942844213     
   116.44127426799545       -12.363260380413349     
   116.55321366444124       -12.546179710423191     
   116.66501620392881       -12.721571988033114     
   116.77668135323808       -12.889343310922291     
   116.88820857927131       -13.049414482595948     
   116.99959734905741       -13.201720654542710     
   117.11084712975617       -13.346210950611937     
   117.22195738866276       -13.482848074680051     
   117.33292759321189       -13.611607903414900     
   117.44375721098220       -13.732479065834344     
   117.55444570970072       -13.845462511301500     
   117.66499255724715       -13.950571067622908     
   117.77539722165827       -14.047828990821156     
   117.88565917113230       -14.137271508191127     
   117.99577787403331       -14.218944356148349     
   118.10575279889559       -14.292903314353410     
   118.21558341442811       -14.359213737562655     
   118.32526918951888       -14.417950086559784     
   118.43480959323942       -14.469195459496675     
   118.54420409484919       -14.513041124888067     
   118.65345216379997       -14.549586057424937     
   118.76255326974037       -14.578936477738054     
   118.87150688252026       -14.601205397187806     
   118.98031247219529       -14.616512168299645     
   119.08896950903122       -14.624982042514526     
   119.19747746350858       -14.626745735031241     
   119.30583580632695       -14.621938998251537     
   119.41404400840972       -14.610702204127564     
   119.52210154090828       -14.593179936068244     
   119.63000787520683       -14.569520590903389     
   119.73776248292664       -14.539875991339057     
   119.84536483593074       -14.504401009283230     
   119.95281440632836       -14.463253200348683     
   120.06011066647959       -14.416592449795402     
   120.16725308899967       -14.364580630103895     
   120.27424114676387       -14.307381270345026     
   120.38107431291182       -14.245159237447849     
   120.48775206085206       -14.178080429442195     
   120.59427386426687       -14.106311480702667     
   120.70063919711653       -14.030019479202167     
   120.80684753364403       -13.949371695744045     
   120.91289834837977       -13.864535325130511     
   121.01879111614602       -13.775677239172841     
   121.12452531206151       -13.682963751510083     
   121.23010041154622       -13.586560393979433     
   121.33551589032578       -13.486631704717754     
   121.44077122443623       -13.383341027459995     
   121.54586589022861       -13.276850322243524     
   121.65079936437358       -13.167319987176741     
   121.75557112386613       -13.054908691175767     
   121.86018064603009       -12.939773217511462     
   121.96462740852294       -12.822068317976495     
   122.06891088934039       -12.701946577529693     
   122.17303056682111       -12.579558289234926     
   122.27698591965122       -12.455051339320679     
   122.38077642686923       -12.328571102198230     
   122.48440156787052       -12.200260345261890     
   122.58786082241214       -12.070259143307931     
   122.69115367061748       -11.938704802408710     
   122.79427959298094       -11.805731793090178     
   122.89723807037258       -11.671471692668220     
   123.00002858404304       -11.536053136607169     
   123.10265061562802       -11.399601778795343     
   123.20510364715315       -11.262240260636078     
   123.30738716103865       -11.124088188907448     
   123.40950064010408       -10.985262122340671     
   123.51144356757308       -10.845875566865757     
   123.61321542707817       -10.706038979988877     
   123.71481570266526       -10.565859783588314     
   123.81624387879882       -10.425442386428644     
   123.91749944036613       -10.284888215935595     
   124.01858187268253       -10.144295760081235     
   124.11949066149586       -10.003760619941595     
   124.22022529299126       -9.8633755738717337     
   124.32078525379612       -9.7232306544458922     
   124.42117003098474       -9.5834132397775473     
   124.52137911208301       -9.4440081612692346     
   124.62141198507344       -9.3050978305514640     
   124.72126813839976       -9.1667623892178156     
   124.82094706097176       -9.0290798861706580     
   124.92044824217017       -8.8921264890043172     
   125.01977117185126       -8.7559767381050921     
   125.11891534035198       -8.6207038552863207     
   125.21788023849437       -8.4863801232866969     
   125.31666535759074       -8.3530773589800997     
   125.41527018944819       -8.2208675128151949     
   125.51369422637367       -8.0898234416498340     
   125.61193696117864       -7.9600199248390542     
   125.70999788718399       -7.8315350296011834     
   125.80787649822486       -7.7044519911948788     
   125.90557228865536       -7.5788618746573739     
   126.00308475335366       -7.4548674654431117     
   126.10041338772649       -7.3325891703037014     
   126.19755768771434       -7.2121743757686696     
   126.29451714979595       -7.0938131166079179     
   126.39129127099353       -6.9777661740764323     
   126.48787954887732       -6.8644202237690344     
   126.58428148157057       -6.7544105430517591     
   126.68049656775439       -6.6489511431541137     
   126.77652430667261       -6.5510785071611917     
   126.87236419813664       -6.4789523552544992     
   126.96801574253021       -6.3752867145125531     
   127.06347844081454       -6.2489964614197735     
   127.15875179453289       -6.1244572189440074     
   127.25383530581563       -6.0016769306525868     
   127.34872847738497       -5.8806618393772627     
   127.44343081256009       -5.7614165544809692     
   127.53794181526162       -5.6439441180312535     
   127.63226099001693       -5.5282460698580795     
   127.72638784196468       -5.4143225114332871     
   127.82032187685995       -5.3021721685563223     
   127.91406260107901       -5.1917924528041368     
   128.00760952162415       -5.0831795217178444     
   128.10096214612867       -4.9763283377075673     
   128.19411998286176       -4.8712327256467409     
   128.28708254073331       -4.7678854291387740     
   128.37984932929896       -4.6662781655050738     
   128.47241985876477       -4.5664016791841204     
   128.56479363999227       -4.4682457942081495     
   128.65697018450331       -4.3717994648529306     
   128.74894900448496       -4.2770508251725490     
   128.84072961279443       -4.1839872370935902     
   128.93231152296391       -4.0925953371223143     
   129.02369424920553       -4.0028610816883958     
   129.11487730641613       -3.9147697911115813     
   129.20586021018241       -3.8283061922045976     
   129.29664247678554       -3.7434544595183676     
   129.38722362320624       -3.6601982552392291     
   129.47760316712953       -3.5785207677497364     
   129.56778062695000       -3.4984047488660366     
   129.65775552177604       -3.4198325497673356     
   129.74752737143544       -3.3427861556322127     
   129.83709569647991       -3.2672472189994277     
   129.92646001818994       -3.1931970918740364     
   130.01561985857990       -3.1206168565958246     
   130.10457474040288       -3.0494873554911210     
   130.19332418715538       -2.9797892193349531     
   130.28186772308257       -2.9115028946381503     
   130.37020487318287       -2.8446086697908202     
   130.45833516321301       -2.7790867000819941     
   130.54625811969282       -2.7149170316221154     
   130.63397326991031       -2.6520796241931865     
   130.72148014192629       -2.5905543730535090     
   130.80877826457942       -2.5303211297235886     
   130.89586716749116       -2.4713597217821257     
   130.98274638107054       -2.4136499716687942     
   131.06941543651908       -2.3571717146185960     
   131.15587386583564       -2.3019048155916240     
   131.24212120182145       -2.2478291853851879     
   131.32815697808468       -2.1949247958621396     
   131.41398072904576       -2.1431716943516412     
   131.49959198994188       -2.0925500172464870     
   131.58499029683205       -2.0430400028201610     
   131.67017518660188       -1.9946220032934476     
   131.75514619696861       -1.9472764961743056     
   131.83990286648572       -1.9009840948950432     
   131.92444473454810       -1.8557255587753281     
   132.00877134139665       -1.8114818023304144     
   132.09288222812330       -1.7682339039558181     
   132.17677693667582       -1.7259631140026228     
   132.26045500986265       -1.6846508622751522     
   132.34391599135785       -1.6442787649680173     
   132.42715942570590       -1.6048286310661866     
   132.51018485832637       -1.5662824682305043     
   132.59299183551914       -1.5286224881862629     
   132.67557990446889       -1.4918311116400467     
   132.75794861325011       -1.4558909727396003     
   132.84009751083195       -1.4207849230990255     
   132.92202614708302       -1.3864960354069729     
   133.00373407277607       -1.3530076066368633     
   133.08522083959318       -1.3203031608740214     
   133.16648600013008       -1.2883664517809352     
   133.24752910790150       -1.2571814647131330     
   133.32834971734553       -1.2267324185060795     
   133.40894738382875       -1.1970037669428220     
   133.48932166365086       -1.1679801999270170     
   133.56947211404946       -1.1396466443466677     
   133.64939829320508       -1.1119882647296342     
   133.72909976024570       -1.0849904635435699     
   133.80857607525169       -1.0586388813348049     
   133.88782679926047       -1.0329193965962664     
   133.96685149427148       -1.0078181254234879     
   134.04564972325082      -0.98332142096286090     
   134.12422105013601      -0.95941587266453221     
   134.20256503984083      -0.93608830534925225     
   134.28068125826007      -0.91332577810239568     
   134.35856927227420      -0.89111558300402371     
   134.43622864975413      -0.86944524370580378     
   134.51365895956616      -0.84830251386331101     
   134.59085977157639      -0.82767537543571945     
   134.66783065665584      -0.80755203685854149     
   134.74457118668465      -0.78792093110083439     
   134.82108093455741      -0.76877071361397387     
   134.89735947418748      -0.75009026017994429     
   134.97340638051173      -0.73186866466767542     
   135.04922122949537      -0.71409523670403019     
   135.12480359813665      -0.69675949926703906     
   135.20015306447146      -0.67985118620778129     
   135.27526920757802      -0.66336023970810831     
   135.35015160758161      -0.64727680767996809     
   135.42479984565929      -0.63159124111229381     
   135.49921350404452      -0.61629409137112257     
   135.57339216603162      -0.60137610745913539     
   135.64733541598085      -0.58682823323878508     
   135.72104283932273      -0.57264160462444513     
   135.79451402256271      -0.55880754674865518     
   135.86774855328599      -0.54531757110584411     
   135.94074602016190      -0.53216337267982960     
   136.01350601294871      -0.51933682705610484     
   136.08602812249813      -0.50682998752575892     
   136.15831194076011      -0.49463508218218266     
   136.23035706078701      -0.48274451102333116     
   136.30216307673876      -0.47115084302359228     
   136.37372958388690      -0.45984681326739357     
   136.44505617861958      -0.44882532002844094     
   136.51614245844587      -0.43807942189358984     
   136.58698802200041      -0.42760233488851873     
   136.65759246904798      -0.41738742961765590     
   136.72795540048799      -0.40742822842058946     
   136.79807641835905      -0.39771840254708091     
   136.86795512584342      -0.38825176935148303     
   136.93759112727170      -0.37902228951002537     
   137.00698402812716      -0.37002406426071982     
   137.07613343505034      -0.36125133266877418     
   137.14503895584349      -0.35269846891836071     
   137.21370019947520      -0.34435997963212422     
   137.28211677608451      -0.33623050121895598     
   137.35028829698587      -0.32830479725255779     
   137.41821437467323      -0.32057775588015952     
   137.48589462282462      -0.31304438726270700     
   137.55332865630652      -0.30569982104844884     
   137.62051609117850      -0.29853930387836208     
   137.68745654469731      -0.29155819692631219     
   137.75414963532160      -0.28475197347276832     
   137.82059498271605      -0.27811621651356300     
   137.88679220775606      -0.27164661640335114     
   137.95274093253181      -0.26533896853474886     
   138.01844078035290      -0.25918917105289119     
   138.08389137575259      -0.25319322260571675     
   138.14909234449209      -0.24734722013049329     
   138.21404331356501      -0.24164735667601497     
   138.27874391120170      -0.23608991926119749     
   138.34319376687353      -0.23067128676969093     
   138.40739251129708      -0.22538792788043918     
   138.47133977643870      -0.22023639903452460     
   138.53503519551859      -0.21521334243760229     
   138.59847840301518      -0.21031548409830503     
   138.66166903466925      -0.20553963190228577     
   138.72460672748849      -0.20088267372136648     
   138.78729111975144      -0.19634157555838216     
   138.84972185101185      -0.19191337972649858     
   138.91189856210289      -0.18759520306355501     
   138.97382089514144      -0.18338423517595828     
   139.03548849353211      -0.17927773674272546     
   139.09690100197164      -0.17527303779188275     
   139.15805806645295      -0.17136753608857974     
   139.21895933426927      -0.16755869549966523     
   139.27960445401854      -0.16384404441339459     
   139.33999307560714      -0.16022117418732204     
   139.40012485025443      -0.15668773762846813     
   139.45999943049662      -0.15324144750513774     
   139.51961647019098      -0.14988007508965104     
   139.57897562451993      -0.14660144873230871     
   139.63807654999508      -0.14340345246529709     
   139.69691890446123      -0.14028402463671988     
   139.75550234710076      -0.13724115657414823     
   139.81382653843718      -0.13427289127726610     
   139.87189114033964      -0.13137732213903616     
   139.92969581602654      -0.12855259169526548     
   139.98724023006980      -0.12579689040174516     
   140.04452404839890      -0.12310845543886983     
   140.10154693830464      -0.12048556954301286     
   140.15830856844318      -0.11792655986446174     
   140.21480860884012      -0.11542979685120121     
   140.27104673089428      -0.11299369315830289     
   140.32702260738182      -0.11061670258242105     
   140.38273591245991      -0.10829731902091028     
   140.43818632167088      -0.10603407545512364     
   140.49337351194592      -0.10382554295756072     
   140.54829716160907      -0.10167032972216870     
   140.60295695038099       -9.9567080117731535E-002
   140.65735255938287       -9.7514473763576012E-002
   140.71148367114034       -9.5511224627210303E-002
   140.76534996958711       -9.3556080143839593E-002
   140.81895114006892       -9.1647820356674625E-002
   140.87228686934722       -8.9785257078305161E-002
   140.92535684560315       -8.7967233072092546E-002
   140.97816075844096       -8.6192621253766977E-002
   141.03069829889213       -8.4460323912243160E-002
   141.08296915941887       -8.2769271949730605E-002
   141.13497303391793       -8.1118424140355805E-002
   141.18670961772423       -7.9506766407321516E-002
   141.23817860761466       -7.7933311117671974E-002
   141.28937970181170       -7.6397096394758682E-002
   141.34031259998699       -7.4897185447852968E-002
   141.39097700326525       -7.3432665918427342E-002
   141.44137261422750       -7.2002649242854419E-002
   141.49149913691508       -7.0606270031144280E-002
   141.54135627683300       -6.9242685461383985E-002
   141.59094374095352       -6.7911074689443990E-002
   141.64026123772001       -6.6610638273590983E-002
   141.68930847705005       -6.5340597613899154E-002
   141.73808517033936       -6.4100194405740149E-002
   141.78659103046516       -6.2888690107322759E-002
   141.83482577178961       -6.1705365421986444E-002
   141.88278911016349       -6.0549519788913944E-002
   141.93048076292948       -5.9420470896230294E-002
   141.97790044892568       -5.8317554196979093E-002
   142.02504788848918       -5.7240122443180746E-002
   142.07192280345936       -5.6187545230342570E-002
   142.11852491718133       -5.5159208553886833E-002
   142.16485395450925       -5.4154514377160130E-002
   142.21090964180991       -5.3172880210608689E-002
   142.25669170696582       -5.2213738702019272E-002
   142.30219987937883       -5.1276537237335440E-002
   142.34743388997322       -5.0360737551981477E-002
   142.39239347119920       -4.9465815352335449E-002
   142.43707835703611       -4.8591259947168376E-002
   142.48148828299571       -4.7736573888666138E-002
   142.52562298612543       -4.6901272622979946E-002
   142.56948220501164       -4.6084884149912304E-002
   142.61306567978292       -4.5286948691609617E-002
   142.65637315211316       -4.4507018369964992E-002
   142.69940436522484       -4.3744656892553191E-002
   142.74215906389216       -4.2999439246886116E-002
   142.78463699444427       -4.2270951402707299E-002
   142.82683790476835       -4.1558790022265549E-002
   142.86876154431272       -4.0862562178132757E-002
   142.91040766408995       -4.0181885078671035E-002
   142.95177601668007       -3.9516385800671648E-002
   142.99286635623343       -3.8865701029136966E-002
   143.03367843847394       -3.8229476804020598E-002
   143.07421202070202       -3.7607368273644852E-002
   143.11446686179764       -3.6999039454765695E-002
   143.15444272222325       -3.6404162998966615E-002
   143.19413936402691       -3.5822419965304469E-002
   143.23355655084512       -3.5253499599068074E-002
   143.27269404790579       -3.4697099116371630E-002
   143.31155162203123       -3.4152923494580552E-002
   143.35012904164100       -3.3620685268285801E-002
   143.38842607675483       -3.3100104330753312E-002
   143.42644249899541       -3.2590907740715117E-002
   143.46417808159148       -3.2092829534300822E-002
   143.50163259938029       -3.1605610542013170E-002
   143.53880582881081       -3.1128998210628644E-002
   143.57569754794613       -3.0662746429863941E-002
   143.61230753646669       -3.0206615363678850E-002
   143.64863557567261       -2.9760371286135703E-002
   143.68468144848677       -2.9323786421635592E-002
   143.72044493945722       -2.8896638789472746E-002
   143.75592583476018       -2.8478712052537079E-002
   143.79112392220253       -2.8069795370113771E-002
   143.82603899122455       -2.7669683254615926E-002
   143.86067083290251       -2.7278175432177362E-002
   143.89501923995135       -2.6895076707000653E-002
   143.92908400672735       -2.6520196829363622E-002
   143.96286492923053       -2.6153350367141021E-002
   143.99636180510734       -2.5794356580839773E-002
   144.02957443365324       -2.5443039301954701E-002
   144.06250261581516       -2.5099226814639095E-002
   144.09514615419405       -2.4762751740508137E-002
   144.12750485304730       -2.4433450926629845E-002
   144.15957851829123       -2.4111165336456849E-002
   144.19136695750370       -2.3795739943743236E-002
   144.22286997992626       -2.3487023629322652E-002
   144.25408739646682       -2.3184869080641775E-002
   144.28501901970185       -2.2889132694046705E-002
   144.31566466387883       -2.2599674479689993E-002
   144.34602414491866       -2.2316357968979822E-002
   144.37609728041787       -2.2039050124577957E-002
   144.40588388965088       -2.1767621252801985E-002
   144.43538379357261       -2.1501944918385491E-002
   144.46459681482037       -2.1241897861586059E-002
   144.49352277771627       -2.0987359917475901E-002
   144.52216150826956       -2.0738213937473219E-002
   144.55051283417851       -2.0494345712972230E-002
   144.57857658483297       -2.0255643901024811E-002
   144.60635259131635       -2.0021999952080313E-002
   144.63384068640772       -1.9793308039629129E-002
   144.66104070458405       -1.9569464991807992E-002
   144.68795248202227       -1.9350370224847140E-002
   144.71457585660133       -1.9135925678233884E-002
   144.74091066790413       -1.8926035753448270E-002
   144.76695675721993       -1.8720607244975804E-002
   144.79271396754604       -1.8519549295284255E-002
   144.81818214358989       -1.8322773322830031E-002
   144.84336113177116       -1.8130192972368529E-002
   144.86825078022341       -1.7941724058775272E-002
   144.89285093879641       -1.7757284513694162E-002
   144.91716145905781       -1.7576794333586693E-002
   144.94118219429504       -1.7400175529226600E-002
   144.96491299951722       -1.7227352076588778E-002
   144.98835373145715       -1.7058249869053094E-002
   145.01150424857281       -1.6892796670934778E-002
   145.03436441104952       -1.6730922072300296E-002
   145.05693408080151       -1.6572557444995049E-002
   145.07921312147374       -1.6417635899904959E-002
   145.10120139844361       -1.6266092245382575E-002
   145.12289877882279       -1.6117862946831221E-002
   145.14430513145876       -1.5972886087385785E-002
   145.16542032693667       -1.5831101329697311E-002
   145.18624423758075       -1.5692449878769377E-002
   145.20677673745632       -1.5556874445843652E-002
   145.22701770237089       -1.5424319213251237E-002
   145.24696700987622       -1.5294729800277946E-002
   145.26662453926966       -1.5168053229980240E-002
   145.28599017159573       -1.5044237896907620E-002
   145.30506378964762       -1.4923233535754378E-002
   145.32384527796879       -1.4804991190883791E-002
   145.34233452285434       -1.4689463186711636E-002
   145.36053141235249       -1.4576603098932531E-002
   145.37843583626608       -1.4466365726554234E-002
   145.39604768615385       -1.4358707064742945E-002
   145.41336685533216       -1.4253584278431404E-002
   145.43039323887569       -1.4150955676696799E-002
   145.44712673361968       -1.4050780687861465E-002
   145.46356723816055       -1.3953019835329292E-002
   145.47971465285744       -1.3857634714114575E-002
   145.49556887983360       -1.3764587968065154E-002
   145.51112982297741       -1.3673843267744044E-002
   145.52639738794389       -1.3585365288973496E-002
   145.54137148215563       -1.3499119692008305E-002
   145.55605201480421       -1.3415073101337894E-002
   145.57043889685127       -1.3333193086088645E-002
   145.58453204102966       -1.3253448141020386E-002
   145.59833136184452       -1.3175807668109501E-002
   145.61183677557449       -1.3100241958693215E-002
   145.62504820027263       -1.3026722176157423E-002
   145.63796555576775       -1.2955220339181919E-002
   145.65058876366498       -1.2885709305500570E-002
   145.66291774734725       -1.2818162756172523E-002
   145.67495243197610       -1.2752555180391865E-002
   145.68669274449255       -1.2688861860741750E-002
   145.69813861361808       -1.2627058858969266E-002
   145.70928996985566       -1.2567123002221618E-002
   145.72014674549058       -1.2509031869742265E-002
   145.73070887459119       -1.2452763780016942E-002
   145.74097629301005       -1.2398297778384410E-002
   145.75094893838437       -1.2345613625054951E-002
   145.76062675013713       -1.2294691783577436E-002
   145.77000966947776       -1.2245513409709908E-002
   145.77909763940266       -1.2198060340710117E-002
   145.78789060469651       -1.2152315085027742E-002
   145.79638851193232       -1.2108260812386782E-002
   145.80459130947239       -1.2065881344257103E-002
   145.81249894746907       -1.2025161144715088E-002
   145.82011137786535       -1.1986085311676621E-002
   145.82742855439520       -1.1948639568481349E-002
   145.83445043258450       -1.1912810255871245E-002
   145.84117696975127       -1.1878584324299554E-002
   145.84760812500645       -1.1845949326604356E-002
   145.85374385925408       -1.1814893411024449E-002
   145.85958413519199       -1.1785405314554570E-002
   145.86512891731201       -1.1757474356648241E-002
   145.87037817190006       -1.1731090433229736E-002
   145.87533186703686       -1.1706244011067362E-002
   145.87998997259731       -1.1682926122435636E-002
   145.88435246025088       -1.1661128360129268E-002
   145.88841930346075       -1.1640842872771609E-002
   145.89219047748270       -1.1622062360458112E-002
   145.89566595936350       -1.1604780070697096E-002
   145.89884572793670       -1.1588989794674182E-002
   145.90172976381629       -1.1574685863841486E-002
   145.90431804938333       -1.1561863146831599E-002
   145.90661056875908       -1.1550517046741024E-002
   145.90860730774608       -1.1540643498865832E-002
   145.91030825368529       -1.1532238969164140E-002
   145.91171339505826       -1.1525300454247893E-002
   145.91282272015397       -1.1519825486285761E-002
   145.91363621112308       -1.1515812160954063E-002
   145.91415380012495       -1.1513259352600461E-002

