 # Molecular potential
 # R (nm)   Energy shift (MHz)
   1.7038258482756936E-004   0.0000000000000000     
   5.7117441210090909E-004   0.0000000000000000     
   1.2010986030487115E-003   0.0000000000000000     
   2.0601059782584591E-003   0.0000000000000000     
   3.1481872876549010E-003   0.0000000000000000     
   4.4653392533315194E-003   0.0000000000000000     
   6.0115599652261036E-003   0.0000000000000000     
   7.7868478487012676E-003   0.0000000000000000     
   9.7912013565272567E-003   0.0000000000000000     
   1.2024618857953291E-002   0.0000000000000000     
   1.4487098592844560E-002   0.0000000000000000     
   1.7178638650777095E-002   0.0000000000000000     
   2.0099236960564388E-002   0.0000000000000000     
   2.3248891284788364E-002   0.0000000000000000     
   2.6627599216616751E-002   0.0000000000000000     
   3.0235358178053902E-002   0.0000000000000000     
   3.4072165418746948E-002   0.0000000000000000     
   3.8138018015263668E-002   0.0000000000000000     
   4.2432912870641382E-002   0.0000000000000000     
   4.6956846713980989E-002   0.0000000000000000     
   5.1709816100253561E-002   0.0000000000000000     
   5.6691817410068499E-002   0.0000000000000000     
   6.1902846849503583E-002   0.0000000000000000     
   6.7342900450030385E-002   0.0000000000000000     
   7.3011974068334581E-002   0.0000000000000000     
   7.8910063386256377E-002   0.0000000000000000     
   8.5037163910659408E-002   0.0000000000000000     
   9.1393270973353063E-002   0.0000000000000000     
   9.7978379731018153E-002   0.0000000000000000     
  0.10479248516505250        0.0000000000000000     
  0.11183558208156193        0.0000000000000000     
  0.11910766511120438        0.0000000000000000     
  0.12660872870912060        0.0000000000000000     
  0.13433876715484380        0.0000000000000000     
  0.14229777455218690        0.0000000000000000     
  0.15048574482916724        0.0000000000000000     
  0.15890267173786732        0.0000000000000000     
  0.16754854885436632        0.0000000000000000     
  0.17642336957862428        0.0000000000000000     
  0.18552712713436187        0.0000000000000000     
  0.19485981456895157        0.0000000000000000     
  0.20442142475332897        0.0000000000000000     
  0.21421195038182425        0.0000000000000000     
  0.22423138397210518        0.0000000000000000     
  0.23447971786500685        0.0000000000000000     
  0.24495694422441508        0.0000000000000000     
  0.25566305503716941        0.0000000000000000     
  0.26659804211288651        0.0000000000000000     
  0.27776189708386179        0.0000000000000000     
  0.28915461140492449        0.0000000000000000     
  0.30077617635328785        0.0000000000000000     
  0.31262658302841895        0.0000000000000000     
  0.32470582235187923        0.0000000000000000     
  0.33701388506720958        0.0000000000000000     
  0.34955076173974409        0.0000000000000000     
  0.36231644275646019        0.0000000000000000     
  0.37531091832585767        0.0000000000000000     
  0.38853417847775706        0.0000000000000000     
  0.40198621306316901        0.0000000000000000     
  0.41566701175410764        0.0000000000000000     
  0.42957656404343314        0.0000000000000000     
  0.44371485924468890        0.0000000000000000     
  0.45808188649191767        0.0000000000000000     
  0.47267763473948832        0.0000000000000000     
  0.48750209276191886        0.0000000000000000     
  0.50255524915369376        0.0000000000000000     
  0.51783709232907671        0.0000000000000000     
  0.53334761052193469        0.0000000000000000     
  0.54908679178553277        0.0000000000000000     
  0.56505462399234785        0.0000000000000000     
  0.58125109483387893        0.0000000000000000     
  0.59767619182043463        0.0000000000000000     
  0.61432990228095785        0.0000000000000000     
  0.63121221336277844        0.0000000000000000     
  0.64832311203144544        0.0000000000000000     
  0.66566258507050269        0.0000000000000000     
  0.68323061908127725        0.0000000000000000     
  0.70102720048266309        0.0000000000000000     
  0.71905231551089854        0.0000000000000000     
  0.73730595021934930        0.0000000000000000     
  0.75578809047828333        0.0000000000000000     
  0.77449872197464442        0.0000000000000000     
  0.79343783021182690        0.0000000000000000     
  0.81260540050943697        0.0000000000000000     
  0.83200141800305027        0.0000000000000000     
  0.85162586764399739        0.0000000000000000     
  0.87147873419907695        0.0000000000000000     
  0.89156000225038268        0.0000000000000000     
  0.91186965619498039        0.0000000000000000     
  0.93240768024470866        0.0000000000000000     
  0.95317405842590519        0.0000000000000000     
  0.97416877457917150        0.0000000000000000     
  0.99539181235906504        0.0000000000000000     
   4.5354358695536137        465.33237221905398     
   4.5809539718780226        443.40657560053631     
   4.6266974628869830        444.29031224703624     
   4.6726663037807645        465.30746842814290     
   5.4885764024782180        465.55193810931030     
   5.5385946395039465        402.46727232746525     
   5.5888374445159990        347.94281580431948     
   5.6393047739671207        304.25681058843912     
   5.6899965840662929        273.22718903020439     
   5.7409128307780986        255.49330926303480     
   5.7920534698220978        250.88141468218635     
   5.8434184566721727        258.33015507861779     
   5.8950077465559092        276.12773087100663     
   5.9468212944539589        301.89416972617727     
   5.9988590550993841        333.14085721012475     
   6.0511209829770003        366.90755557353879     
   6.1036070323227776        400.61340812386999     
   6.1563171571231070        431.52569866601999     
   6.2092513111142367        457.45848363057138     
   6.2624094477815389        476.52916293347494     
   6.3157915203589079        487.28276907481472     
   6.3693974818280505        489.03348330485494     
   6.4232272849178464        481.29310162330148     
   6.4772808821036811        464.65825314350218     
   6.5315582256067541        439.70663467007637     
   6.5860592673934368        408.15360076892927     
   6.6407839591745619        371.50529334938381     
   6.6957322524047607        332.17468600329141     
   6.7509040982817918        292.16867380073552     
   6.8062994477458272        253.97141673329645     
   6.8619182514787997        219.46799571381851     
   6.9177604599036675        190.55537679820685     
   6.9738260231837721        168.41543145845671     
   7.0301148912220892        153.90525989234564     
   7.0866270136605820        147.20368122795867     
   7.1433623398794674        148.03628211990380     
   7.2003208189965076        155.64871555227683     
   7.2575023998663148        168.87636589863268     
   7.3149070310796489        186.36845103602039     
   7.3725346609626952        206.47509663020506     
   7.4303852375763366        227.66428537580632     
   7.4884587087154486        248.19884462636145     
   7.5467550219081847        266.72589132500764     
   7.6052741244152404        281.74277953321882     
   7.6640159632291294        292.35170801015977     
   7.7229804850734665        297.54511556429503     
   7.7821676364021926        297.08200251546879     
   7.8415773633989012        290.65269988610100     
   7.9012096119760624        278.76570290666984     
   7.9610643277742721        261.88713010671790     
   8.0211414561615619        241.17833603630115     
   8.0814409422325841        217.74419847093500     
   8.1419627308079061        193.08124775606183     
   8.2027067664332716        168.57734691751273     
   8.2636729933787798        145.62637379296783     
   8.3248613556382107        125.45489674035265     
   8.3862717969282201        108.99049510078295     
   8.4479042606875581        96.952258846995520     
   8.5097586900763620        89.654410225197708     
   8.5718350279753395        87.174885894819511     
   8.6341332169850240        89.269384185933376     
   8.6966531994249703        95.443666902009539     
   8.7593949173330241        105.02705471752823     
   8.8223583124644982        117.14478566741680     
   8.8855433262914350        130.82182595378899     
   8.9489499000017663        145.04281413335255     
   9.0125779744985834        158.67617720681423     
   9.0764274903993059        170.80555075576748     
   9.1404983880349100        180.40144687462515     
   9.2047906074491319        186.84341389865506     
   9.2693040883976554        189.54527448738219     
   9.3340387703473358        188.29984382793518     
   9.3989945924753702        183.19300526984782     
   9.4641714936684931        174.45820446222089     
   9.5295694125221946        162.77679058008104     
   9.5951882873398908        148.76762739427144     
   9.6610280561320980        133.36763309975316     
   9.7270886566156296        117.43540379676206     
   9.7933700262127825        101.82632444172572     
   9.8598721020504936        87.403849255473673     
   9.9265948209595418        74.802890615484870     
   9.9935381194736763        64.649143557885296     
   10.060701933828858        57.336035625093416     
   10.128086199962347        53.123357463839888     
   10.195690853511904        52.092463252425595     
   10.263515829814983        54.131075193771089     
   10.331561063907817        58.932479746695194     
   10.399826490524635        66.029316132584171     
   10.468312044096784        74.809311083676334     
   10.537017658751894        84.514181523386000     
   10.605943268313036        94.427929811333257     
   10.675088806297815        103.74938106237680     
   10.744454205917593        111.81314533925892     
   10.814039400076542        118.09641985638520     
   10.883844321370864        122.11955358320949     
   10.953868902087867        123.71166892342892     
   11.024113074205111        122.75593929341346     
   11.094576769389541        119.29275620365135     
   11.165259918996638        113.59005369513461     
   11.236162454069479        105.88976823801296     
   11.307284305337937        96.640284252301555     
   11.378625403217752        86.359921753955049     
   11.450185677809619        75.553403769759228     
   11.521965058898392        64.867072089185058     
   11.593963475952100        54.874261363796450     
   11.666180858121106        46.105649605133713     
   11.738617134237202        39.053384532556848     
   11.811272232812717        34.031331994084752     
   11.884146082039607        31.232681549097382     
   11.957238609788542        30.692721674402399     
   12.030549743608029        32.293209100326273     
   12.104079410723479        35.792766290335237     
   12.177827538036317        40.838670571013132     
   12.251794052123051        47.039370623849777     
   12.325978879234361        53.922537684067393     
   12.400381945294185        61.001287959325488     
   12.475003175898813        67.828531951948122     
   12.549842496315907        73.907484667613247     
   12.624899831483653        78.818258437805724     
   12.700175106009761        82.243915301262788     
   12.775668244170591        83.882970895543949     
   12.851379169910180        83.609760123344273     
   12.927307806839318        81.454735008088193     
   13.003454078234599        77.504866936208074     
   13.079817907037508        72.029019636674846     
   13.156399215853451        65.400783192049957     
   13.233197926950803        57.986458083372995     
   13.310213962259970        50.231081404693100     
   13.387447243372458        42.581337744950197     
   13.464897691539875        35.407834149217244     
   13.542565227672995        29.076850545205129     
   13.620449772340802        23.904422321179641     
   13.698551245769517        20.113354562002559     
   13.776869567841647        17.869959092716936     
   13.855404658095010        17.249214161106423     
   13.934156435721748        18.219733683744099     
   14.013124819567388        20.654733411779432     
   14.092309728129829        24.318195568734996     
   14.171711079558403        28.908227915670953     
   14.251328791652861        34.078121423127122     
   14.331162781862407        39.433102805668675     
   14.411212967284701        44.609026383882174     
   14.491479264664891        49.290487997643574     
   14.571961590394615        53.167949383215188     
   14.652659860510974        56.001581750461732     
   14.733573990695588        57.643874512187956     
   14.814703896273580        57.969294624130903     
   14.896049492212555        56.918469323832646     
   14.977610693121610        54.553892038652272     
   15.059387413250350        50.994189140715342     
   15.141379566487830        46.414627964093590     
   15.223587066361603        41.100222287911052     
   15.306009826036655        35.382462733458965     
   15.388647758314425        29.582118081426973     
   15.471500775631764        24.033146223152059     
   15.554568790059927        19.050476324949411     
   15.637851713303556        14.876071311982944     
   15.721349456699636        11.695706389879062     
   15.805061931216471        9.6461881114632835     
   15.888989047452661        8.7926789980153774     
   15.973130715636071        9.1367495360376445     
   16.057486845622776        10.619644374149823     
   16.142057346896053        13.109112922224954     
   16.226842128565316        16.414984571353653     
   16.311841099365086        20.299963189983018     
   16.397054167653938        24.475568936747443     
   16.482481241413456        28.641829423488073     
   16.568122228247169        32.530445071404571     
   16.653977035379548        35.894785677094283     
   16.740045569654878        38.518040175126266     
   16.826327737536253        40.256874117550005     
   16.912823445104500        41.030918997304489     
   16.999532598057115        40.785190306141196     
   17.086455101707212        39.513748211195427     
   17.173590860982415        37.287972432910081     
   17.260939780423847        34.226611650915942     
   17.348501764185013        30.481209626977058     
   17.436276716030751        26.263534155540128     
   17.524264539336123        21.833768753261705     
   17.612465137085401        17.450238011110709     
   17.700878411870882        13.353166439162212     
   17.789504265891917        9.7667955372688517     
   17.878342600953747        6.8751561854909449     
   17.967393318466453        4.8036174634125182     
   18.056656319443828        3.6297117030109378     
   18.146131504502343        3.3878683265991998     
   18.235818773859979        4.0607665266341737     
   18.325718027335192        5.5821417241351092     
   18.415829164345759        7.8406843887604873     
   18.506152083907743        10.673530137816988     
   18.596686684634310        13.875898274880408     
   18.687432864734685        17.229448506526413     
   18.778390522012984        20.515707795711386     
   18.869559553867166        23.519849498284135     
   18.960939857287880        26.054790787911124     
   19.052531328857352        27.984096610834023     
   19.144333864748262        29.210419425008844     
   19.236347360722643        29.658999737629859     
   19.328571712130749        29.292205105753506     
   19.421006813909894        28.126856993444516     
   19.513652560583402        26.223518248581623     
   19.606508846259395        23.675573212220069     
   19.699575564629704        20.621130219024685     
   19.792852608968744        17.245965624158092     
   19.886339872132339        13.755462835854216     
   19.980037246556599        10.346034707065854     
   20.073944624256807        7.1992574428967986     
   20.168061896826234        4.4789808144096019     
   20.262388955435007        2.3178825961485003     
   20.356925690828966       0.81028700750637128     
   20.451671993328524        1.7344672436795529E-002
   20.546627752827487       -3.2913877314083365E-002
   20.641792858791916       0.64517951334181323     
   20.737167200258984        1.9918025584669405     
   20.832750665835764        3.9074025462848891     
   20.928543143698157        6.2570349311943669     
   21.024544521589636        8.8770916093463317     
   21.120754686820124        11.594312026628101     
   21.217173526264851        14.245946878837058     
   21.313800926363122        16.683479084632509     
   21.410636773117201        18.767754948112739     
   21.507680952091111        20.375001720635375     
   21.604933348409443        21.410185415415214     
   21.702393846756227        21.810500615688600     
   21.800062331373699        21.542140030842809     
   21.897938686061135        20.607426758557946     
   21.996022794173690        19.058735296342331     
   22.094314538621166        16.997342855004820     
   22.192813801866890        14.553355345571019     
   22.291520465926428        11.867046533500405     
   22.390434412366485        9.0835468752078441     
   22.489555522303661        6.3504525153071150     
   22.588883676403249        3.8089159750992749     
   22.688418754878061        1.5850612079900717     
   22.788160637487227      -0.21150485144677847     
   22.888109203534942       -1.4892567021695216     
   22.988264331869335       -2.1841475384681623     
   23.088625900881215       -2.2705375371224106     
   23.189193788502866       -1.7632507601121412     
   23.289967872206827      -0.71186321257883789     
   23.390948029004711       0.80528100846479089     
   23.492134135445969        2.6866661959097344     
   23.593526067616668        4.8161190752641216     
   23.695123701138279        7.0708942561484882     
   23.796926911166455        9.3232517436959679     
   23.898935572389789        11.439147041711914     
   24.001149559028622        13.284822041096499     
   24.103568744833812        14.743149623063369     
   24.206193003085460        15.728374573219428     
   24.309022206591745        16.189858870481977     
   24.412056227687611        16.108814283757663     
   24.515294938233620        15.496489463372624     
   24.618738209614659        14.393580433854163     
   24.722385912738712        12.865168766319464     
   24.826237918035602        10.992233216686579     
   24.930294095455807        8.8675693353890708     
   25.034554314469137        6.5983923806066160     
   25.139018444063556        4.3074107077085610     
   25.243686352743890        2.1243221958600480     
   25.348557908530594       0.17067202000231244     
   25.453632978958488       -1.4521766690611315     
   25.558911431075533       -2.6673942351394029     
   25.664393131441528       -3.4228741779076111     
   25.770077946126911       -3.6913832927173815     
   25.875965740711436       -3.4705551338211351     
   25.982056380282948       -2.7817852774872964     
   26.088349729436143       -1.6697309267663472     
   26.194845652271244      -0.20360166830752607     
   26.301544012392775        1.5232019567905799     
   26.408444672908313        3.4000526747574824     
   26.515547496427132        5.3118761747351995     
   26.622852345059041        7.1505116232026182     
   26.730359080413038        8.8189187201156862     
   26.838067563596049        10.230239071511434     
   26.945977655211657        11.308031402723350     
   27.054089215358839        11.990538996148087     
   27.162402103630654        12.236365120199681     
   27.270916179112994        12.028325172028620     
   27.379631300383256        11.375517775830032     
   27.488547325509110        10.314739843883894     
   27.597664112047159        8.9096698687407194     
   27.706981517041722        7.2448440682447188     
   27.816499397023438        5.4150848099508746     
   27.926217608008105        3.5158801917800426     
   28.036136005495251        1.6397218009759786     
   28.146254444466937      -0.12264285416712357     
   28.256572779386431       -1.6820297093963006     
   28.367090864196896       -2.9561065719981632     
   28.477808552320088       -3.8784665228033135     
   28.588725696655111       -4.4059960492791923     
   28.699842149577009       -4.5210242794238793     
   28.811157762935565       -4.2292684725561660     
   28.922672388053940       -3.5566172042146329     
   29.034385875727370       -2.5464871270948635     
   29.146298076221882       -1.2577573978521808     
   29.258408839272946       0.23700479459921844     
   29.370718014084193        1.8532642784125952     
   29.483225449326074        3.4973512333112278     
   29.595930993134587        5.0723142501513969     
   29.708834493109912        6.4870650230818896     
   29.821935796315142        7.6656167936485060     
   29.935234749274890        8.5516615056601477     
   30.048731197974071        9.1067460556194799     
   30.162424987856497        9.3056052464840331     
   30.276315963823560        9.1345195271974031     
   30.390403970232967        8.5953402761921147     
   30.504688850897342        7.7119858288079994     
   30.619170449082933        6.5332671241029541     
   30.733848607508296        5.1285825904097786     
   30.848723168342939        3.5786090027317381     
   30.963793973205981        1.9663137981288299     
   31.079060863164866       0.37200773624025352     
   31.194523678733979       -1.1278963833323090     
   31.310182259873315       -2.4613400998377704     
   31.426036445987194       -3.5627574443011611     
   31.542086075922853       -4.3772258999966231     
   31.658330987969162       -4.8652717496416251     
   31.774771019855237       -5.0065988751055137     
   31.891406008749122       -4.8015078949658783     
   32.008235791256453       -4.2695872165063040     
   32.125260203419096       -3.4463056547255038     
   32.242479080713821       -2.3791787564166875     
   32.359892258050913       -1.1253540766923749     
   32.477499569772903       0.24892030077679747     
   32.595300849653086        1.6687068583454188     
   32.713295930894340        3.0534997276676621     
   32.831484646127642        4.3242652927234770     
   32.949866827410766        5.4121632447002677     
   33.068442306226906        6.2645152361574219     
   33.187210913483383        6.8451309635644053     
   33.306172479510202        7.1304266149273881     
   33.425326834058751        7.1060686981072259     
   33.544673806300409        6.7681038720842785     
   33.664213224825247        6.1282269547310051     
   33.783944917640589        5.2186348509492886     
   33.903868712169704        4.0915373330885609     
   34.023984435250405        2.8123581005689466     
   34.144291913133735        1.4505005867165393     
   34.264790971482554        7.2962794591183974E-002
   34.385481435370210       -1.2569461037030945     
   34.506363129279144       -2.4780253695126628     
   34.627435877099543       -3.5310434098683880     
   34.748699502127955       -4.3625092337764597     
   34.870153827065941       -4.9309309244958124     
   34.991798674018675       -5.2116955591171958     
   35.113633864493600       -5.1978178865313609     
   35.235659219399054       -4.8972154498376934     
   35.357874559042877       -4.3295939496443712     
   35.480279703131060       -3.5254375652445069     
   35.602874470766345       -2.5268744768148697     
   35.725658680446870       -1.3879165435253291     
   35.848632150064809      -0.17171783933643181     
   35.971794696904965        1.0551333381533448     
   36.095146137643361        2.2288230873168673     
   36.218686288345964        3.2922189544163918     
   36.342414964467217        4.1956746425403999     
   36.466331980848665        4.8964060576060655     
   36.590437151717616        5.3589531848276533     
   36.714730290685750        5.5579015507514686     
   36.839211210747713        5.4817594146244071     
   36.963879724279735        5.1355620520662573     
   37.088735643038284        4.5404305864218690     
   37.213778778158641        3.7303233278108379     
   37.339008940153541        2.7478872484055534     
   37.464425938911752        1.6413784931972288     
   37.590029583696747       0.46323796304473758     
   37.715819683145298      -0.73065536686481025     
   37.841796045266022       -1.8825570489924188     
   37.967958477438081       -2.9359789109299701     
   38.094306786409796       -3.8397526737917724     
   38.220840778297152       -4.5516502447871288     
   38.347560258582533       -5.0404989465762373     
   38.474465032113265       -5.2867603806119874     
   38.601554903100237       -5.2823761443575572     
   38.728829675116529       -5.0307118686084484     
   38.856289151095986       -4.5467691441660278     
   38.983933133331874       -3.8571193729838740     
   39.111761423475450       -2.9988424854846425     
   39.239773822534552       -2.0172323781763564     
   39.367970130872308      -0.96273324538715321     
   39.496350148205607       0.11207981919918629     
   39.624913673603778        1.1549122784626409     
   39.753660505487240        2.1155845255025434     
   39.882590441625986        2.9477610550658140     
   40.011703279138324        3.6110060243384829     
   40.140998814489379        4.0731463523572318     
   40.270476843489760        4.3124400385964385     
   40.400137161294111        4.3189091850797778     
   40.529979562399809        4.0945009282000457     
   40.660003840645452        3.6522455734577508     
   40.790209789209548        3.0149197503116039     
   40.920597200609102        2.2136814393382158     
   41.051165866698156        1.2868073776791991     
   41.181915578666512       0.27831494009229418     
   41.312846127038242      -0.76385242020747401     
   41.443957301670331       -1.7902003678885210     
   41.575248891751251       -2.7524124510297390     
   41.706720685799603       -3.6060057214815515     
   41.838372471662694       -4.3125216482039015     
   41.970204036515177       -4.8410987659318927     
   42.102215166857604       -5.1695274582874617     
   42.234405648515029       -5.2849858868175144     
   42.366775266635678       -5.1845621867710481     
   42.499323805689507       -4.8754863076160957     
   42.632051049466789       -4.3748806198272288     
   42.764956781076755       -3.7088826922841776     
   42.898040782946168       -2.9111644640931651     
   43.031302836817993       -2.0210475474021066     
   43.164742723749860       -1.0814779627844309     
   43.298360224112848      -0.13704695136330794     
   43.432155117589943       0.76790062144298799     
   43.566127183174721        1.5911309871315291     
   43.700276199169949        2.2944095842418601     
   43.834601943186144        2.8453555941831343     
   43.969104192140229        3.2190858757486858     
   44.103782722254131        3.3994285489492366     
   44.238637309053338        3.3795556863657326     
   44.373667727365593        3.1620243190254329     
   44.508873751319420        2.7583404443144812     
   44.644255154342765        2.1882031481803463     
   44.779811709161613        1.4785359796226760     
   44.915543187798583       0.66232050176499668     
   45.051449361571528      -0.22281603364698474     
   45.187530001092178       -1.1362955120328366     
   45.323784876264710       -2.0365246154153693     
   45.460213756284368       -2.8829356844660805     
   45.596816409636112       -3.6379463441009343     
   45.733592604093154       -4.2686722439195330     
   45.870542106715661       -4.7483023773963078     
   46.007664683849271       -5.0571282525046630     
   46.144960101123786       -5.1832616956624307     
   46.282428123451766       -5.1230664427506021     
   46.420068515027069       -4.8812868198429253     
   46.557881039323597       -4.4708223720957347     
   46.695865459093817       -3.9121018175415738     
   46.834021536367388       -3.2320572342293081     
   46.972349032449813       -2.4627656801175295     
   47.110847707921003       -1.6398749672987232     
   47.249517322633963      -0.80093918306330980     
   47.388357635713376        1.6240603961210739E-002
   47.527368405554185       0.77522021783088813     
   47.666549389820283        1.4424410996740586     
   47.805900345443099        1.9886629449672721     
   47.945421028620210        2.3902513572574646     
   48.085111194813997        2.6302393104541215     
   48.224970598750225        2.6990698541944504     
   48.364998994416730        2.5949499031058698     
   48.505196135061993        2.3237942356288173     
   48.645561773193762        1.8987932359932063     
   48.786095660577729        1.3396740744356124     
   48.926797548236109       0.67173120855511625     
   49.067667186446336       -7.5316312547667671E-002
   49.208704324739578      -0.86860843301234936     
   49.349908711899523       -1.6735491277194299     
   49.491280095960867       -2.4553045138445291     
   49.632818224208059       -3.1803395492411872     
   49.774522843173855       -3.8179107801007230     
   49.916393698638025       -4.3414191992728224     
   50.058430535625938       -4.7295371259558188     
   50.200633098407209       -4.9670524667516638     
   50.343001130494393       -5.0454097277712791     
   50.485534374641524       -4.9629550749237756     
   50.628232572842897       -4.7249042572178199     
   50.771095466331595       -4.3430489873125939     
   50.914122795578123       -3.8352090217700670     
   51.057314300289228       -3.2244351069830870     
   51.200669719406307       -2.5379788104541698     
   51.344188791104258       -1.8060674344504231     
   51.487871252790022       -1.0605470406530779     
   51.631716841101273      -0.33347334304301568     
   51.775725291905047       0.34426814006568962     
   51.919896340296461       0.94424446708845500     
   52.064229720597268        1.4416130187065102     
   52.208725166354625        1.8160867431970165     
   52.353382410339663        2.0527094698826498     
   52.498201184546225        2.1424241327457225     
   52.643181220189490        2.0824115472960183     
   52.788322247704627        1.8761744559866464     
   52.933623996745474        1.5333474199271302     
   53.079086196183248        1.0692296575831159     
   53.224708574105151       0.50406142737921489     
   53.370490857813067      -0.13791228270678943     
   53.516432773822288      -0.82953142143921499     
   53.662534047860113       -1.5419003714276909     
   53.808794404864557       -2.2455997818754043     
   53.955213568983027       -2.9118843832827599     
   54.101791263571023       -3.5138304478062237     
   54.248527211190805       -4.0274011583047704     
   54.395421133610093       -4.4323968310861481     
   54.542472751800737       -4.7132528726329035     
   54.689681785937417       -4.8596465080184519     
   54.837047955396315       -4.8668778465679434     
   54.984570978753844       -4.7360030077785700     
   55.132250573785342       -4.4737146131304399     
   55.280086457463717       -4.0919834176404573     
   55.428078345958205       -3.6074894870955401     
   55.576225954633095       -3.0408793202058715     
   55.724528998046317       -2.4158868140288252     
   55.872987189948283       -1.7583536573400214     
   56.021600243280503       -1.0951822866579695     
   56.170367870174346      -0.45325478081124648     
   56.319289781949756       0.14164532425311921     
   56.468365689113917       0.66586603349357032     
   56.617595301360026        1.0988286136818197     
   56.766978327566001        1.4238326386323852     
   56.916514475793186        1.6286856746471052     
   57.066203453285098        1.7061309212758198     
   57.216044966466121        1.6540607541319490     
   57.366038720940303        1.4755179768790443     
   57.516184421490024        1.1784969402967460     
   57.666481772074782       0.77556248004837913     
   57.816930475829807       0.28330672269905977     
   57.967530235065063      -0.27833562793793909     
   58.118280751263697      -0.88689153206333937     
   58.269181725080955       -1.5182477428708576     
   58.420232856342942       -2.1476113471087097     
   58.571433844045295       -2.7504947520283896     
   58.722784386351918       -3.3036823023868700     
   58.874284180593868       -3.7861345427782624     
   59.025932923267980       -4.1797895943379180     
   59.177730310035756       -4.4702286659741652     
   59.329676035722002       -4.6471826402357141     
   59.481769794313657       -4.7048667625968461     
   59.634011278958603       -4.6421389043337786     
   59.786400181964410       -4.4624828527500506     
   59.938936194797044       -4.1738219578716134     
   60.091619008079753       -3.7881714127274004     
   60.244448311591810       -3.3211408418074750     
   60.397423794267326       -2.7913036298874694     
   60.550545144193912       -2.2194555515508485     
   60.703812048611688       -1.6277918778833060     
   60.857224193911918       -1.0390377446915993     
   61.010781265635835      -0.47556976674615931     
   61.164482948473477        4.1433215855284249E-002
   61.318328926262488       0.49277571304047690     
   61.472318881986936       0.86193863956826045     
   61.626452497776057        1.1356577074385450     
   61.780729454903216        1.3043713811123934     
   61.935149433784524        1.3625278163224694     
   62.089712113977825        1.3087441081639797     
   62.244417174181528        1.1458143202530926     
   62.399264292233248       0.88056602499322367     
   62.554253145108888       0.52356924386074066     
   62.709383408921255        8.8707077727402148E-002
   62.864654758919116      -0.40737632069699031     
   63.020066869485809      -0.94592828734869328     
   63.175619414138325       -1.5068130287088832     
   63.331312065525935       -2.0692785989039169     
   63.487144495429249       -2.6127331503938716     
   63.643116374758911       -3.1174995123715044     
   63.799227373554572       -3.5655203936134439     
   63.955477160983698       -3.9409907334881211     
   64.111865405340481       -4.2308980714331756     
   64.268391774044630       -4.4254556997892847     
   64.425055933640394       -4.5184166687216187     
   64.581857549795288       -4.5072596916003809     
   64.738796287299081       -4.3932411485738054     
   64.895871810062658       -4.1813111824746638     
   65.053083781116882       -3.8798965563391352     
   65.210431862611571       -3.5005583569468630     
   65.367915715814277       -3.0575382877993258     
   65.525535001109347       -2.5672124916923833     
   65.683289377996687       -2.0474758763328187     
   65.841178505090767       -1.5170823049539586     
   65.999202040119499      -0.99496662408130698     
   66.157359639923200      -0.49957355770756318     
   66.315650960453453       -4.8216480772450880E-002
   66.474075656772129       0.34351345004477363     
   66.632633383050219       0.66226992889967973     
   66.791323792566885       0.89739045759099345     
   66.950146537708306        1.0412385082036411     
   67.109101269966658        1.0894382169679009     
   67.268187639939129        1.0409938170235389     
   67.427405297326786       0.89828957790251740     
   67.586753890933593       0.66697030152683023     
   67.746233068665347       0.35570722774178498     
   67.905842477528694       -2.4140883970513730E-002
   68.065581763630092      -0.45895722261042443     
   68.225450572174694      -0.93336905355416377     
   68.385448547465529       -1.4308022199554746     
   68.545575332902317       -1.9340666545240319     
   68.705830570980538       -2.4259516502367253     
   68.866213903290429       -2.8898106426008781     
   69.026724970516000       -3.3101167965566169     
   69.187363412433996       -3.6729724616558133     
   69.348128867912990       -3.9665573835452039     
   69.509020974912303       -4.1815024200877291     
   69.670039370481149       -4.3111775212717758     
   69.831183690757541       -4.3518850699944291     
   69.992453570967442       -4.3029524977981888     
   70.153848645423665       -4.1667214353044306     
   70.315368547525111       -3.9484344364201354     
   70.477012909755658       -3.6560242928741831     
   70.638781363683250       -3.2998148042534696     
   70.800673539958979       -2.8921452452549361     
   70.962689068316209       -2.4469333979142931     
   71.124827577569519       -1.9791937366927983     
   71.287088695613903       -1.5045281592684057     
   71.449472049423761       -1.0386066643707554     
   71.611977265052090      -0.59665478716934572     
   71.774603967629417      -0.19296362310604240     
   71.937351781363049       0.15956293174421893     
   72.100220329536143       0.44981043951005928     
   72.263209234506775       0.66879388674307483     
   72.426318117707083       0.80992528224436200     
   72.589546599642333       0.86920084838869038     
   72.752894299890173       0.84530219779457672     
   72.916360837099617       0.73960871010834595     
   73.079945828990319       0.55612144974391942     
   73.243648892351587       0.30130221939582486     
   73.407469643041651       -1.6165503862896610E-002
   73.571407695986750      -0.38568419201642667     
   73.735462665180279      -0.79510662093784024     
   73.899634163682052       -1.2311435229191325     
   74.063921803617333       -1.6798001935060682     
   74.228325196176172       -2.1268274404340501     
   74.392843951612463       -2.5581725195164520     
   74.557477679243178       -2.9604163471206459     
   74.722225987447615       -3.3211841872651409     
   74.887088483666545       -3.6295181004208672     
   75.052064774401416       -3.8762006813990020     
   75.217154465213611       -4.0540210216956805     
   75.382357160723657       -4.1579754517023337     
   75.547672464610429       -4.1853974920963797     
   75.713099979610405       -4.1360135849621180     
   75.878639307516934       -4.0119235488115841     
   76.044290049179438       -3.8175072188303911     
   76.210051804502683       -3.5592612607701302     
   76.375924172446062       -3.2455725268006916     
   76.541906751022836       -2.8864364014181891     
   76.707999137299410       -2.4931302430334110     
   76.874200927394639       -2.0778531900073389     
   77.040511716479074       -1.6533442530237095     
   77.206931098774319       -1.2324907976719683     
   77.373458667552285      -0.82793929814257694     
   77.540094015134457      -0.45171971268326905     
   77.706836732891304      -0.11489406164102603     
   77.873686411241593       0.17276115155993138     
   78.040642639651580       0.40303012425401080     
   78.207705006634555       0.56948322218162517     
   78.374873099749991       0.66764679896190127     
   78.542146505603014       0.69511299741675392     
   78.709524809843728       0.65158689848812168     
   78.877007597166568       0.53887026740129718     
   79.044594451309649       0.36078312177587940     
   79.212284955054230       0.12302632742201999     
   79.380078690223996      -0.16700968848752204     
   79.547975237684497      -0.50048333594401195     
   79.715974177342531      -0.86737921507914795     
   79.884075088145650       -1.2568152396787673     
   80.052277548081349       -1.6573697108500538     
   80.220581134176754       -2.0574182679552768     
   80.388985422497854       -2.4454707403332869     
   80.557489988149030       -2.8104983136501747     
   80.726094405272477       -3.1422420477744097     
   80.894798247047660       -3.4314945828961614     
   81.063601085690735       -3.6703478041412319     
   81.232502492454103       -3.8524002771639241     
   81.401502037625789       -3.9729194058156936     
   81.570599290528989       -4.0289544977095044     
   81.739793819521537       -4.0193982520047848     
   81.909085191995374       -3.9449955980229521     
   82.078472974376112       -3.8083002903926428     
   82.247956732122489       -3.6135811667718354     
   82.417536029725966       -3.3666814432062071     
   82.587210430710158       -3.0748357944923081     
   82.756979497630439       -2.7464511769619175     
   82.926842792073501       -2.3908583387465971     
   83.096799874656810       -2.0180416847042539     
   83.266850305028299       -1.6383555961788425     
   83.436993641865868       -1.2622354487777827     
   83.607229442876914      -0.89991144352203900     
   83.777557264797977      -0.56113300212014106     
   83.947976663394400      -0.25491091814422173     
   84.118487193459799        1.0716254623276751E-002
   84.289088408815729       0.22888591885233570     
   84.459779862311308       0.39408050454972643     
   84.630561105822864       0.50225811368388795     
   84.801431690253537       0.55094197937286227     
   84.972391165532969       0.53926704467644471     
   85.143439080616872       0.46798306488506458     
   85.314574983486807       0.33941475775397123     
   85.485798421149710       0.15738064828164477     
   85.657108939637723       -7.2926650745825161E-002
   85.828506084007799      -0.34509495018984876     
   85.999989398341370      -0.65167708886997977     
   86.171558425744152      -0.98440014910105500     
   86.343212708345746       -1.3343931984938202     
   86.514951787299452       -1.6924270741183749     
   86.686775202781917       -2.0491595432934244     
   86.858682493993044       -2.3953792088018582     
   87.030673199155459       -2.7222417615760128     
   87.202746855514548       -3.0214925959071888     
   87.374902999338047       -3.2856703603742470     
   87.547141165915932       -3.5082866886498265     
   87.719460889560096       -3.6839781064571437     
   87.891861703604278       -3.8086269166257489     
   88.064343140403736       -3.8794487020788182     
   88.236904731335144       -3.8950449395327307     
   88.409546006796376       -3.8554200744321734     
   88.582266496206302       -3.7619632591418499     
   88.755065728004851       -3.6173957934134067     
   88.927943229652527       -3.4256861165879418     
   89.100898527630477       -3.1919349702902671     
   89.273931147440322       -2.9222340601060486     
   89.447040613604102       -2.6235021737984101     
   89.620226449664003       -2.3033032397485238     
   89.793488178182372       -1.9696512120020824     
   89.966825320741691       -1.6308069303475556     
   90.140237397944333       -1.2950722148498786     
   90.313723929412561      -0.97058641091675502     
   90.487284433788560      -0.66513040834393178     
   90.660918428734149      -0.38594282855995160     
   90.834625430931084      -0.13955262722264006     
   91.008404956080682        6.8368182650792350E-002
   91.182256518904012       0.23312859405973319     
   91.356179633141807       0.35111702132700257     
   91.530173811554533       0.41987231537102443     
   91.704238565922239       0.43812631548712633     
   91.878373407044762       0.40581755392039692     
   92.052577844741620       0.32407638939941141     
   92.226851387852122       0.19518247736954195     
   92.401193544235426        2.2496080944716258E-002
   92.575603820770525      -0.18963471901361015     
   92.750081723356388      -0.43598835111280054     
   92.924626756912005      -0.71060260669483255     
   93.099238425376512       -1.0069226274878613     
   93.273916231709194       -1.3179603329396856     
   93.448659677889736       -1.6364613769760337     
   93.623468264918316       -1.9550756043686157     
   93.798341492815609       -2.2665269593358039     
   93.973278860623054       -2.5637788855693953     
   94.148279866403001       -2.8401914454569512     
   94.323344007238816       -3.0896666701752316     
   94.498470779235149       -3.3067790203535008     
   94.673659677518003       -3.4868882749980075     
   94.848910196234996       -3.6262326572342043     
   95.024221828555625       -3.7220005315625033     
   95.199594066671338       -3.7723795510827753     
   95.375026401795964       -3.7765826784029666     
   95.550518324165679       -3.7348510367023580     
   95.726069323039582       -3.6484340560978508     
   95.901678886699742       -3.5195478569034533     
   96.077346502451462       -3.3513132476081631     
   96.253071656623732       -3.1476751091510002     
   96.428853834569281       -2.9133052823405876     
   96.604692520665196       -2.6534913711351846     
   96.780587198312986       -2.3740141172913791     
   96.956537349938984       -2.0810161890794219     
   97.132542456994727       -1.7808653553301079     
   97.308601999957290       -1.4800150831292371     
   97.484715458329617       -1.1848656005148410     
   97.660882310640957      -0.90162840330482297     
   97.837102034447213      -0.63619705744679678     
   98.013374106331355      -0.39402695753935024     
   98.189698001903793      -0.18002645227637579     
   98.366073195802883        1.5385545470834889E-003
   98.542499161695289       0.14712476465814922     
   98.718975372276404       0.25397502377770836     
   98.895501299270961       0.32016425493709971     
   99.072076413433251       0.34462721420845521     
   99.248700184547928       0.32716790512541938     
   99.425372081430140       0.26845088423523872     
   99.602091571926337       0.16997506440593863     
   99.778858122914627        3.4030967243598928E-002
   99.955671200305360      -0.13635731463220188     
   100.13253026904167      -0.33750391457265561     
   100.30943479309998      -0.56514498885080267     
   100.48638423549065      -0.81453256876605251     
   100.66337805825843       -1.0805363807685107     
   100.84041572248319       -1.3577514480094062     
   101.01749668828047       -1.6406092297488837     
   101.19462041480206       -1.9234900393914498     
   101.37178636023667       -2.2008345076495681     
   101.54899398181048       -2.4672519225786225     
   101.72624273578799       -2.7176233827214467     
   101.90353207747238       -2.9471978412785309     
   102.08086146120655       -3.1516792960633975     
   102.25823034037350       -3.3273035889031686     
   102.43563816739720       -3.4709035150869250     
   102.61308439374326       -3.5799612034921040     
   102.79056846991959       -3.6526470051181339     
   102.96808984547735       -3.6878444156623260     
   103.14564796901135       -3.6851608487251575     
   103.32324228816123       -3.6449243640145204     
   103.50087224961185       -3.5681667316528118     
   103.67853729909439       -3.4565934735845012     
   103.85623688138698       -3.3125417603200957     
   104.03397044031554       -3.1389272513994686     
   104.21173741875464       -2.9391811476769170     
   104.38953725862834       -2.7171788706684645     
   104.56736940091103       -2.4771618976397187     
   104.74523328562836       -2.2236543612177613     
   104.92312835185791       -1.9613760687911361     
   105.10105403773045       -1.6951536128894664     
   105.27900978043046       -1.4298312289159198     
   105.45699501619735       -1.1701830145465217     
   105.63500918032624      -0.92082805710305216     
   105.81305170716891      -0.68614992362234828     
   105.99112203013482      -0.47022185526462229     
   106.16921958169210      -0.27673887529027369     
   106.34734379336842      -0.10895787028065522     
   106.52549409575208        3.0353460018147548E-002
   106.70366991849305       0.13895806530809721     
   106.88187069030396       0.21518088663995191     
   107.06009583896109       0.25792973632721411     
   107.23834479130552       0.26670556917891164     
   107.41661697324419       0.24160219196697180     
   107.59491180975085       0.18329564688226990     
   107.77322872486737        9.3023685022772182E-002
   107.95156714170460       -2.7444085955291932E-002
   108.12992648244375      -0.17584464332048083     
   108.30830616833734      -0.34946770903150953     
   108.48670561971046      -0.54520864349957865     
   108.66512425596184      -0.75962699801734324     
   108.84356149556515      -0.98900958288234952     
   109.02201675607006       -1.2294368642222744     
   109.20048945410353       -1.4768514818568659     
   109.37897900537104       -1.7271276822395567     
   109.55748482465776       -1.9761404832510929     
   109.73600632582986       -2.2198334296284914     
   109.91454292183582       -2.4542838571597239     
   110.09309402470745       -2.6757646583427173     
   110.27165904556159       -2.8808016298889894     
   110.45023739460106       -3.0662255812771759     
   110.62882848111616       -3.2292184908694903     
   110.80743171348595       -3.3673531116681032     
   110.98604649917961       -3.4786255479379697     
   111.16467224475780       -3.5614804481529596     
   111.34330835587406       -3.6148285847806383     
   111.52195423727618       -3.6380567170026534     
   111.70060929280760       -3.6310297564334530     
   111.87927292540886       -3.5940853766556797     
   112.05794453711894       -3.5280213232404760     
   112.23662352907689       -3.4340757901829653     
   112.41530930152318       -3.3139013297007969     
   112.59400125380104       -3.1695328535349718     
   112.77269878435837       -3.0033503639369523     
   112.95140129074871       -2.8180371199174612     
   113.13010816963323       -2.6165339984573390     
   113.30881881678197       -2.4019908501756260     
   113.48753262707555       -2.1777156742693036     
   113.66624899450665       -1.9471224482236813     
   113.84496731218167       -1.7136784442340198     
   114.02368697232221       -1.4808518470099643     
   114.20240736626687       -1.2520604576505381     
   114.38112788447263       -1.0306222267149046     
   114.55984791651674      -0.81970830775016845     
   114.73856685109824      -0.62229926203686103     
   114.91728407603959      -0.44114497729029162     
   115.09599897828848      -0.27872878975932303     
   115.27471094391950      -0.13723622123936829     
   115.45341935813578       -1.8528662149089610E-002
   115.63212360527081        7.5877750109828876E-002
   115.81082306879014       0.14482789037172980     
   115.98951713129316       0.18753795655874342     
   116.16820517451490       0.20360032550161339     
   116.34688657932776       0.19298302358584360     
   116.52556072574339       0.15602395500896399     
   116.70422699291447        9.3420099081070698E-002
   116.88288475913657        6.2119516808153028E-003
   117.06153340185000      -0.10423645587024588     
   117.24017229764171      -0.23626157526298233     
   117.41880082224708      -0.38792796630262499     
   117.59741835055188      -0.55705905966791369     
   117.77602425659428      -0.74127055744757553     
   117.95461791356665      -0.93800594844227081     
   118.13319869381756       -1.1445736000536322     
   118.31176596885368       -1.3581848814338113     
   118.49031910934194       -1.5759927734303480     
   118.66885748511129       -1.7951304295508625     
   118.84738046515487       -2.0127491683549152     
   119.02588741763199       -2.2260554008761275     
   119.20437770987017       -2.4323460265406527     
   119.38285070836716       -2.6290418662257671     
   119.56130577879311       -2.8137187419048795     
   119.73974228599262       -2.9841358566539324     
   119.91815959398670       -3.1382611767185651     
   120.09655706597518       -3.2742935674264286     
   120.27493406433857       -3.3906814862710091     
   120.45328995064033       -3.4861380885567690     
   120.63162408562911       -3.5596526528137651     
   120.80993582924084       -3.6104982839817379     
   120.98822454060090       -3.6382359015117083     
   121.16648957802643       -3.6427145664249654     
   121.34473029902848       -3.6240682455524236     
   121.52294606031437       -3.5827091522513399     
   121.70113621778980       -3.5193178404954737     
   121.87930012656130       -3.4348302631914365     
   122.05743714093838       -3.3304220356130161     
   122.23554661443588       -3.2074901708997250     
   122.41362789977642       -3.0676325764995607     
   122.59168034889255       -2.9126256182204835     
   122.76970331292925       -2.7444000721565343     
   122.94769614224629       -2.5650157941798346     
   123.12565818642059       -2.3766354419847513     
   123.30358879424860       -2.1814975858798973     
   123.48148731374884       -1.9818895417372060     
   123.65935309216414       -1.7801202529600133     
   123.83718547596442       -1.5784935378074354     
   124.01498381084883       -1.3792820049610088     
   124.19274744174844       -1.1847019227688793     
   124.37047571282869      -0.99688930789363628     
   124.54816796749188      -0.81787747630937591     
   124.72582354837985      -0.64957627472794466     
   124.90344179737632      -0.49375318374335792     
   125.08102205560968      -0.35201645575144130     
   125.25856366345539      -0.22580042142553353     
   125.43606596053876      -0.11635306870182575     
   125.61352828573747       -2.4725968205019374E-002
   125.79094997718423        4.8233410665511005E-002
   125.96833037226934       0.10188697784863367     
   126.14566880764367       0.13580890782559094     
   126.32296461922097       0.14978617148382317     
   126.50021714218077       0.14381677926605704     
   126.67742571097118       0.11810582338962003     
   126.85458965931136        7.3059428036304788E-002
   127.03170832019465        9.2767353161297451E-003
   127.20878102589097       -7.2459928588047992E-002
   127.38580710794980      -0.17119654843987570     
   127.56278589720307      -0.28582040560587713     
   127.73971672376780      -0.41507437431222255     
   127.91659891704894      -0.55757234127715183     
   128.09343180574245      -0.71181555656381867     
   128.27021471783794      -0.87620972075134662     
   128.44694698062165       -1.0490826128661552     
   128.62362792067927       -1.2287020648045457     
   128.80025686389914       -1.4132940912716314     
   128.97683313547483       -1.6010609890731189     
   129.15335605990828       -1.7901992263483362     
   129.32982496101280       -1.9789169503563520     
   129.50623916191597       -2.1654509519724270     
   129.68259798506270       -2.3480829358121267     
   129.85890075221829       -2.5251549567847831     
   130.03514678447132       -2.6950838967372452     
   130.21133540223687       -2.8563748685319807     
   130.38746592525959       -3.0076334492611534     
   130.56353767261663       -3.1475766591478158     
   130.73954996272096       -3.2750426179017351     
   130.91550211332427       -3.3889988256506651     
   131.09139344152035       -3.4885490309531542     
   131.26722326374806       -3.5729386636140235     
   131.44299089579462       -3.6415588248728419     
   131.61869565279869       -3.6939488419722482     
   131.79433684925374       -3.7297974078312497     
   131.96991379901110       -3.7489423395801098     
   132.14542581528337       -3.7513690018029875     
   132.32087221064754       -3.7372074514809035     
   132.49625229704836       -3.7067283716905797     
   132.67156538580156       -3.6603378700480174     
   132.84681078759724       -3.5985712256600171     
   133.02198781250314       -3.5220856749135767     
   133.19709576996806       -3.4316523318035919     
   133.37213396882512       -3.3281473426869690     
   133.54710171729519       -3.2125423783405154     
   133.72199832299029       -3.0858945682015801     
   133.89682309291697       -2.9493359821894467     
   134.07157533347987       -2.8040627658371560     
   134.24625435048492       -2.6513240327268135     
   134.42085944914305       -2.4924106166349791     
   134.59538993407358       -2.3286437827722044     
   134.76984510930765       -2.1613639940026959     
   134.94422427829184       -1.9919198237209992     
   135.11852674389158       -1.8216571022655939     
   135.29275180839494       -1.6519083784699253     
   135.46689877351582       -1.4839827722017478     
   135.64096694039787       -1.3191562876516150     
   135.81495560961804       -1.1586626506989086     
   135.98886408118994       -1.0036847270434899     
   136.16269165456777      -0.85534657092930488     
   136.33643762864989      -0.71470614734120363     
   136.51010130178233      -0.58274876344042426     
   136.68368197176270      -0.46038123809802478     
   136.85717893584385      -0.34842683115883288     
   137.03059149073738      -0.24762094732760723     
   137.20391893261768      -0.15860762267182407     
   137.37716055712542       -8.1936795191287840E-002
   137.55031565937148       -1.8062354536861242E-002
   137.72338353394062        3.2659040098537540E-002
   137.89636347489559        6.9968390627691890E-002
   138.06925477578039        9.3704061336362207E-002
   138.24205672962469       0.10380077781545700     
   138.41476862894731       0.10028795513076603     
   138.58738976576026        8.3287390880716725E-002
   138.75991943157254        5.3010362384735825E-002
   138.93235691739406        9.7541703521121931E-003
   139.10470151373968       -4.6101826013751901E-002
   139.27695251063301      -0.11410063541030471     
   139.44910919761040      -0.19371247365499264     
   139.62117086372490      -0.28433996592164351     
   139.79313679755037      -0.38532366152878300     
   139.96500628718528      -0.49594781060181042     
   140.13677862025705      -0.61544635214918531     
   140.30845308392560      -0.74300906369255260     
   140.48002896488796      -0.87778782358041352     
   140.65150554938188       -1.0189029384160142     
   140.82288212319025       -1.1654494896527581     
   140.99415797164511       -1.3165036552755449     
   141.16533237963154       -1.4711289646240622     
   141.33640463159225       -1.6283824466987629     
   141.50737401153140       -1.7873206348012221     
   141.67823980301884       -1.9470053929540525     
   141.84900128919438       -2.1065095323074270     
   142.01965775277191       -2.2649221884477315     
   142.19020847604364       -2.4213539336476035     
   142.36065274088452       -2.5749416005436001     
   142.53098982875616       -2.7248527971327072     
   142.70121902071142       -2.8702900955226980     
   142.87133959739853       -3.0104948798960418     
   143.04135083906544       -3.1447508419396404     
   143.21125202556414       -3.2723871147708219     
   143.38104243635505       -3.3927810390866933     
   143.55072135051134       -3.5053605578865707     
   143.72028804672320       -3.6096062386380683     
   143.88974180330243       -3.7050529241829389     
   144.05908189818672       -3.7912910159758657     
   144.22830760894419       -3.8679673954443596     
   144.39741821277767       -3.9347859912920824     
   144.56641298652917       -3.9915080024999581     
   144.73529120668456       -4.0379517883892735     
   144.90405214937778       -4.0739924398853988     
   145.07269509039568       -4.0995610434955809     
   145.24121930518209       -4.1146436590746189     
   145.40962406884279       -4.1192800231565458     
   145.57790865614990       -4.1135619990341192     
   145.74607234154641       -4.0976317913134785     
   145.91411439915072       -4.0716799445548935     
   146.08203410276147       -4.0359431459330297     
   146.24983072586193       -3.9907018521754822     
   146.41750354162471       -3.9362777612177258     
   146.58505182291640       -3.8730311490342153     
   146.75247484230249       -3.8013580919964727     
   146.91977187205157       -3.7216875948617707     
   147.08694218414036       -3.6344786441452608     
   147.25398505025845       -3.5402172061173016     
   147.42089974181286       -3.4394131881323728     
   147.58768552993288       -3.3325973812872607     
   147.75434168547488       -3.2203184016823192     
   147.92086747902690       -3.1031396466665773     
   148.08726218091374       -2.9816362817861215     
   148.25352506120157       -2.8563922728044746     
   148.41965538970280       -2.7279974767091000     
   148.58565243598093       -2.5970448042200589     
   148.75151546935535       -2.4641274655033452     
   148.91724375890641       -2.3298363097027921     
   149.08283657348005       -2.1947572678866241     
   149.24829318169290       -2.0594689079795701     
   149.41361285193722       -1.9245401092339913     
   149.57879485238550       -1.7905278627980152     
   149.74383845099601       -1.6579752039538573     
   149.90874291551717       -1.5274092806556858     
   150.07350751349290       -1.3993395620660001     
   150.23813151226750       -1.2742561898937759     
   150.40261417899075       -1.1526284744918447     
   150.56695478062278       -1.0349035368342947     
   150.73115258393929      -0.92150509672726455     
   150.89520685553646      -0.81283240684762037     
   151.05911686183615      -0.70925933150312681     
   151.22288186909091      -0.61113356838821775     
   151.38650114338921      -0.51877601089209813     
   151.54997395066042      -0.43248024806296814     
   151.71329955667994      -0.35251219870220335     
   151.87647722707459      -0.27910987562525497     
   152.03950622732737      -0.21248327565690794     
   152.20238582278310      -0.15281439053511894     
   152.36511527865326      -0.10025733353655021     
   152.52769386002137       -5.4938576317442395E-002
   152.69012083184830       -1.6957290194647277E-002
   152.85239545897724        1.3614214143918854E-002
   153.01451700613919        3.6729954697396643E-002
   153.17648473795816        5.2369660325753832E-002
   153.33829791895650        6.0538073496350348E-002
   153.49995581356012        6.1264180129006522E-002
   153.66145768610377        5.4600373099461495E-002
   153.82280280083668        4.0621555956646085E-002
   153.98399042192744        1.9424193372374193E-002
   154.14501981346970       -8.8746852281962451E-003
   154.30589023948738       -4.4138522507528075E-002
   154.46660096394021       -8.6212304309602833E-002
   154.62715125072893      -0.13492365894180927     
   154.78754036370097      -0.19008397876022562     
   154.94776756665553      -0.25148955837179121     
   155.10783212334937      -0.31892274398918891     
   155.26773329750216      -0.39215308870391480     
   155.42747035280166      -0.47093850869897447     
   155.58704255290979      -0.55502643567476029     
   155.74644916146764      -0.64415496104298353     
   155.90568944210116      -0.73805396770609910     
   156.06476265842673      -0.83644624553220381     
   156.22366807405658      -0.93904858691480408     
   156.38240495260445       -1.0455728590854365     
   156.54097255769122       -1.1557270501409709     
   156.69937015295031       -1.2692162860190079     
   156.85759700203346       -1.3857438159299780     
   157.01565236861612       -1.5050119640295201     
   157.17353551640332       -1.6267230453771162     
   157.33124570913523       -1.7505802444706233     
   157.48878221059269       -1.8762884549272445     
   157.64614428460300       -2.0035550790343439     
   157.80333119504564       -2.1320907862735030     
   157.96034220585778       -2.2616102299487459     
   158.11717658104010       -2.3918327214148083     
   158.27383358466261       -2.5224828615079460     
   158.43031248087016       -2.6532911289965178     
   158.58661253388834       -2.7839944260439959     
   158.74273300802915       -2.9143365808265580     
   158.89867316769687       -3.0440688076172226     
   159.05443227739374       -3.1729501247732541     
   159.21000960172589       -3.3007477312122258     
   159.36540440540881       -3.4272373420662778     
   159.52061595327370       -3.5522034843361761     
   159.67564351027289       -3.6754397534513910     
   159.83048634148571       -3.7967490317460340     
   159.98514371212468       -3.9159436699453902     
   160.13961488754097       -4.0328456328247917     
   160.29389913323041       -4.1472866102844979     
   160.44799571483966       -4.2591080951274565     
   160.60190389817174       -4.3681614288906285     
   160.75562294919209       -4.4743078171762880     
   160.90915213403451       -4.5774183156113226     
   161.06249071900717       -4.6773737886122380     
   161.21563797059841       -4.7740648414443267     
   161.36859315548281       -4.8673917278923033     
   161.52135554052722       -4.9572642346363383     
   161.67392439279655       -5.0436015439665960     
   161.82629897956002       -5.1263320763102342     
   161.97847856829694       -5.2053933140785311     
   162.13046242670288       -5.2807316083224096     
   162.28224982269572       -5.3523019696555156     
   162.43384002442150       -5.4200678448940325     
   162.58523230026080       -5.4840008808258656     
   162.73642591883447       -5.5440806764975363     
   162.88742014901001       -5.6002945253658503     
   163.03821425990733       -5.6526371486300109     
   163.18880752090519       -5.7011104210064287     
   163.33919920164715       -5.7457230901846605     
   163.48938857204757       -5.7864904911310688     
   163.63937490229799       -5.8234342563796000     
   163.78915746287319       -5.8565820233853492     
   163.93873552453726       -5.8859671399784377     
   164.08810835834970       -5.9116283688777873     
   164.23727523567189       -5.9336095922738963     
   164.38623542817302       -5.9519595170003745     
   164.53498820783645       -5.9667313819109626     
   164.68353284696570       -5.9779826671494964     
   164.83186861819084       -5.9857748069034642     
   164.97999479447469       -5.9901729058666735     
   165.12791064911900       -5.9912454601324754     
   165.27561545577089       -5.9890640830607333     
   165.42310848842865       -5.9837032366221079     
   165.57038902144865       -5.9752399686824411     
   165.71745632955100       -5.9637536566331439     
   165.86430968782619       -5.9493257577396585     
   166.01094837174131       -5.9320395665288439     
   166.15737165714640       -5.9119799794993160     
   166.30357882028056       -5.8892332673981134     
   166.44956913777847       -5.8638868552681167     
   166.59534188667672       -5.8360291104404274     
   166.74089634441998       -5.8057491386024056     
   166.88623178886758       -5.7731365880547925     
   167.03134749829962       -5.7382814622253253     
   167.17624275142356       -5.7012739404921895     
   167.32091682738044       -5.6622042073377132     
   167.46536900575134       -5.6211622898310187     
   167.60959856656373       -5.5782379034118890     
   167.75360479029786       -5.5335203061474596     
   167.89738695789330       -5.4870981600058437     
   168.04094435075501       -5.4390594030790744     
   168.18427625076040       -5.3894911261825476     
   168.32738194026496       -5.3384794600192231     
   168.47026070210930       -5.2861094691164778     
   168.61291181962540       -5.2324650536009054     
   168.75533457664304       -5.1776288584972709     
   168.89752825749628       -5.1216821904173671     
   169.03949214703002       -5.0647049414889400     
   169.18122553060621       -5.0067755203713249     
   169.32272769411074       -4.9479707902080987     
   169.46399792395957       -4.8883660133643003     
   169.60503550710544       -4.8280348028064690     
   169.74583973104430       -4.7670490799785847     
   169.88640988382176       -4.7054790390538388     
   170.02674525403984       -4.6433931174354521     
   170.16684513086327       -4.5808579724189276     
   170.30670880402596       -4.5179384639327544     
   170.44633556383792       -4.4546976433191592     
   170.58572470119134       -4.3911967481428285     
   170.72487550756759       -4.3274952030754239     
   170.86378727504336       -4.2636506269559131     
   171.00245929629747       -4.1997188462115957     
   171.14089086461746       -4.1357539149228524     
   171.27908127390609       -4.0718081419534453     
   171.41702981868784       -4.0079321257494698     
   171.55473579411566       -3.9441747974758243     
   171.69219849597758       -3.8805834740861131     
   171.82941722070308       -3.8172039219995555     
   171.96639126536999       -3.7540804343778946     
   172.10311992771079       -3.6912559242466916     
   172.23960250611952       -3.6287720376224537     
   172.37583829965828       -3.5666692920511682     
   172.51182660806390       -3.5049872482635056     
   172.64756673175432       -3.4437647259416324     
   172.78305797183563       -3.3830400796036044     
   172.91829963010844       -3.3228515583754801     
   173.05329100907460       -3.2632377857960675     
   173.18803141194391       -3.2042384161669015     
   173.32252014264060       -3.1458950586570826     
   173.45675650581029       -3.0882526220426292     
   173.59073980682626       -3.0313613479898813     
   173.72446935179656       -2.9752800282726231     
   173.85794444757019       -2.9200813842922209     
   173.99116440174421       -2.8658617081725906     
   174.12412852267030       -2.8127597840633785     
   174.25683611946127       -2.7609990041528456     
   174.38928650199787       -2.7110007515010235     
   174.52147898093557       -2.6638119370756885     
   174.65341286771107       -2.6256833536306008     
   174.78508747454919       -2.5768598226879345     
   174.91650211446930       -2.5204761928702499     
   175.04765610129243       -2.4649379944802750     
   175.17854874964763       -2.4102504212963538     
   175.30917937497867       -2.3564176374151851     
   175.43954729355107       -2.3034428205996265     
   175.56965182245855       -2.2513282047015482     
   175.69949227962977       -2.2000751215670133     
   175.82906798383510       -2.1496840420582055     
   175.95837825469343       -2.1001546162899944     
   176.08742241267865       -2.0514857130326196     
   176.21619977912670       -2.0036754582507093     
   176.34470967624193       -1.9567212727579231     
   176.47295142710428       -1.9106199089678586     
   176.60092435567543       -1.8653674867279406     
   176.72862778680613       -1.8209595282204667     
   176.85606104624253       -1.7773909919242561     
   176.98322346063316       -1.7346563056255802     
   177.11011435753534       -1.6927493984802633     
   177.23673306542236       -1.6516637321161676     
   177.36307891368995       -1.6113923307832216     
   177.48915123266292       -1.5719278105493095     
   177.61494935360224       -1.5332624075459846     
   177.74047260871137       -1.4953880052681852     
   177.86572033114345       -1.4582961609391580     
   177.99069185500775       -1.4219781309437798     
   178.11538651537631       -1.3864248953432388     
   178.23980364829097       -1.3516271814807479     
   178.36394259077005       -1.3175754866908829     
   178.48780268081489       -1.2842601001268101     
   178.61138325741692       -1.2516711237156484     
   178.73468366056403       -1.2197984922612353     
   178.85770323124763       -1.1886319927082543     
   178.98044131146915       -1.1581612825815508     
   179.10289724424709       -1.1283759076245761     
   179.22507037362331       -1.0992653186276797     
   179.34696004467025       -1.0708188875492723     
   179.46856560349732       -1.0430259227801153     
   179.58988639725777       -1.0158756837713552     
   179.71092177415548      -0.98935739489517383     
   179.83167108345154      -0.96346025862231399     
   179.95213367547120      -0.93817346802119594     
   180.07230890161031      -0.91348621859793377     
   180.19219611434235      -0.88938771949738693     
   180.31179466722506      -0.86586720408398909     
   180.43110391490694      -0.84291393992087549     
   180.55012321313441      -0.82051723816760169     
   180.66885191875812      -0.79866646241466810     
   180.78728938973987      -0.77735103697325958     
   180.90543498515930      -0.75656045463982580     
   181.02328806522064      -0.73628428395318191     
   181.14084799125936      -0.71651217596292727     
   181.25811412574890      -0.69723387052647268     
   181.37508583230738      -0.67843920215310460     
   181.49176247570423      -0.66011810541207705     
   181.60814342186720      -0.64226061992234085     
   181.72422803788848      -0.62485689494003538     
   181.84001569203193      -0.60789719356105187     
   181.95550575373954      -0.59137189655421896     
   182.07069759363827      -0.57527150584117925     
   182.18559058354631      -0.55958664763865529     
   182.30018409648034      -0.54430807527801617     
   182.41447750666177      -0.52942667171620461     
   182.52847018952360      -0.51493345175376259     
   182.64216152171713      -0.50081956397291305     
   182.75555088111838      -0.48707629240907130     
   182.86863764683505      -0.47369505797008365     
   182.98142119921292      -0.46066741961519658     
   183.09390091984258      -0.44798507530580955     
   183.20607619156635      -0.43563986274248367     
   183.31794639848431      -0.42362375989218659     
   183.42951092596149      -0.41192888533225652     
   183.54076916063431      -0.40054749840468545     
   183.65172049041706      -0.38947199920121522     
   183.76236430450876      -0.37869492838813146     
   183.87269999339958      -0.36820896687902516     
   183.98272694887748      -0.35800693536494232     
   184.09244456403491      -0.34808179371249759     
   184.20185223327539      -0.33842664023660635     
   184.31094935231980      -0.32903471085790870     
   184.41973531821344      -0.31989937815180375     
   184.52820952933226      -0.31101415029749846     
   184.63637138538951      -0.30237266993357642     
   184.74422028744237      -0.29396871292813986     
   184.85175563789846      -0.28579618706957433     
   184.95897684052230      -0.27784913068424222     
   185.06588330044190      -0.27012171118809580     
   185.17247442415550      -0.26260822357697633     
   185.27874961953759      -0.25530308886199693     
   185.38470829584614      -0.24820085245510071     
   185.49034986372834      -0.24129618250938617     
   185.59567373522773      -0.23458386821989924     
   185.70067932379033      -0.22805881808847478     
   185.80536604427121      -0.22171605815792203     
   185.90973331294103      -0.21555073021862139     
   186.01378054749253      -0.20955808999233597     
   186.11750716704682      -0.20373350529636627     
   186.22091259215995      -0.19807245419170944     
   186.32399624482943      -0.19257052311839890     
   186.42675754850049      -0.18722340502121609     
   186.52919592807268      -0.18202689746864728     
   186.63131080990601      -0.17697690076780251     
   186.73310162182779      -0.17206941607767290     
   186.83456779313866      -0.16730054352361939     
   186.93570875461910      -0.16266648031500669     
   187.03652393853579      -0.15816351886773289     
   187.13701277864809      -0.15378804493459480     
   187.23717471021422      -0.14953653574450354     
   187.33700916999774      -0.14540555816109585     
   187.43651559627384      -0.14139176680037138     
   187.53569342883566      -0.13749190229870381     
   187.63454210900071      -0.13370278941056302     
   187.73306107961690      -0.13002133526486448     
   187.83124978506928      -0.12644452758017413     
   187.92910767128581      -0.12296943290935305     
   188.02663418574420      -0.11959319490352559     
   188.12382877747771      -0.11631303259648783     
   188.22069089708145      -0.11312623871071024     
   188.31721999671902      -0.11003017798506558     
   188.41341553012825      -0.10702228552553374     
   188.50927695262777      -0.10410006517898820     
   188.60480372112298      -0.10126108793087239     
   188.69999529411245       -9.8502990326932258E-002
   188.79485113169392       -9.5823472919695729E-002
   188.88937069557059       -9.3220298739858751E-002
   188.98355344905727       -9.0691291792730874E-002
   189.07739885708648       -8.8234335580275547E-002
   189.17090638621463       -8.5847371648623605E-002
   189.26407550462810       -8.3528398161406212E-002
   189.35690568214935       -8.1275468498721790E-002
   189.44939639024312       -7.9086689882304662E-002
   189.54154710202235       -7.6960222026165828E-002
   189.63335729225446       -7.4894275813454786E-002
   189.72482643736708       -7.2887111998838766E-002
   189.81595401545457       -7.0937039936868271E-002
   189.90673950628351       -6.9042416335753476E-002
   189.99718239129925       -6.7201644036677166E-002
   190.08728215363143       -6.5413170818504215E-002
   190.17703827810035       -6.3675488227475194E-002
   190.26645025122269       -6.1987130432023994E-002
   190.35551756121765       -6.0346673102067441E-002
   190.44423969801284       -5.8752732312974586E-002
   190.53261615325007       -5.7203963473656375E-002
   190.62064642029151       -5.5699060278549539E-002
   190.70832999422544       -5.4236753683365758E-002
   190.79566637187224       -5.2815810904100251E-002
   190.88265505179012       -5.1435034439179871E-002
   190.96929553428112       -5.0093261114307522E-002
   191.05558732139690       -4.8789361149683935E-002
   191.14152991694456       -4.7522237249419244E-002
   191.22712282649246       -4.6290823712604894E-002
   191.31236555737610       -4.5094085565786902E-002
   191.39725761870372       -4.3931017716543876E-002
   191.48179852136221       -4.2800644127715906E-002
   191.56598777802299       -4.1702017012065551E-002
   191.64982490314725       -4.0634216045256771E-002
   191.73330941299238       -3.9596347606018809E-002
   191.81644082561709       -3.8587544019714225E-002
   191.89921866088736       -3.7606962838982690E-002
   191.98164244048201       -3.6653786131202369E-002
   192.06371168789849       -3.5727219788055507E-002
   192.14542592845842       -3.4826492852338201E-002
   192.22678468931318       -3.3950856862326621E-002
   192.30778749944949       -3.3099585213110592E-002
   192.38843388969531       -3.2271972534738388E-002
   192.46872339272488       -3.1467334086701083E-002
   192.54865554306477       -3.0685005168440322E-002
   192.62822987709913       -2.9924340545535291E-002
   192.70744593307518       -2.9184713891229556E-002
   192.78630325110896       -2.8465517242911995E-002
   192.86480137319063       -2.7766160473290797E-002
   192.94293984318983       -2.7086070775831153E-002
   193.02071820686157       -2.6424692164208518E-002
   193.09813601185095       -2.5781484985420211E-002
   193.17519280769926       -2.5155925446194667E-002
   193.25188814584897       -2.4547505152458730E-002
   193.32822157964932       -2.3955730661502139E-002
   193.40419266436135       -2.3380123046512765E-002
   193.47980095716366       -2.2820217473240201E-002
   193.55504601715745       -2.2275562788431475E-002
   193.62992740537186       -2.1745721119808176E-002
   193.70444468476930       -2.1230267487198563E-002
   193.77859742025066       -2.0728789424681981E-002
   193.85238517866060       -2.0240886613331639E-002
   193.92580752879275       -1.9766170524367237E-002
   193.99886404139485       -1.9304264072435840E-002
   194.07155428917403       -1.8854801278737603E-002
   194.14387784680196       -1.8417426943753378E-002
   194.21583429091984       -1.7991796329346523E-002
   194.28742320014376       -1.7577574849940273E-002
   194.35864415506956       -1.7174437772576209E-002
   194.42949673827815       -1.6782069925606883E-002
   194.49998053434035       -1.6400165415783697E-002
   194.57009512982205       -1.6028427353520589E-002
   194.63984011328935       -1.5666567586102843E-002
   194.70921507531312       -1.5314306438658783E-002
   194.77821960847450       -1.4971372462626637E-002
   194.84685330736960       -1.4637502191579532E-002
   194.91511576861441       -1.4312439904150445E-002
   194.98300659084978       -1.3995937393899930E-002
   195.05052537474629       -1.3687753745897899E-002
   195.11767172300915       -1.3387655119876853E-002
   195.18444524038304       -1.3095414539741283E-002
   195.25084553365696       -1.2810811689272726E-002
   195.31687221166888       -1.2533632713835332E-002
   195.38252488531077       -1.2263670027952714E-002
   195.44780316753318       -1.2000722128542772E-002
   195.51270667335015       -1.1744593413691875E-002
   195.57723501984367       -1.1495094006781972E-002
   195.64138782616860       -1.1252039585845959E-002
   195.70516471355728       -1.1015251217966237E-002
   195.76856530532416       -1.0784555198610810E-002
   195.83158922687045       -1.0559782895737557E-002
   195.89423610568863       -1.0340770598549419E-002
   195.95650557136730       -1.0127359370744710E-002
   196.01839725559537       -9.9193949082094241E-003
   196.07991079216691       -9.7167274003503740E-003
   196.14104581698552       -9.5192113977548530E-003
   196.20180196806876       -9.3267056799087988E-003
   196.26217888555274       -9.1390731307402495E-003
   196.32217621169661       -8.9561806157842060E-003
   196.38179359088673       -8.7778988635679317E-003
   196.44103066964138       -8.6041023505380489E-003
   196.49988709661486       -8.4346691894410953E-003
   196.55836252260201       -8.2694810210289550E-003
   196.61645660054253       -8.1084229090620102E-003
   196.67416898552514       -7.9513832384352414E-003
   196.73149933479201       -7.7982536163892415E-003
   196.78844730774298       -7.6489287766858616E-003
   196.84501256593961       -7.5033064866826191E-003
   196.90119477310972       -7.3612874571991459E-003
   196.95699359515132       -7.2227752550987154E-003
   197.01240870013680       -7.0876762185217582E-003
   197.06743975831711       -6.9558993746669942E-003
   197.12208644212578       -6.8273563600496998E-003
   197.17634842618315       -6.7019613431856181E-003
   197.23022538730032       -6.5796309495923990E-003
   197.28371700448315       -6.4602841890702934E-003
   197.33682295893638       -6.3438423851755153E-003
   197.38954293406744       -6.2302291068281890E-003
   197.44187661549054       -6.1193701019840174E-003
   197.49382369103066       -6.0111932333191840E-003
   197.54538385072718       -5.9056284158525664E-003
   197.59655678683805       -5.8026075564672703E-003
   197.64734219384351       -5.7020644952483516E-003
   197.69773976844991       -5.6039349486049399E-003
   197.74774920959342       -5.5081564541105237E-003
   197.79737021844412       -5.4146683170131198E-003
   197.84660249840934       -5.3234115583655909E-003
   197.89544575513773       -5.2343288647227716E-003
   197.94389969652264       -5.1473645393651122E-003
   197.99196403270608       -5.0624644549972890E-003
   198.03963847608213       -4.9795760078740862E-003
   198.08692274130073       -4.8986480733213874E-003
   198.13381654527112       -4.8196309625995427E-003
   198.18031960716553       -4.7424763810711536E-003
   198.22643164842268       -4.6671373876373606E-003
   198.27215239275114       -4.5935683553977522E-003
   198.31748156613307       -4.5217249335028215E-003
   198.36241889682739       -4.4515640101609449E-003
   198.40696411537357       -4.3830436767596402E-003
   198.45111695459457       -4.3161231930736064E-003
   198.49487714960065       -4.2507629535311195E-003
   198.53824443779243       -4.1869244544848021E-003
   198.58121855886424       -4.1245702624894643E-003
   198.62379925480761       -4.0636639835222891E-003
   198.66598626991427       -4.0041702331433228E-003
   198.70777935077953       -3.9460546075536706E-003
   198.74917824630543       -3.8892836555249515E-003
   198.79018270770399       -3.8338248511820073E-003
   198.83079248850035       -3.7796465675991263E-003
   198.87100734453571       -3.7267180512011197E-003
   198.91082703397075       -3.6750093969303808E-003
   198.95025131728838       -3.6244915241675341E-003
   198.98927995729690       -3.5751361533736224E-003
   199.02791271913321       -3.5269157834418850E-003
   199.06614937026541       -3.4798036697269137E-003
   199.10398968049594       -3.4337738027394576E-003
   199.14143342196468       -3.3888008874819091E-003
   199.17848036915160       -3.3448603234087857E-003
   199.21513029887950       -3.3019281849851157E-003
   199.25138299031732       -3.2599812028371684E-003
   199.28723822498264       -3.2189967454680900E-003
   199.32269578674430       -3.1789528015222779E-003
   199.35775546182552       -3.1398279625880726E-003
   199.39241703880649       -3.1016014065139508E-003
   199.42668030862683       -3.0642528812309896E-003
   199.46054506458862       -3.0277626890607961E-003
   199.49401110235874       -2.9921116714974974E-003
   199.52707821997171       -2.9572811944425584E-003
   199.55974621783199       -2.9232531338954063E-003
   199.59201489871691       -2.8900098620634578E-003
   199.62388406777876       -2.8575342339008866E-003
   199.65535353254759       -2.8258095740443050E-003
   199.68642310293347       -2.7948196641518065E-003
   199.71709259122915       -2.7645487306141845E-003
   199.74736181211222       -2.7349814326475120E-003
   199.77723058264755       -2.7061028507374832E-003
   199.80669872228972       -2.6778984754369621E-003
   199.83576605288528       -2.6503541965008180E-003
   199.86443239867489       -2.6234562923521595E-003
   199.89269758629575       -2.5971914198647020E-003
   199.92056144478383       -2.5715466044580059E-003
   199.94802380557593       -2.5465092304923463E-003
   199.97508450251186       -2.5220670319535767E-003
   200.00174337183668       -2.4982080834263483E-003
   200.02800025220270       -2.4749207913389525E-003
   200.05385498467149       -2.4521938854770945E-003
   200.07930741271616       -2.4300164107562403E-003
   200.10435738222304       -2.4083777192491188E-003
   200.12900474149390       -2.3872674624536880E-003
   200.15324934124780       -2.3666755838019594E-003
   200.17709103462312       -2.3465923114027250E-003
   200.20052967717922       -2.3270081510021906E-003
   200.22356512689839       -2.3079138791705952E-003
   200.24619724418787       -2.2893005366937651E-003
   200.26842589188138       -2.2711594221780152E-003
   200.29025093524100       -2.2534820858504030E-003
   200.31167224195886       -2.2362603235552038E-003
   200.33268968215890       -2.2194861709432861E-003
   200.35330312839847       -2.2031518978438704E-003
   200.37351245566998       -2.1872500028108492E-003
   200.39331754140264       -2.1717732078536146E-003
   200.41271826546378       -2.1567144533306279E-003
   200.43171451016062       -2.1420668930091681E-003
   200.45030616024164       -2.1278238892902829E-003
   200.46849310289824       -2.1139790085853349E-003
   200.48627522776601       -2.1005260168490327E-003
   200.50365242692618       -2.0874588752595657E-003
   200.52062459490708       -2.0747717360426726E-003
   200.53719162868543       -2.0624589384438340E-003
   200.55335342768782       -2.0505150048263092E-003
   200.56910989379176       -2.0389346369188606E-003
   200.58446093132707       -2.0277127121716035E-003
   200.59940644707714       -2.0168442803088380E-003
   200.61394635028017       -2.0063245595727578E-003
   200.62808055263011       -1.9961489346440658E-003
   200.64180896827799       -1.9863129517322556E-003
   200.65513151383311       -1.9768123169567409E-003
   200.66804810836376       -1.9676428928885855E-003
   200.68055867339871       -1.9588006958407801E-003
   200.69266313292778       -1.9502818931860597E-003
   200.70436141340315       -1.9420828007729414E-003
   200.71565344374002       -1.9341998804485695E-003
   200.72653915531777       -1.9266297376963266E-003
   200.73701848198064       -1.9193691193524042E-003
   200.74709136003861       -1.9124149114398410E-003
   200.75675772826824       -1.9057641370858944E-003
   200.76601752791322       -1.8994139545404599E-003
   200.77487070268532       -1.8933616552869793E-003
   200.78331719876488       -1.8876046622363202E-003
   200.79135696480131       -1.8821405280253748E-003
   200.79898995191385       -1.8769669333916551E-003
   200.80621611369156       -1.8720816856380616E-003
   200.81303540619405       -1.8674827171847460E-003
   200.81944778795091       -1.8631680842049953E-003
   200.82545321996210       -1.8591359653406863E-003
   200.83105166569680       -1.8553846605057099E-003
   200.83624309109211       -1.8519125897702084E-003
   200.84102746455019       -1.8487182923179165E-003
   200.84540475693336       -1.8458004254935530E-003
   200.84937494155469       -1.8431577639285012E-003
   200.85293799415967       -1.8407891987457417E-003
   200.85609389288962       -1.8386937368600397E-003
   200.85884261820024       -1.8368705003795254E-003
   200.86118415266495       -1.8353187261612061E-003
   200.86311848042726       -1.8340377656737626E-003
   200.86464558536593       -1.8330270857852399E-003
   200.86576544290935       -1.8322862738223715E-003
   200.86647795966746       -1.8318150772118128E-003

