 # Molecular potential
 # R (nm)   Energy shift (MHz)
   1.7887403435536757E-004   0.0000000000000000     
   5.9964034186029791E-004   0.0000000000000000     
   1.2609584072418381E-003   0.0000000000000000     
   2.1627766001063465E-003   0.0000000000000000     
   3.3050852093775432E-003   0.0000000000000000     
   4.6878807937861004E-003   0.0000000000000000     
   6.3111613480769995E-003   0.0000000000000000     
   8.1749252191367916E-003   0.0000000000000000     
   1.0279170782625597E-002   0.0000000000000000     
   1.2623896326520017E-002   0.0000000000000000     
   1.5209100002964444E-002   0.0000000000000000     
   1.8034779806324078E-002   0.0000000000000000     
   2.1100933562189561E-002   0.0000000000000000     
   2.4407558921635392E-002   0.0000000000000000     
   2.7954653357878695E-002   0.0000000000000000     
   3.1742214164442846E-002   0.0000000000000000     
   3.5770238453904160E-002   0.0000000000000000     
   4.0038723157133721E-002   0.0000000000000000     
   4.4547665022823826E-002   0.0000000000000000     
   4.9297060617061815E-002   0.0000000000000000     
   5.4286906323126986E-002   0.0000000000000000     
   5.9517198341247184E-002   0.0000000000000000     
   6.4987932688420416E-002   0.0000000000000000     
   7.0699105198336595E-002   0.0000000000000000     
   7.6650711521188727E-002   0.0000000000000000     
   8.2842747123610574E-002   0.0000000000000000     
   8.9275207288538896E-002   0.0000000000000000     
   9.5948087115131891E-002   0.0000000000000000     
  0.10286138151869127        0.0000000000000000     
  0.11001508523050002        0.0000000000000000     
  0.11740919279781313        0.0000000000000000     
  0.12504369858369357        0.0000000000000000     
  0.13291859676694007        0.0000000000000000     
  0.14103388134199171        0.0000000000000000     
  0.14938954611881000        0.0000000000000000     
  0.15798558472279950        0.0000000000000000     
  0.16682199059466199        0.0000000000000000     
  0.17589875699032409        0.0000000000000000     
  0.18521587698081610        0.0000000000000000     
  0.19477334345214556        0.0000000000000000     
  0.20457114910518306        0.0000000000000000     
  0.21460928645556920        0.0000000000000000     
  0.22488774783353746        0.0000000000000000     
  0.23540652538385456        0.0000000000000000     
  0.24616561106564167        0.0000000000000000     
  0.25716499665225179        0.0000000000000000     
  0.26840467373116833        0.0000000000000000     
  0.27988463370381944        0.0000000000000000     
  0.29160486778547451        0.0000000000000000     
  0.30356536700509268        0.0000000000000000     
  0.31576612220516470        0.0000000000000000     
  0.32820712404157709        0.0000000000000000     
  0.34088836298344416        0.0000000000000000     
  0.35380982931298760        0.0000000000000000     
  0.36697151312534099        0.0000000000000000     
  0.38037340432839223        0.0000000000000000     
  0.39401549264265689        0.0000000000000000     
  0.40789776760106622        0.0000000000000000     
  0.42202021854883015        0.0000000000000000     
  0.43638283464324129        0.0000000000000000     
  0.45098560485350969        0.0000000000000000     
  0.46582851796059255        0.0000000000000000     
  0.48091156255699924        0.0000000000000000     
  0.49623472704661203        0.0000000000000000     
  0.51179799964449846        0.0000000000000000     
  0.52760136837671978        0.0000000000000000     
  0.54364482108013534        0.0000000000000000     
  0.55992834540221681        0.0000000000000000     
  0.57645192880083318        0.0000000000000000     
  0.59321555854405583        0.0000000000000000     
  0.61021922170995802        0.0000000000000000     
  0.62746290518639281        0.0000000000000000     
  0.64494659567080870        0.0000000000000000     
  0.66267027966999037        0.0000000000000000     
  0.68063394349988138        0.0000000000000000     
  0.69883757328535001        0.0000000000000000     
  0.71728115495996658        0.0000000000000000     
  0.73596467426577594        0.0000000000000000     
  0.75488811675306444        0.0000000000000000     
  0.77405146778013134        0.0000000000000000     
  0.79345471251305411        0.0000000000000000     
  0.81309783592544871        0.0000000000000000     
  0.83298082279823416        0.0000000000000000     
  0.85310365771938179        0.0000000000000000     
  0.87346632508366107        0.0000000000000000     
  0.89406880909241360        0.0000000000000000     
  0.91491109375325319        0.0000000000000000     
  0.93599316287988232        0.0000000000000000     
  0.95731500009175574        0.0000000000000000     
  0.97887658881386796        0.0000000000000000     
   4.4797224788671448        486.79873132259314     
   4.5260885207391910        438.77432739428821     
   4.5726914234383660        414.38120184724812     
   4.6195311476786927        412.60209935617917     
   4.6666076539344346        430.89311009321926     
   4.7139209024394839        465.74402446850917     
   5.4520009165872949        476.43102721051605     
   5.5030964344511402        412.64556600195169     
   5.5544279811857962        354.97607571673905     
   5.6059955125954959        306.63056331621431     
   5.6577989842324907        269.74353403342474     
   5.7098383513963515        245.58562391355306     
   5.7621135691333336        234.52530859636656     
   5.8146245922357789        235.92560383625653     
   5.8673713752413965        248.36249655948791     
   5.9203538724326394        269.80499776357846     
   5.9735720378360559        297.72038471679542     
   6.0270258252216093        329.31970168255344     
   6.0807151881020323        361.90416948792102     
   6.1346400797321339        392.60094832812996     
   6.1888004531081533        419.24828213239988     
   6.2431962609670881        439.54767509076038     
   6.2978274557860079        452.21356159320362     
   6.3526939897813666        456.04517746543092     
   6.4077958149083605        450.75244663709810     
   6.4631328828601804        436.49830531130829     
   6.5187051450673996        413.99835614557605     
   6.5745125526972190        384.70784045531042     
   6.6305550566528222        350.20192184056702     
   6.6868326075726410        312.80135230183083     
   6.7433451558296795        274.54665242510680     
   6.8000926515308118        237.92994925165851     
   6.8570750445160584        204.85676904239804     
   6.9142922843579138        177.25102758614486     
   6.9717443203605987        156.29770642640386     
   7.0294311015593580        142.84748244964493     
   7.0873525767197734        137.05428207169541     
   7.1455086943369892        138.60037355279894     
   7.2038994026350496        146.68124525110679     
   7.2625246495661147        160.08658525370515     
   7.3213843828097884        177.40522000273288     
   7.3804785497723353        196.98243486921527     
   7.4398070975859980        217.23087501410737     
   7.4993699731082257        236.47779464132410     
   7.5591671229209334        253.33178697506841     
   7.6191984933297778        266.43144112655960     
   7.6794640303634081        274.87162258944795     
   7.7399636797727078        277.85079172067600     
   7.8006973870300458        275.16907326901389     
   7.8616650973285251        266.75082687866114     
   7.9228667555812269        253.19921331996886     
   7.9843023064204495        235.17485724310032     
   8.0459716941969432        213.96293969413762     
   8.1078748629791626        190.74127457136339     
   8.1700117565524426        167.10881695687917     
   8.2323823184182974        144.35478377429834     
   8.2949864917936083        123.90404285205992     
   8.3578242196098351        106.73938416716437     
   8.4208954445122810        93.725253142484092     
   8.4842001088592554        85.287666934395915     
   8.5477381547213174        81.596093801342207     
   8.6115095238805015        82.484220777317546     
   8.6755141578294737        87.526681329594368     
   8.7397519977707940        96.062319944951156     
   8.8042229846161000        107.28176216841378     
   8.8689270589852658        120.17493276412731     
   8.9338641612056691        133.76872365047899     
   8.9990342313113345        146.90222723196550     
   9.0644372090421470        158.64718239640152     
   9.1300730338430061        167.98251096343861     
   9.1959416448630673        174.23040304124973     
   9.2620429809548757        176.84126522426288     
   9.3283769806735766        175.55880547007820     
   9.3949435822760599        170.50216163434933     
   9.4617427237201674        161.90466903205842     
   9.5287743426638407        150.46455887262485     
   9.5960383764642927        136.82921365173840     
   9.6635347621771928        121.94917784949729     
   9.7312634365557926        106.69067058523081     
   9.7992243360501234        91.922677119276429     
   9.8674173968061254        78.482538344886592     
   9.9358425546648004        66.993991094633387     
   10.004499745161381        58.044792348362229     
   10.073388903524483        51.976718146674415     
   10.142509964675218        49.002423070908698     
   10.211862863226360        49.129225095520603     
   10.281447533481481        52.179027946114054     
   10.351263909434085        57.763775977796612     
   10.421311924766750        65.363587504545634     
   10.491591512850222        74.283314416324671     
   10.562102606742620        83.761269247518968     
   10.632845139188476        93.056415031288665     
   10.703819042617891        101.37911789629332     
   10.775024249145700        108.16744978928443     
   10.846460690570501        112.90459827182409     
   10.918128298373833        115.26781441990667     
   10.990027003719270        115.17214466955004     
   11.062156737451517        112.56055694089936     
   11.134517430095553        107.65908069871944     
   11.207109011855666        100.74153905255312     
   11.279931412614634        92.170511895550547     
   11.352984561932738        82.494113229486615     
   11.426268389046937        72.209365125004851     
   11.499782822869912        61.930984520518457     
   11.573527791989145        52.272522493876622     
   11.647503224666030        43.755504087762233     
   11.721709048834978        36.885581399747956     
   11.796145192102420        32.000577670726202     
   11.870811581745977        29.294900000585169     
   11.945708144713480        28.811871634302538     
   12.020834807622009        30.429595202028903     
   12.096191496757077        33.900809789906880     
   12.171778138071563        38.859463886478835     
   12.247594657184870        44.901497463588910     
   12.323640979381931        51.547799434397312     
   12.399917029612309        58.302811157891334     
   12.476422732489223        64.718735163123725     
   12.553158012288593        70.304057310306476     
   12.630122792948125        74.654745712848538     
   12.707316998066320        77.470656652338477     
   12.784740550901551        78.478857091191401     
   12.862393374371081        77.601273119056060     
   12.940275391050102        74.900030194563911     
   13.018386523170783        70.508077783278210     
   13.096726692621321        64.749573997480113     
   13.175295820944896        58.014315828765568     
   13.254093829338798        50.694890982122317     
   13.333120638653371        43.258941698007973     
   13.412376169391099        36.130872771507647     
   13.491860341705573        29.671617483746168     
   13.571573075400533        24.231586276354395     
   13.651514289928866        20.076534546169757     
   13.731683904391652        17.388832710303269     
   13.812081837537137        16.281520855471896     
   13.892708007759744        16.757119580110764     
   13.973562333099085        18.718893011876510     
   14.054644731238975        21.962593624253582     
   14.135955119506404        26.191345216959444     
   14.217493414870519        31.067338730331340     
   14.299259533941672        36.201691713564379     
   14.381253392970349        41.204019429119803     
   14.463474907846194        45.749527570354715     
   14.545923994096988        49.533194040959152     
   14.628600566887613        52.294882237241623     
   14.711504541019055        53.882291125008038     
   14.794635830927348        54.185672247689567     
   14.877994350682581        53.140533907925764     
   14.961580013987861        50.805999002705491     
   15.045392734178249        47.315290623363111     
   15.129432424219765        42.847942365937982     
   15.213698996708333        37.688517224018959     
   15.298192363868763        32.178408147358162     
   15.382912437553641        26.645018362141148     
   15.467859129242377        21.420898733383559     
   15.553032350040102        16.817094040416325     
   15.638432010676613        13.067422149193936     
   15.724058021505337        10.343695080742247     
   15.809910292502288        8.7628478892512476     
   15.895988733264963        8.3668118298744130     
   15.982293253011347        9.1330804392110334     
   16.068823760578770        10.974878033425059     
   16.155580164422918        13.731335310731646     
   16.242562372616707        17.188910407763267     
   16.329770292849243        21.088001857654913     
   16.417203832424732        25.124515140375024     
   16.504862898261432        29.001401202681940     
   16.592747396890502        32.461324090234704     
   16.680857234455019        35.270821766267986     
   16.769192316708811        37.244716783994008     
   16.857752549015405        38.281601816434225     
   16.946537836346948        38.330739811164854     
   17.035548083283089        37.370326767075888     
   17.124783194009911        35.446291013426681     
   17.214243072318787        32.674782395833809     
   17.303927621605336        29.205118650293574     
   17.393836744868285        25.229668076985643     
   17.483970344708389        20.999951804830893     
   17.574328323327283        16.784589092224167     
   17.664910582526410        12.830653565503333     
   17.755717023705898        9.3644689842004780     
   17.846747547863444        6.5782703605355897     
   17.938002055593198        4.6042840102067979     
   18.029480447084598        3.5183138311662687     
   18.121182622121346        3.3505021328141247     
   18.213108480080184        4.0789015469114682     
   18.305257919929829        5.6301064960915905     
   18.397630840229798        7.8862504377776519     
   18.490227139129324        10.679537883736167     
   18.583046714366159        13.798425632223791     
   18.676089463265505        17.017873969157908     
   18.769355282738807        20.117383769903686     
   18.862844069282684        22.883951941650029     
   18.956555718977683        25.134959784148833     
   19.050490127487254        26.743400518455360     
   19.144647190056489        27.626474844128111     
   19.239026801511031        27.726893705185674     
   19.333628856255899        27.027042665544428     
   19.428453248274355        25.565405195213248     
   19.523499871126706        23.423508483480624     
   19.618768617949147        20.715306719580187     
   19.714259381452635        17.599116452548746     
   19.809972053921683        14.275145232478309     
   19.905906527213205        10.953001831439812     
   20.002062692755338        7.8258806981790139     
   20.098440441546266        5.0671092062551830     
   20.195039664153057        2.8244767026193198     
   20.291860250710478        1.2070382752871356     
   20.388902090919785       0.28327109470383360     
   20.486165074047587        8.6970363159616926E-002
   20.583649088924627       0.61320946922985242     
   20.681354023944596        1.8106567183764952     
   20.779279767062967        3.5846876965853447     
   20.877426205795761        5.8046888897928799     
   20.975793227218368        8.3088425979538929     
   21.074380717964381        10.918080373296508     
   21.173188564224343        13.460287059850307     
   21.272216651744564        15.783324251104526     
   21.371464865825935        17.750573475919982     
   21.470933091322696        19.240436815827042     
   21.570621212641235        20.159076352592624     
   21.670529113738880        20.448640676870010     
   21.770656678122680        20.083539878849113     
   21.871003788848164        19.072250663674897     
   21.971570328518194        17.470613336726203     
   22.072356179281645        15.385321426801944     
   22.173361222832252        12.955397257021678     
   22.274585340407388        10.329782719700050     
   22.376028412786766        7.6587283750404929     
   22.477690320291270        5.0913753723148858     
   22.579570942781739        2.7674058595990707     
   22.681670159657646       0.80793076362242877     
   22.783987849855951      -0.68645540084628054     
   22.886523891849812       -1.6370964662839587     
   22.989278163647345       -1.9963685044722517     
   23.092250542790417       -1.7577002250892122     
   23.195440906353340      -0.95582781974026099     
   23.298849130941690       0.34052935343877760     
   23.402475092690999        2.0356016640220367     
   23.506318667265536        4.0134694284474524     
   23.610379729857041        6.1481031613554702     
   23.714658155183468        8.3114582594633237     
   23.819153817487727        10.373903992148005     
   23.923866590536424        12.203657067232710     
   24.028796347618595        13.676602842738401     
   24.133942961544442        14.694344739655685     
   24.239306304644071        15.196282037139254     
   24.344886248766219        15.159263243112481     
   24.450682665276954        14.592772924830019     
   24.556695425058450        13.536900809636219     
   24.662924398507688        12.059444743242226     
   24.769369455535156        10.247637377666294     
   24.876030465563616        8.1997202822963899     
   24.982907297526786        6.0236836342640947     
   25.089999819868044        3.8397643609648968     
   25.197307900539183        1.7761540383860923     
   25.304831406999106       -4.4821802052444994E-002
   25.412570206212521       -1.5212580085025562     
   25.520524164648663       -2.5786475105012707     
   25.628693148279975       -3.1703743766024175     
   25.737077022580859       -3.2769424363042750     
   25.845675652526335       -2.9052863839196408     
   25.954488902590768       -2.0869584850728873     
   26.063516636746520      -0.87645462837608645     
   26.172758718462717       0.64838987814479965     
   26.282215010703865        2.3867603345561021     
   26.391885375928609        4.2217586462084205     
   26.501769676088383        6.0341413657395337     
   26.611867772626102        7.7152310491453413     
   26.722179526474847        9.1718673997184066     
   26.832704798056572        10.325005394194001     
   26.943443447280757        11.109166985317039     
   27.054395333543113        11.476296563840249     
   27.165560315724207        11.401132323284811     
   27.276938252188209        10.884422666600921     
   27.388529000781546        9.9540736486255685     
   27.500332418831526        8.6654303245853921     
   27.612348363145049        7.0988692469013950     
   27.724576690007325        5.3518534825159634     
   27.837017255180402        3.5271245404087006     
   27.949669913901989        1.7233832728895073     
   28.062534520884011        3.2747034711982440E-002
   28.175610930311297       -1.4578482563457802     
   28.288898995840277       -2.6679726613972066     
   28.402398570597576       -3.5306469467308461     
   28.516109507178736       -4.0011219779522387     
   28.630031657646825       -4.0617193286733588     
   28.744164873531098       -3.7209537866279789     
   28.858509005825653       -3.0095860499220017     
   28.973063904988070       -1.9766544428271606     
   29.087829420938107      -0.68635230605794539     
   29.202805403056249       0.78459766425900501     
   29.317991700182461        2.3492574358465004     
   29.433388160614737        3.9131423325627215     
   29.548994632107782        5.3791684991538586     
   29.664810961871687        6.6562602775019037     
   29.780836996570503        7.6695242526424812     
   29.897072582320874        8.3667946705329381     
   30.013517564690758        8.7180064604606606     
   30.130171788697943        8.7096859988807580     
   30.247035098808755        8.3410267268196421     
   30.364107338936680        7.6259285898988711     
   30.481388352440966        6.5989027385701817     
   30.598877982125231        5.3182830367925860     
   30.716576070236155        3.8620957637003941     
   30.834482458462045        2.3181033701075622     
   30.952596987931454       0.77375495455271348     
   31.070919499211858      -0.68953181764121896     
   31.189449832308206       -1.9978653417255887     
   31.308187826661573       -3.0853182861093953     
   31.427133321147764       -3.8960065254555571     
   31.546286154075933       -4.3880867412267319     
   31.665646163187201       -4.5381083032962293     
   31.785213185653234       -4.3438538614468074     
   31.904987058074905       -3.8244631010814252     
   32.024967616480836       -3.0176335816751920     
   32.145154696326067       -1.9749282550107981     
   32.265548132490622      -0.75727003244960367     
   32.386147759278117       0.56751781864055550     
   32.506953410414361        1.9252712713644755     
   32.627964919045993        3.2367205042791802     
   32.749182117739032        4.4223323066853473     
   32.870604838477469        5.4108717957419952     
   32.992232912661926        6.1479029742430118     
   33.114066171108199        6.5993871196290721     
   33.236104444045829        6.7489760100040765     
   33.358347561116794        6.5926618410214806     
   33.480795351373970        6.1363508208491702     
   33.603447643279836        5.3987658919307959     
   33.726304264704979        4.4166312176723546     
   33.849365042926728        3.2462842799702516     
   33.972629804627715        1.9584103669398987     
   34.096098375894492       0.62825935495986518     
   34.219770582216043      -0.67283220046162662     
   34.343646248482486       -1.8806280218326505     
   34.467725198983516       -2.9369250801610360     
   34.592007257407090       -3.7886857059015129     
   34.716492246837952       -4.3908165657593985     
   34.841179989756249       -4.7119150110992356     
   34.966070308036045       -4.7390304539399528     
   35.091163022943952       -4.4781089542586416     
   35.216457955137692       -3.9504925079661164     
   35.341954924664662       -3.1888521033157340     
   35.467653750960515       -2.2354751094608343     
   35.593554252847696       -1.1427109485435110     
   35.719656248534051        2.7264896719097671E-002
   35.845959555611422        1.2059734954192325     
   35.972463991054099        2.3252260325465408     
   36.099169371217535        3.3238101449338080     
   36.226075511836797        4.1511606152652858     
   36.353182228025204        4.7674537913021311     
   36.480489334272825        5.1423565523877715     
   36.607996644445116        5.2552498847188147     
   36.735703971781405        5.0978376162542931     
   36.863611128893496        4.6774599756869293     
   36.991717927764256        4.0183827656599176     
   37.120024179746082        3.1596231007204856     
   37.248529695559576        2.1502761865387430     
   37.377234285291998        1.0447391086847357     
   37.506137758395887      -0.10036515019796853     
   37.635239923687607       -1.2276073930384310     
   37.764540589345856       -2.2799853441315312     
   37.894039562910294       -3.2033638282555992     
   38.023736651280032       -3.9502082856456462     
   38.153631660712207       -4.4833900259078900     
   38.283724396820546       -4.7786263043071076     
   38.414014664573891       -4.8250493932448419     
   38.544502268294792       -4.6245544181089144     
   38.675187011657997       -4.1909747737448653     
   38.806068697689049       -3.5495772492070876     
   38.937147128762795       -2.7364801272847843     
   39.068422106601979       -1.7971905859822184     
   39.199893432275744      -0.78385546973498743     
   39.331560906198192       0.24836159831979929     
   39.463424328126962        1.2448400301740674     
   39.595483497161723        2.1542516403232526     
   39.727738211742746        2.9304416060932628     
   39.860188269649427        3.5339673526388848     
   39.992833467998899        3.9338434511356328     
   40.125673603244458        4.1095385393876196     
   40.258708471174181        4.0526949501028300     
   40.391937866909487        3.7678680619699576     
   40.525361584903600        3.2719384614635554     
   40.658979418940184        2.5924415144654551     
   40.792791162131778        1.7654337552400874     
   40.926796606918430       0.83343223344039252     
   41.060995545066191      -0.15644689628505429     
   41.195387767665615       -1.1544038186473047     
   41.329973065130403       -2.1102406091569170     
   41.464751227195840       -2.9760652949877850     
   41.599722042917385       -3.7091018819401778     
   41.734885300669177       -4.2741238172532947     
   41.870240788142596       -4.6451611946565414     
   42.005788292344825       -4.8064408629596116     
   42.141527599597303       -4.7527628015865444     
   42.277458495534333       -4.4895375749684145     
   42.413580765101578       -4.0325396102330382     
   42.549894192554682       -3.4072410858715219     
   42.686398561457644       -2.6475484074077684     
   42.823093654681514       -1.7939055021589698     
   42.959979254402825      -0.89094693378641998     
   43.097055142102178        1.4982322167551613E-002
   43.234321098562759       0.87816257042552959     
   43.371776903868877        1.6555786791492177     
   43.509422337404501        2.3087908962271588     
   43.647257177851799        2.8056843530886737     
   43.785281203189641        3.1220883981433376     
   43.923494190692168        3.2431124511640825     
   44.061895916927327        3.1639705325043863     
   44.200486157755400        2.8901254033270565     
   44.339264688327468        2.4367419461119866     
   44.478231283084106        1.8275973677939925     
   44.617385715753748        1.0936602277607523     
   44.756727759351328       0.27149930705269609     
   44.896257186176754      -0.59842649105906087     
   45.035973767813502       -1.4736264248569451     
   45.175877275127107       -2.3116072729538311     
   45.315967478263680       -3.0720125004368737     
   45.456244146648501       -3.7187109662807245     
   45.596707048984534       -4.2216310704701350     
   45.737355953250912       -4.5581767592226372     
   45.878190626701560       -4.7141589936133652     
   46.019210835863667       -4.6842695471938223     
   46.160416346536216       -4.4721634476732097     
   46.301806923788611       -4.0901943285951132     
   46.443382331959072       -3.5587978566196106     
   46.585142334653305       -2.9054912076834047     
   46.727086694742944       -2.1634805282952119     
   46.869215174364165       -1.3699346962551051     
   47.011527534916162      -0.56405390260484245     
   47.154023537059714       0.21490542086163861     
   47.296702940715740       0.92950827635251498     
   47.439565505063790        1.5458368728253336     
   47.582610988540658        2.0349753766328176     
   47.725839148838837        2.3742770567422271     
   47.869249742905147        2.5483903361751197     
   48.012842526939181        2.5499844610717295     
   48.156617256391954        2.3800934920798804     
   48.300573685964359        2.0480124628712404     
   48.444711569605744        1.5707314728260484     
   48.589030660512499       0.97195923528246408     
   48.733530711126505       0.28083669594510363     
   48.878211473133760      -0.46954559984577421     
   49.023072697462879       -1.2437334849009396     
   49.168114134283698       -2.0055398848901000     
   49.313335533005755       -2.7196848715520581     
   49.458736642276854       -3.3534078033551946     
   49.604317209981680       -3.8779912774988876     
   49.750076983240255       -4.2701103516341128     
   49.896015708406530       -4.5129111614247579     
   50.042133131066976       -4.5967408339585765     
   50.188428996039065       -4.5194901496464741     
   50.334903047369856       -4.2865549687571969     
   50.481555028334590       -3.9104542486958458     
   50.628384681435165       -3.4101528540636497     
   50.775391748398761       -2.8101305493771451     
   50.922575970176368       -2.1392277897616609     
   51.069937086941351       -1.4292977106347076     
   51.217474838088009      -0.71370781945108619     
   51.365188962230114       -2.5759292960942936E-002
   51.513079197199509       0.60288593914674560     
   51.661145280044657        1.1436723566847440     
   51.809386947029203        1.5724262295904290     
   51.957803933630551        1.8703802787976760     
   52.106395974538394        2.0249195106326874     
   52.255162803653313        2.0300429928567914     
   52.404104154085374        1.8865454497925094     
   52.553219758152629        1.6019204431579979     
   52.702509347379724        1.1899822519915824     
   52.851972652496507       0.67020586277775307     
   53.001609403436511        6.6798663464337632E-002
   53.151419329335653      -0.59245873465457322     
   53.301402158530699       -1.2775396990971166     
   53.451557618557850       -1.9575864200235717     
   53.601885436151484       -2.6023283718556822     
   53.752385337242472       -3.1834303506579218     
   53.903057046957002       -3.6757137560200968     
   54.053900289615008       -4.0582121563815337     
   54.204914788728829       -4.3150331694596469     
   54.356100267001786       -4.4360020445875330     
   54.507456446326763       -4.4170616298157350     
   54.658983047784773       -4.2604046480691098     
   54.810679791643615       -3.9743223666261684     
   54.962546397356391       -3.5727700509379035     
   55.114582583560185       -3.0746709010752480     
   55.266788068074590       -2.5030005946232015     
   55.419162567900315       -1.8837084419707137     
   55.571705799217824       -1.2445357203770930     
   55.724417477385934      -0.61378815438331180     
   55.877297316940393       -1.9111898336623787E-002
   56.030345031592482       0.51368443367483352     
   56.183560334227671       0.96172209037379108     
   56.336942936904187        1.3060183787010546     
   56.490492550851634        1.5322844206305737     
   56.644208886469592        1.6315134326758685     
   56.798091653326303        1.6003259513312444     
   56.952140560157190        1.4410525844101618     
   57.106355314863571        1.1615533346055940     
   57.260735624511206       0.77479111654759503     
   57.415281195328994       0.29819162985527975     
   57.569991732707479      -0.24717008898050150     
   57.724866941197646      -0.83751408907453206     
   57.879906524509423       -1.4473902639812757     
   58.035110185510355       -2.0507650393097148     
   58.190477626224279       -2.6221218928493997     
   58.346008547829868       -3.1375354132778059     
   58.501702650659389       -3.5756753036089282     
   58.657559634197241       -3.9186949504047464     
   58.813579197078653       -4.1529614293610573     
   58.969761037088354       -4.2695913137008210     
   59.126104851159134       -4.2647687212689673     
   59.282610335370606       -4.1398364146876476     
   59.439277184947770       -3.9011645658888319     
   59.596105094259720       -3.5598126687848586     
   59.753093756818338       -3.1310070719369030     
   59.910242865276857       -2.6334603014705484     
   60.067552111428547       -2.0885603948246780     
   60.225021186205510       -1.5194606549102763     
   60.382649779677216      -0.95010361572365021     
   60.540437581049183      -0.40421742397252741     
   60.698384278661706        9.5672996141418609E-002
   60.856489559988518       0.52917552669635781     
   61.014753111635521       0.87885820214478905     
   61.173174619339278        1.1309369488540515     
   61.331753767965978        1.2757954301541456     
   61.490490241509953        1.3083196148096712     
   61.649383723092342        1.2280404462753731     
   61.808433894959919        1.0390870194960025     
   61.967640438483656       0.74995928232133913     
   62.127003034157582       0.37313378001070913     
   62.286521361597309       -7.5480637159176231E-002
   62.446195099538862      -0.57721676475711270     
   62.606023925837356       -1.1114280168542809     
   62.766007517465695       -1.6563427443885741     
   62.926145550513311       -2.1899591933137335     
   63.086437700184860       -2.6909426238665239     
   63.246883640798977       -3.1394848028380857     
   63.407483045786975       -3.5180879243376255     
   63.568235587691603       -3.8122399216482430     
   63.729140938165720       -4.0109552765032621     
   63.890198767971121       -4.1071635590458442     
   64.051408746977188       -4.0979358092717151     
   64.212770544159710       -3.9845456429928494     
   64.374283827599555       -3.7723674687159368     
   64.535948264481462       -3.4706186521389761     
   64.697763521092838       -3.0919566247437325     
   64.859729262822427       -2.6519462737260682     
   65.021845154159124       -2.1684177766535213     
   65.184110858690701       -1.6607400882518759     
   65.346526039102642       -1.1490398857031887     
   65.509090357176859      -0.65339907661812990     
   65.671803473790462      -0.19306522696941686     
   65.834665048914545       0.21429188260848081     
   65.997674741613054       0.55324777068519204     
   66.160832210041434       0.81119010913789946     
   66.324137111445495       0.97876608797610443     
   66.487589102160229        1.0501973802498681     
   66.651187837608532        1.0234551821935283     
   66.814932972300099       0.90029247910315069     
   66.978824159830111       0.68613482279465832     
   67.142861052878217       0.38983486939086381     
   67.307043303207138        2.3300073497481127E-002
   67.471370561661658      -0.39899257621030004     
   67.635842478167362      -0.86057620992694572     
   67.800458701729497       -1.3436450999819667     
   67.965218880431735       -1.8297504214081945     
   68.130122661435152       -2.3005119097471249     
   68.295169690976849       -2.7383161497197710     
   68.460359614369040       -3.1269736427783346     
   68.625692075997719       -3.4523097944516388     
   68.791166719321566       -3.7026690403245159     
   68.956783186870837       -3.8693159201263807     
   69.122541120246169       -3.9467215210296831     
   69.288440160117489       -3.9327280464964343     
   69.454479946222847       -3.8285882581715085     
   69.620660117367336       -3.6388803023410969     
   69.786980311421942       -3.3713021658610347     
   69.953440165322377       -3.0363538635779568     
   70.120039315068084       -2.6469194530404510     
   70.286777395721060       -2.2177649321875199     
   70.453654041404675       -1.7649716746499584     
   70.620668885302749       -1.3053278935564758     
   70.787821559658312      -0.85570233713597610     
   70.955111695772558      -0.43242478572349924     
   71.122538924003806       -5.0696920041224919E-002
   71.290102873766386       0.27594505489295162     
   71.457803173529513       0.53609769162652066     
   71.625639450816323       0.72087267595563753     
   71.793611332202687       0.82418315435959488     
   71.961718443316329       0.84292645883949835     
   72.129960408835515       0.77705909446596455     
   72.298336852488248       0.62956313980746614     
   72.466847397051112       0.40630645642520258     
   72.635491664348223       0.11580239700223578     
   72.804269275250235      -0.23112194409983683     
   72.973179849673258      -0.62173657468200161     
   73.142223006577908       -1.0418830953950089     
   73.311398363968237       -1.4764948062659267     
   73.480705538890746       -1.9101425829506731     
   73.650144147433338       -2.3275858321750484     
   73.819713804724358       -2.7143080486054458     
   73.989414124931614       -3.0570177173136046     
   74.159244721261260       -3.3440973689786588     
   74.329205205957038       -3.5659862560553384     
   74.499295190299065       -3.7154851163356910     
   74.669514284602940       -3.7879746018761207     
   74.839862098218916       -3.7815420250356486     
   75.010338239530654       -3.6970140434289571     
   75.180942315954582       -3.5378957710995063     
   75.351673933938628       -3.3102196005694111     
   75.522532698961555       -3.0223097750561942     
   75.693518215531839       -2.6844714473470765     
   75.864630087186839       -2.3086155248878559     
   76.035867916491753       -1.9078328953487131     
   76.207231305038832       -1.4959334842713079     
   76.378719853446370       -1.0869668492507851     
   76.550333161357770      -0.69474153653294346     
   76.722070827440788      -0.33236015991001200     
   76.893932449386469       -1.1786136416057441E-002
   77.065917623908334       0.25654366524822475     
   77.238025946741502       0.46404827843109797     
   77.410257012641765       0.60426438962286000     
   77.582610415384735       0.67303350170927845     
   77.755085747765037       0.66861015069793528     
   77.927682601595308       0.59168936907135283     
   78.100400567705492       0.44535403219048114     
   78.273239235941858       0.23494505730358986     
   78.446198195166332       -3.2140344070377046E-002
   78.619277033255443      -0.34671503460329667     
   78.792475337099674      -0.69812362956203056     
   78.965792692602534       -1.0746083965501467     
   79.139228684679850       -1.4637068138246585     
   79.312782897258757       -1.8526671608760277     
   79.486454913277157       -2.2288679585690181     
   79.660244314682714       -2.5802270912054484     
   79.834150682432210       -2.8955870454238894     
   80.008173596490593       -3.1650638542669420     
   80.182312635830428       -3.3803489529211683     
   80.356567378430924       -3.5349551174377374     
   80.530937401277257       -3.6243998362980681     
   80.705422280359841       -3.6463217313037743     
   80.880021590673536       -3.6005278957362132     
   81.054734906216950       -3.4889721810176377     
   81.229561799991615       -3.3156664983839179     
   81.404501844001373       -3.0865290888437231     
   81.579554609251616       -2.8091754502252662     
   81.754719665748510       -2.4926591847716475     
   81.929996582498390       -2.1471714279170393     
   82.105384927507032       -1.7837087035207912     
   82.280884267778873       -1.4137199736667927     
   82.456494169316485       -1.0487442551086665     
   82.632214197119779      -0.70005040559556631     
   82.808043915185380      -0.37829050401039760     
   82.983982886505927       -9.3177646119233348E-002
   83.160030673069500       0.14680202726470859     
   83.336186835858939       0.33463460943738060     
   83.512450934851174       0.46497418489374981     
   83.688822529016562       0.53428404731213830     
   83.865301176318425       0.54092025888334982     
   84.041886433712222       0.48515632574877388     
   84.218577857145121       0.36914958349998989     
   84.395375001555308       0.19685157967056671     
   84.572277420871387       -2.6133724082922704E-002
   84.749284668011853      -0.29273874388273963     
   84.926396294884498      -0.59466168799662467     
   85.103611852385782      -0.92262921865705139     
   85.280930890400356       -1.2666841727937583     
   85.458352957800457       -1.6164895441203655     
   85.635877602445433       -1.9616395462906351     
   85.813504371181097       -2.2919684453785987     
   85.991232809839303       -2.5978479927190126     
   86.169062463237353       -2.8704647204068503     
   86.346992875177548       -3.1020690813741787     
   86.525023588446615       -3.2861894052810228     
   86.703154144815329       -3.4178048640644207     
   86.881384085037865       -3.4934730417984659     
   87.059712948851455       -3.5114092194474904     
   87.238140274975848       -3.4715160451845124     
   87.416665601112896       -3.3753637993742140     
   87.595288463946076       -3.2261229215625855     
   87.774008399140044       -3.0284517995904854     
   87.952824941340154       -2.7883439969206463     
   88.131737624172203       -2.5129400961549071     
   88.310745980241776       -2.2103101561517979     
   88.489849541134021       -1.8892134178976321     
   88.669047837413146       -1.5588423509042226     
   88.848340398622128       -1.2285584096649211     
   89.027726753282181      -0.90762696730154424     
   89.207206428892533      -0.60495880786293244     
   89.386778951930026      -0.32886528574699547     
   89.566443847848646       -8.6833798374441773E-002
   89.746200641079341       0.11467043040897229     
   89.926048855029563       0.27037108279971345     
   90.105988012083046       0.37631180073200449     
   90.286017633599329       0.42994846892916722     
   90.466137239913678       0.43020082268976678     
   90.646346350336515       0.37746270200413623     
   90.826644483153416       0.27357149095748590     
   91.007031155624503       0.12173844379820574     
   91.187505883984542       -7.3557334063367522E-002
   91.368068183442318      -0.30670754287614677     
   91.548717568180663      -0.57114148744613524     
   91.729453551356031      -0.85951589713302223     
   91.910275645098395       -1.1639221879691621     
   92.091183360510925       -1.4761052944858202     
   92.272176207669801       -1.7876880628466307     
   92.453253695624056       -2.0903952093950280     
   92.634415332395307       -2.3762709999361094     
   92.815660624977639       -2.6378850875683675     
   92.996989079337339       -2.8685213510446399     
   93.178400200412852       -3.0623450962812102     
   93.359893492114509       -3.2145446105259960     
   93.541468457324470       -3.3214437820186493     
   93.723124597896543       -3.3805833029100967     
   93.904861414656040       -3.3907688409091192     
   94.086678407399717       -3.3520854721305113     
   94.268575074895580       -3.2658785867590368     
   94.450550914882939       -3.1347023806072034     
   94.632605424072224       -2.9622378996972354     
   94.814738098144772       -2.7531833829855312     
   94.996948431753125       -2.5131203260219852     
   95.179235918520590       -2.2483592464852666     
   95.361600051041435       -1.9657695585365447     
   95.544040320880796       -1.6725982508335777     
   95.726556218574601       -1.3762822130731605     
   95.909147233629639       -1.0842590739193496     
   96.091812854523496      -0.80378130782921431     
   96.274552568704607      -0.54173815263693947     
   96.457365862592226      -0.30448956538262090     
   96.640252221576532       -9.7716044750722583E-002
   96.823211130018521        7.3712323571552371E-002
   97.006242071250327       0.20584477547935418     
   97.189344527574974       0.29573449102493138     
   97.372517980266622       0.34149731356670737     
   97.555761909570691       0.34234359662510550     
   97.739075794703822       0.29858287597539884     
   97.922459113854032       0.21160172674627550     
   98.105911344180910        8.3815817350975971E-002
   98.289431961815666       -8.1402210492763111E-002
   98.473020441861266      -0.27981683597115764     
   98.656676258392594      -0.50644302250665685     
   98.840398884456675      -0.75567571897334140     
   99.024187792072723       -1.0214320327243309     
   99.208042452232490       -1.2973023733148661     
   99.391962334900313       -1.5767067350038046     
   99.575946909013368       -1.8530522596809424     
   99.759995642481925       -2.1198882960973515     
   99.944108002189566       -2.3710553387220825     
   100.12828345399340       -2.6008244802409810     
   100.31252146272428       -2.8040243337313906     
   100.49682149218721       -2.9761527610950611     
   100.68118300516147       -3.1134711705023985     
   100.86560546340094       -3.2130796045478163     
   101.05008832763453       -3.2729713227772730     
   101.23463105756620       -3.2920660717702543     
   101.41923311187567       -3.2702217321619069     
   101.60389394821841       -3.2082245155453784     
   101.78861302322616       -3.1077583557590307     
   101.97338979250732       -2.9713545855201153     
   102.15822371064716       -2.8023234048104904     
   102.34311423120838       -2.6046690236187842     
   102.52806080673138       -2.3829906909921355     
   102.71306288873474       -2.1423720975568621     
   102.89811992771560       -1.8882618536102211     
   103.08323137315008       -1.6263478934427211     
   103.26839667349384       -1.3624287365745427     
   103.45361527618233       -1.1022845447850989     
   103.63888662763142      -0.85155085214392456     
   103.82421017323787      -0.61559771594620616     
   104.00958535737969      -0.39941684493921054     
   104.19501162341687      -0.20751901456231864     
   104.38048841369165       -4.3843785855184156E-002
   104.56601516952924        8.8316785143734949E-002
   104.75159133123823       0.18637911693203849     
   104.93721633811128       0.24851279295329029     
   105.12288962842565       0.27366839371548957     
   105.30861063944359       0.26158826781643241     
   105.49437880741323       0.21280040483330537     
   105.68019356756898       0.12859592136940112     
   105.86605435413225        1.0990996639470348E-002
   106.05196060031206      -0.13732560894688065     
   106.23791173830563      -0.31305805362859968     
   106.42390719929915      -0.51238030405808277     
   106.60994641346828      -0.73102259443328432     
   106.79602880997906      -0.96436548248895115     
   106.98215381698839       -1.2075394198095499     
   107.16832086164487       -1.4555276871339067     
   107.35452937008949       -1.7032705226315565     
   107.54077876745639       -1.9457682926645079     
   107.72706847787356       -2.1781816197027757     
   107.91339792446357       -2.3959264892639638     
   108.09976652934454       -2.5947625044384210     
   108.28617371363066       -2.7708726391044274     
   108.47261889743321       -2.9209330547840566     
   108.65910149986126       -3.0421717855463513     
   108.84562093902252       -3.1324153545905924     
   109.03217663202432       -3.1901226578966888     
   109.21876799497412       -3.2144057283390710     
   109.40539444298081       -3.2050372706829151     
   109.59205539015525       -3.1624451277374530     
   109.77875024961145       -3.0876940946778011     
   109.96547843346723       -2.9824557371231730     
   110.15223935284521       -2.8489670847295891     
   110.33903241787399       -2.6899792625008438     
   110.52585703768868       -2.5086972844938913     
   110.71271262043228       -2.3087123670025695     
   110.89959857325637       -2.0939282209113355     
   111.08651430232224       -1.8684828539813980     
   111.27345921280188       -1.6366674551857490     
   111.46043270887895       -1.4028439445350820     
   111.64743419374993       -1.1713627546540712     
   111.83446306962503      -0.94648236583100609     
   112.02151873772937      -0.73229204596487874     
   112.20860059830400      -0.53263915252578686     
   112.39570805060703      -0.35106223740374082     
   112.58284049291464      -0.19073105960316092     
   112.76999732252237       -5.4394457841134718E-002
   112.95717793574617        5.5663131955586719E-002
   113.14438172792347       0.13765590716013776     
   113.33160809341446       0.19032125517817411     
   113.51885642560327       0.21293440362599692     
   113.70612611689900       0.20531312004782268     
   113.89341655873723       0.16781260219158600     
   114.08072714158094       0.10131087710744481     
   114.26805725492191        7.1851934172835119E-003
   114.45540628728195      -0.11271995711157037     
   114.64277362621417      -0.25613241777381041     
   114.83015865830421      -0.42039865834876244     
   115.01756076917158      -0.60253579829120296     
   115.20497934347101      -0.79928830706170806     
   115.39241376489369       -1.0071882759522515     
   115.57986341616864       -1.2226181267448919     
   115.76732767906414       -1.4418746149414634     
   115.95480593438899       -1.6612329980710125     
   116.14229756199396       -1.8770102714017463     
   116.32980194077318       -2.0856264226736689     
   116.51731844866556       -2.2836627224345079     
   116.70484646265622       -2.4679161454295913     
   116.89238535877789       -2.6354491091381154     
   117.07993451211246       -2.7836338166138721     
   117.26749329679242       -2.9101905992173487     
   117.45506108600229       -3.0132197702824390     
   117.64263725198019       -3.0912266198404752     
   117.83022116601937       -3.1431393023816030     
   118.01781219846978       -3.1683194919443349     
   118.20540971873942       -3.1665657998906607     
   118.39301309529621       -3.1381100687023755     
   118.58062169566934       -3.0836067682598030     
   118.76823488645101       -3.0041158276067730     
   118.95585203329796       -2.9010793335914831     
   119.14347250093310       -2.7762926162815291     
   119.33109565314722       -2.6318703190241926     
   119.51872085280061       -2.4702081160817366     
   119.70634746182471       -2.2939407936654410     
   119.89397484122392       -2.1058974488970241     
   120.08160235107712       -1.9090545862932353     
   120.26922935053955       -1.7064879024757247     
   120.45685519784452       -1.5013235473096862     
   120.64447925030511       -1.2966896341512579     
   120.83210086431593       -1.0956687441419477     
   121.01971939535504      -0.90125213061687703     
   121.20733419798566      -0.71629628082088714     
   121.39494462585790      -0.54348243467445856     
   121.58255003171078      -0.38527959567038828     
   121.77014976737401      -0.24391149852533120     
   121.95774318376972      -0.12132792349905794     
   122.14532963091459       -1.9180669600287595E-002
   122.33290845792152        6.1195580331678774E-002
   122.52047901300173       0.11879734926398812     
   122.70804064346653       0.15296133567090039     
   122.89559269572941       0.16336826550191305     
   123.08313451530788       0.15004170264772254     
   123.27066544682559       0.11334196444462838     
   123.45818483401415        5.3955354592649538E-002
   123.64569201971524       -2.7121013459310780E-002
   123.83318634588277      -0.12859847472955047     
   124.02066715358468      -0.24891977594944828     
   124.20813378300505      -0.38628532546053351     
   124.39558557344641      -0.53868227661425583     
   124.58302186333155      -0.70391596421018077     
   124.77044199020575      -0.87964319376680777     
   124.95784529073896       -1.0634068713751239     
   125.14523110072783       -1.2526714575038986     
   125.33259875509792       -1.4448587313289531     
   125.51994758790596       -1.6373833626418861     
   125.70727693234194       -1.8276878058657060     
   125.89458612073126       -2.0132760546562758     
   126.08187448453715       -2.1917458255670463     
   126.26914135436277       -2.3608187740879605     
   126.45638605995352       -2.5183683867097360     
   126.64360793019927       -2.6624452353911541     
   126.83080629313669       -2.7912993277290199     
   127.01798047595160       -2.9033993343289071     
   127.20512980498123       -2.9974485246140432     
   127.39225360571656       -3.0723972923990837     
   127.57935120280480       -3.1274522022775098     
   127.76642192005156       -3.1620815365081056     
   127.95346508042344       -3.1760173689924418     
   128.14048000605035       -3.1692542375116286     
   128.32746601822788       -3.1420445271437112     
   128.51442243741994       -3.0948907164752240     
   128.70134858326102       -3.0285346725906397     
   128.88824377455870       -2.9439442132156826     
   129.07510732929634       -2.8422971798445409     
   129.26193856463533       -2.7249632900439926     
   129.44873679691776       -2.5934840551194025     
   129.63550134166894       -2.4495510640756608     
   129.82223151359997       -2.2949829450603021     
   130.00892662661039       -2.1317013216314211     
   130.19558599379059       -1.9617060832995947     
   130.38220892742464       -1.7870502879832060     
   130.56879473899278       -1.6098150084834884     
   130.75534273917410       -1.4320844259527481     
   130.94185223784928       -1.2559214609298543     
   131.12832254410324       -1.0833442169452832     
   131.31475296622773      -0.91630349343684325     
   131.50114281172424      -0.75666160378460257     
   131.68749138730652      -0.60617271134580053     
   131.87379799890363      -0.46646487145112547     
   132.06006195166233      -0.33902394101831584     
   132.24628254995022      -0.22517949002673276     
   132.43245909735839      -0.12609282096813659     
   132.61859089670412       -4.2747173952557768E-002
   132.80467725003408        2.4059833216069162E-002
   132.99071745862676        7.3721508614823184E-002
   133.17671082299557       0.10582513917980790     
   133.36265664289184       0.12015282486262058     
   133.54855421730755       0.11668015033753552     
   133.73440284447821        9.5572773560014271E-002
   133.92020182188602        5.7181031490721568E-002
   134.10595044626265        2.0326822558774577E-003
   134.29164801359238       -6.9176080282256872E-002
   134.47729381911489      -0.15559118915532652     
   134.66288715732847      -0.25621268170740963     
   134.84842732199300      -0.36990791975334808     
   135.03391360613284      -0.49542587316847114     
   135.21934530204024      -0.63141228267545102     
   135.40472170127808      -0.77642551491153688     
   135.59004209468316      -0.92895292235095062     
   135.77530577236925       -1.0874275221742313     
   135.96051202373039       -1.2502448116196834     
   136.14566013744368       -1.4157795425522368     
   136.33074940147290       -1.5824022848433641     
   136.51577910307140       -1.7484956163666703     
   136.70074852878540       -1.9124697872238283     
   136.88565696445727       -2.0727777163081291     
   137.07050369522867       -2.2279291903341973     
   137.25528800554386       -2.3765041479150852     
   137.44000917915307       -2.5171649446213267     
   137.62466649911565       -2.6486675087619798     
   137.80925924780351       -2.7698713118294771     
   137.99378670690430       -2.8797480919862157     
   138.17824815742492       -2.9773892834684634     
   138.36264287969490       -3.0620121192446290     
   138.54697015336956       -3.1329643884928098     
   138.73122925743374       -3.1897278443810744     
   138.91541947020491       -3.2319202710676138     
   139.09954006933691       -3.2592962316401914     
   139.28359033182304       -3.2717465310506113     
   139.46756953399998       -3.2692964389999908     
   139.65147695155093       -3.2521027287932935     
   139.83531185950929       -3.2204495970856115     
   140.01907353226207       -3.1747435381912332     
   140.20276124355360       -3.1155072538570585     
   140.38637426648901       -3.0433726856354593     
   140.56991187353782       -2.9590732620624829     
   140.75337333653744       -2.8634354567776015     
   140.93675792669694       -2.7573697565175186     
   141.12006491460070       -2.6418611396046097     
   141.30329357021193       -2.5179591661657832     
   141.48644316287641       -2.3867677809228369     
   141.66951296132621       -2.2494349280301220     
   141.85250223368331       -2.1071420751996466     
   142.03541024746343       -1.9610937411909406     
   142.21823626957973       -1.8125071172133140     
   142.40097956634654       -1.6626018678209022     
   142.58363940348320       -1.5125901924103138     
   142.76621504611782       -1.3636672224809823     
   142.94870575879111       -1.2170018240696072     
   143.13111080546014       -1.0737278684496538     
   143.31342944950237      -0.93493602767361406     
   143.49566095371935      -0.80166614482094400     
   143.67780458034065      -0.67490022201506583     
   143.85985959102774      -0.55555606240052480     
   144.04182524687803      -0.44448159542474402     
   144.22370080842876      -0.34244990798654462     
   144.40548553566080      -0.25015499735353364     
   144.58717868800278      -0.16820825524632854     
   144.76877952433517       -9.7135686205518323E-002
   144.95028730299410       -3.7375857303543411E-002
   145.13170128177543        1.0721429475527745E-002
   145.31302071793897        4.6895756349098018E-002
   145.49424486821223        7.0976019563344941E-002
   145.67537298879483        8.2879693926162970E-002
   145.85640433536238        8.2611460366520825E-002
   146.03733816307067        7.0261228785129595E-002
   146.21817372655991        4.6001591974729091E-002
   146.39891027995861        1.0084749467666567E-002
   146.57954707688802       -3.7161057195713110E-002
   146.76008337046628       -9.5335554095132183E-002
   146.94051841331245      -0.16397084403394707     
   147.12085145755091      -0.24253616839991288     
   147.30108175481553      -0.33044297421006397     
   147.48120855625402      -0.42705023833171518     
   147.66123111253199      -0.53167000085696747     
   147.84114867383749      -0.64357305997952285     
   148.02096048988525      -0.76199478146409305     
   148.20066580992082      -0.88614097690883364     
   148.38026388272527       -1.0151938063893637     
   148.55975395661926       -1.1483176628048208     
   148.73913527946758       -1.2846649971963635     
   148.91840709868339       -1.4233820465110476     
   149.09756866123291       -1.5636144276786650     
   149.27661921363952       -1.7045125644245658     
   149.45555800198852       -1.8452369159304984     
   149.63438427193148       -1.9849629792567873     
   149.81309726869054       -2.1228860402877303     
   149.99169623706328       -2.2582256508802567     
   150.17018042142695       -2.3902298128085810     
   150.34854906574319       -2.5181788520108634     
   150.52680141356245       -2.6413889695200776     
   150.70493670802864       -2.7592154582841744     
   150.88295419188367       -2.8710555778503388     
   151.06085310747224       -2.9763510814424561     
   151.23863269674618       -3.0745903928420306     
   151.41629220126933       -3.1653104323520882     
   151.59383086222218       -3.2480980940940003     
   151.77124792040621       -3.3225913786012296     
   151.94854261624920       -3.3884801869285308     
   152.12571418980943       -3.4455067843425566     
   152.30276188078059       -3.4934659434192650     
   152.47968492849657       -3.5322047779708097     
   152.65648257193610       -3.5616222806692788     
   152.83315404972780       -3.5816685785296194     
   153.00969860015459       -3.5923439215571475     
   153.18611546115878       -3.5936974208449963     
   153.36240387034692       -3.5858255532545078     
   153.53856306499441       -3.5688704504948614     
   153.71459228205063       -3.5430179909686133     
   153.89049075814367       -3.5084957131507504     
   154.06625772958529       -3.4655705695295591     
   154.24189243237592       -3.4145465403522959     
   154.41739410220933       -3.3557621261651382     
   154.59276197447787       -3.2895877385038772     
   154.76799528427730       -3.2164230073198086     
   154.94309326641181       -3.1366940237739351     
   155.11805515539896       -3.0508505364306333     
   155.29288018547484       -2.9593631183800126     
   155.46756759059892       -2.8627203222050484     
   155.64211660445926       -2.7614258390023982     
   155.81652646047752       -2.6559956769059982     
   155.99079639181403       -2.5469553737328208     
   156.16492563137294       -2.4348372574854000     
   156.33891341180725       -2.3201777675333948     
   156.51275896552406       -2.2035148483269125     
   156.68646152468961       -2.0853854265202330     
   156.86002032123454       -1.9663229813788550     
   157.03343458685910       -1.8468552173385637     
   157.20670355303812       -1.7275018465646190     
   157.37982645102659       -1.6087724883776786     
   157.55280251186454       -1.4911646913758807     
   157.72563096638248       -1.3751620831722420     
   157.89831104520687       -1.2612326516622641     
   158.07084197876475       -1.1498271608490958     
   158.24322299728982       -1.0413777033645928     
   158.41545333082721      -0.93629639097487716     
   158.58753220923907      -0.83497418355828901     
   158.75945886220975      -0.73777985628393272     
   158.93123251925135      -0.64505910400325195     
   159.10285240970902      -0.55713378120451218     
   159.27431776276617      -0.47430127525656002     
   159.44562780745025      -0.39683401010446351     
   159.61678177263778      -0.32497907705863993     
   159.78777888706011      -0.25895798884548749     
   159.95861837930875      -0.19896655266731089     
   160.12929947784070      -0.14517485764117161     
   160.29982141098438       -9.7727371659907233E-002
   160.47018340694444       -5.6743142426281680E-002
   160.64038469380802       -2.2316097178069049E-002
   160.81042449954967        5.4845645877464270E-003
   160.98030205203747        2.6613891240064042E-002
   161.15001657903798        4.1050617958181407E-002
   161.31956730822242        4.8796530560152686E-002
   161.48895346717174        4.9875760323711292E-002
   161.65817428338266        4.4334015935564582E-002
   161.82722898427306        3.2237758691602683E-002
   161.99611679718754        1.3673327033088458E-002
   162.16483694940348       -1.1253983562249270E-002
   162.33338866813622       -4.2420879406579584E-002
   162.50177118054512       -7.9687060330593973E-002
   162.66998371373893      -0.12289623863794545     
   162.83802549478193      -0.17187717976182454     
   163.00589575069927      -0.22644475927692145     
   163.17359370848285      -0.28640103110819881     
   163.34111859509727      -0.35153630198386360     
   163.50846963748521      -0.42163020739939755     
   163.67564606257363      -0.49645278458716618     
   163.84264709727933      -0.57576553822950927     
   164.00947196851482      -0.65932249489403238     
   164.17611990319415      -0.74687124245333469     
   164.34259012823878      -0.83815395084044075     
   164.50888187058356      -0.93290837131349680     
   164.67499435718238       -1.0308688105781516     
   164.84092681501409       -1.1317670777108939     
   165.00667847108858       -1.2353334010485941     
   165.17224855245263       -1.3412973129772867     
   165.33763628619576       -1.4493885006722245     
   165.50284089945623       -1.5593376211022161     
   165.66786161942696       -1.6708770788668628     
   165.83269767336176       -1.7837417656664309     
   165.99734828858078       -1.8976697604330990     
   166.16181269247710       -2.0124029893833471     
   166.32609011252239       -2.1276878454507995     
   166.49017977627298       -2.2432757667680892     
   166.65408091137613       -2.3589237740570583     
   166.81779274557570       -2.4743949669604057     
   166.98131450671858       -2.5894589795260239     
   167.14464542276062       -2.7038923952012919     
   167.30778472177266       -2.8174791218495594     
   167.47073163194679       -2.9300107274261857     
   167.63348538160236       -3.0412867370819865     
   167.79604519919218       -3.1511148926001478     
   167.95841031330866       -3.2593113749583997     
   168.12057995268981       -3.3657009915324081     
   168.28255334622580       -3.4701173284460514     
   168.44432972296471       -3.5724028698114156     
   168.60590831211911       -3.6724090848672937     
   168.76728834307187       -3.7699964843958593     
   168.92846904538277       -3.8650346477722017     
   169.08944964879456       -3.9574022220325675     
   169.25022938323917       -4.0469868943790850     
   169.41080747884405       -4.1336853395474176     
   169.57118316593846       -4.2174031434821302     
   169.73135567505966       -4.2980547047582709     
   169.89132423695929       -4.3755631151956802     
   170.05108808260971       -4.4498600210980062     
   170.21064644321021       -4.5208854665401157     
   170.36999855019351       -4.5885877201040248     
   170.52914363523186       -4.6529230864508300     
   170.68808093024367       -4.7138557040862041     
   170.84680966739973       -4.7713573306480841     
   171.00532907912958       -4.8254071170123511     
   171.16363839812794       -4.8759913714913816     
   171.32173685736120       -4.9231033153255437     
   171.47962369007374       -4.9667428306919792     
   171.63729812979423       -5.0069162024219960     
   171.79475941034235       -5.0436358542886710     
   171.95200676583519       -5.0769200813482778     
   172.10903943069337       -5.1067927789610241     
   172.26585663964795       -5.1332831696772940     
   172.42245762774670       -5.1564255288480592     
   172.57884163036059       -5.1762589098539831     
   172.73500788319029       -5.1928268697781776     
   172.89095562227294       -5.2061771963138588     
   173.04668408398808       -5.2163616366399683     
   173.20219250506494       -5.2234356289583648     
   173.35748012258836       -5.2274580373324184     
   173.51254617400576       -5.2284908904296854     
   173.66738989713335       -5.2265991247131041     
   173.82201053016317       -5.2218503325947871     
   173.97640731166919       -5.2143145160062954     
   174.13057948061413       -5.2040638458112536     
   174.28452627635625       -5.1911724274322077     
   174.43824693865562       -5.1757160730285801     
   174.59174070768094       -5.1577720805228191     
   174.74500682401614       -5.1374190197301335     
   174.89804452866704       -5.1147365258120967     
   175.05085306306799       -5.0898051002436677     
   175.20343166908856       -5.0627059194626245     
   175.35577958904014       -5.0335206510999848     
   175.50789606568267       -5.0023312786579552     
   175.65978034223144       -4.9692199332465270     
   175.81143166236356       -4.9342687340044007     
   175.96284927022484       -4.8975596361589337     
   176.11403241043649       -4.8591742870971784     
   176.26498032810176       -4.8191938903480285     
   176.41569226881276       -4.7776990774141508     
   176.56616747865726       -4.7347697873777967     
   176.71640520422525       -4.6904851541882326     
   176.86640469261584       -4.6449234015209075     
   177.01616519144397       -4.5981617450901053     
   177.16568594884731       -4.5502763022821391     
   177.31496621349294       -4.5013420089695879     
   177.46400523458405       -4.4514325433604904     
   177.61280226186693       -4.4006202567295807     
   177.76135654563768       -4.3489761108750145     
   177.90966733674904       -4.2965696221515133     
   178.05773388661714       -4.2434688119197013     
   178.20555544722856       -4.1897401632684561     
   178.35313127114685       -4.1354485838655481     
   178.50046061151966       -4.0806573748107517     
   178.64754272208546       -4.0254282053743582     
   178.79437685718025       -3.9698210935244704     
   178.94096227174484       -3.9138943921813332     
   179.08729822133125       -3.8577047811608614     
   179.23338396210988       -3.8013072647568373     
   179.37921875087642       -3.7447551752445065     
   179.52480184505851       -3.6881001819813650     
   179.67013250272285       -3.6313923068642651     
   179.81520998258199       -3.5746799460653027     
   179.96003354400133       -3.5180098986975219     
   180.10460244700599       -3.4614274030407657     
   180.24891595228772       -3.4049761812497543     
   180.39297332121183       -3.3486984938206437     
   180.53677381582418       -3.2926352055558614     
   180.68031669885806       -3.2368258654263120     
   180.82360123374119       -3.1813088036366404     
   180.96662668460252       -3.1261212505154665     
   181.10939231627952       -3.0712994837427843     
   181.25189739432474       -3.0168790132310264     
   181.39414118501310       -2.9628948172381930     
   181.53612295534867       -2.9093816498783482     
   181.67784197307171       -2.8563744507103701     
   181.81929750666566       -2.8039089043807324     
   181.96048882536411       -2.7520222277815769     
   182.10141519915783       -2.7007543145636683     
   182.24207589880169       -2.6501494645853869     
   182.38247019582184       -2.6002591191518216     
   182.52259736252239       -2.5511464333095590     
   182.66245667199266       -2.5028944690028392     
   182.80204739811433       -2.4556222739857323     
   182.94136881556801       -2.4095206723769311     
   183.08042019984072       -2.3649486274178884     
   183.21920082723261       -2.3227966505473616     
   183.35770997486412       -2.2883792764400850     
   183.49594692068300       -2.2448959858870068     
   183.63391094347125       -2.1950212777797624     
   183.77160132285238       -2.1459036448664195     
   183.90901733929823       -2.0975479396541750     
   184.04615827413599       -2.0499580596426363     
   184.18302340955552       -2.0031369877424678     
   184.31961202861618       -1.9570868320617600     
   184.45592341525389       -1.9118088650231548     
   184.59195685428821       -1.8673035617662652     
   184.72771163142940       -1.8235706378071501     
   184.86318703328561       -1.7806090859212702     
   184.99838234736967       -1.7384172122238823     
   185.13329686210636       -1.6969926714251855     
   185.26792986683955       -1.6563325012398229     
   185.40228065183882       -1.6164331559330041     
   185.53634850830721       -1.5772905389915457     
   185.67013272838764       -1.5389000349067319     
   185.80363260517043       -1.5012565400612849     
   185.93684743270015       -1.4643544927154022     
   186.06977650598270       -1.4281879020876138     
   186.20241912099260       -1.3927503765289715     
   186.33477457467973       -1.3580351507919834     
   186.46684216497664       -1.3240351123973142     
   186.59862119080555       -1.2907428271017634     
   186.73011095208560       -1.2581505634739063     
   186.86131074973954       -1.2262503165877101     
   186.99221988570122       -1.1950338308390289     
   187.12283766292242       -1.1644926218969069     
   187.25316338538002       -1.1346179978065518     
   187.38319635808296       -1.1054010792374582     
   187.51293588707964       -1.0768328189547762     
   187.64238127946456       -1.0489040203804796     
   187.77153184338582       -1.0216053554675890     
   187.90038688805180      -0.99492738172644990     
   188.02894572373859      -0.96886055850835184     
   188.15720766179678      -0.94339526253918526     
   188.28517201465877      -0.91852180272586270     
   188.41283809584567      -0.89423043424977056     
   188.54020521997455      -0.87051137196883799     
   188.66727270276525      -0.84735480314350886     
   188.79403986104771      -0.82475089950860436     
   188.92050601276893      -0.80268982870661698     
   189.04667047699996      -0.78116176510326518     
   189.17253257394322      -0.76015690000387393     
   189.29809162493919      -0.73966545128815553     
   189.42334695247374      -0.71967767248376857     
   189.54829788018526      -0.70018386129552035     
   189.67294373287143      -0.68117436761037220     
   189.79728383649638      -0.66263960099509589     
   189.92131751819798      -0.64457003770495047     
   190.04504410629448      -0.62695622722226252     
   190.16846293029192      -0.60978879834036381     
   190.29157332089099      -0.59305846481280422     
   190.41437460999413      -0.57675603058188329     
   190.53686613071241      -0.56087239460599636     
   190.65904721737294      -0.54539855529985026     
   190.78091720552536      -0.53032561460518923     
   190.90247543194943      -0.51564478170683126     
   191.02372123466159      -0.50134737640905658     
   191.14465395292237      -0.48742483218810223     
   191.26527292724299      -0.47386869893536976     
   191.38557749939287      -0.46067064540397634     
   191.50556701240603      -0.44782246137488946     
   191.62524081058871      -0.43531605961835179     
   191.74459823952589      -0.42314347720464196     
   191.86363864608856      -0.41129687757703520     
   191.98236137844063      -0.39976855103677233     
   192.10076578604583      -0.38855091604130892     
   192.21885121967492      -0.37763651987680930     
   192.33661703141229      -0.36701803920618742     
   192.45406257466328      -0.35668828043196005     
   192.57118720416108      -0.34664017988499335     
   192.68799027597333      -0.33686680384826301     
   192.80447114750973      -0.32736134842604236     
   192.92062917752833      -0.31811713926791740     
   193.03646372614284      -0.30912763115562658     
   193.15197415482950      -0.30038640746288708     
   193.26715982643393      -0.29188717949558307     
   193.38202010517816      -0.28362378571994928     
   193.49655435666736      -0.27559019088780334     
   193.61076194789703      -0.26778048506480878     
   193.72464224725962      -0.26018888256964545     
   193.83819462455162      -0.25280972083025305     
   193.95141845098038      -0.24563745916454052     
   194.06431309917087      -0.23866667749050627     
   194.17687794317280      -0.23189207497280101     
   194.28911235846718      -0.22530846861062448     
   194.40101572197358      -0.21891079177286146     
   194.51258741205649      -0.21269409268488856     
   194.62382680853258      -0.20665353287288657     
   194.73473329267733      -0.20078438556938913     
   194.84530624723186      -0.19508203408510208     
   194.95554505640982      -0.18954197015067936     
   195.06544910590407      -0.18415979223289014     
   195.17501778289369      -0.17893120382850566     
   195.28425047605052      -0.17385201174001674     
   195.39314657554627      -0.16891812433559183     
   195.50170547305882      -0.16412554979771865     
   195.60992656177945      -0.15947039436233676     
   195.71780923641938      -0.15494886055190571     
   195.82535289321646      -0.15055724540499782     
   195.93255692994200      -0.14629193870483762     
   196.03942074590762      -0.14214942121412857     
   196.14594374197168      -0.13812626288026256     
   196.25212532054610      -0.13421912113325063     
   196.35796488560325      -0.13042473906905658     
   196.46346184268234      -0.12673994373793912     
   196.56861559889626      -0.12316164440327794     
   196.67342556293829      -0.11968683081967844     
   196.77789114508866      -0.11631257152488311     
   196.88201175722105      -0.11303601214678431     
   196.98578681280975      -0.10985437372645836     
   197.08921572693555      -0.10676495105859528     
   197.19229791629292      -0.10376511105017251     
   197.29503279919635      -0.10085229109833745     
   197.39741979558713       -9.8023997488334735E-002
   197.49945832703963       -9.5277803812182732E-002
   197.60114781676813       -9.2611349408790802E-002
   197.70248768963324       -9.0022337826057022E-002
   197.80347737214862       -8.7508535305615448E-002
   197.90411629248712       -8.5067769290467291E-002
   198.00440388048779       -8.2697926956139922E-002
   198.10433956766195       -8.0396953765458523E-002
   198.20392278720007       -7.8162852047443290E-002
   198.30315297397792       -7.5993679600394257E-002
   198.40202956456324       -7.3887548319529886E-002
   198.50055199722203       -7.1842622849041540E-002
   198.59871971192527       -6.9857119258935896E-002
   198.69653215035501       -6.7929303746559602E-002
   198.79398875591102       -6.6057491362930931E-002
   198.89108897371710       -6.4240044763707496E-002
   198.98783225062741       -6.2475372984902917E-002
   199.08421803523305       -6.0761930243184020E-002
   199.18024577786827       -5.9098214760691964E-002
   199.27591493061664       -5.7482767614134282E-002
   199.37122494731787       -5.5914171608183717E-002
   199.46617528357365       -5.4391050172849911E-002
   199.56076539675408       -5.2912066284690133E-002
   199.65499474600423       -5.1475921411596015E-002
   199.74886279224998       -5.0081354480972395E-002
   199.84236899820468       -4.8727140871068046E-002
   199.93551282837510       -4.7412091425090425E-002
   200.02829374906784       -4.6135051487919576E-002
   200.12071122839544       -4.4894899965175275E-002
   200.21276473628259       -4.3690548404149529E-002
   200.30445374447248       -4.2520940096544009E-002
   200.39577772653266       -4.1385049202467654E-002
   200.48673615786140       -4.0281879895539906E-002
   200.57732851569398       -3.9210465528841193E-002
   200.66755427910834       -3.8169867819455930E-002
   200.75741292903169       -3.7159176059126997E-002
   200.84690394824622       -3.6177506334287859E-002
   200.93602682139536       -3.5224000775222496E-002
   201.02478103498987       -3.4297826818983912E-002
   201.11316607741381       -3.3398176492453829E-002
   201.20118143893046       -3.2524265713462001E-002
   201.28882661168853       -3.1675333609888563E-002
   201.37610108972800       -3.0850641856385155E-002
   201.46300436898616       -3.0049474028258964E-002
   201.54953594730350       -2.9271134972363954E-002
   201.63569532442966       -2.8514950194464928E-002
   201.72148200202955       -2.7780265262779567E-002
   201.80689548368889       -2.7066445227443548E-002
   201.89193527492031       -2.6372874055449323E-002
   201.97660088316934       -2.5698954080765057E-002
   202.06089181781988       -2.5044105469304235E-002
   202.14480759020040       -2.4407765698391957E-002
   202.22834771358961       -2.3789389050411110E-002
   202.31151170322207       -2.3188446120337894E-002
   202.39429907629440       -2.2604423336738302E-002
   202.47670935197064       -2.2036822496066144E-002
   202.55874205138801       -2.1485160309808987E-002
   202.64039669766299       -2.0948967964250921E-002
   202.72167281589660       -2.0427790692532793E-002
   202.80256993318025       -1.9921187358703525E-002
   202.88308757860142       -1.9428730053469314E-002
   202.96322528324939       -1.8950003701354409E-002
   203.04298258022044       -1.8484605679008465E-002
   203.12235900462417       -1.8032145444320698E-002
   203.20135409358835       -1.7592244176162668E-002
   203.27996738626490       -1.7164534424365871E-002
   203.35819842383540       -1.6748659769826927E-002
   203.43604674951649       -1.6344274494292845E-002
   203.51351190856533       -1.5951043259769957E-002
   203.59059344828538       -1.5568640797126724E-002
   203.66729091803151       -1.5196751603779760E-002
   203.74360386921552       -1.4835069650152567E-002
   203.81953185531182       -1.4483298094698744E-002
   203.89507443186241       -1.4141149007252999E-002
   203.97023115648275       -1.3808343100477197E-002
   204.04500158886654       -1.3484609469206290E-002
   204.11938529079146       -1.3169685337467400E-002
   204.19338182612452       -1.2863315812927573E-002
   204.26699076082696       -1.2565253648642215E-002
   204.34021166296003       -1.2275259011834013E-002
   204.41304410268975       -1.1993099259519094E-002
   204.48548765229242       -1.1718548720841033E-002
   204.55754188615981       -1.1451388485844177E-002
   204.62920638080428       -1.1191406200578638E-002
   204.70048071486391       -1.0938395868311154E-002
   204.77136446910768       -1.0692157656701628E-002
   204.84185722644060       -1.0452497710724207E-002
   204.91195857190885       -1.0219227971264008E-002
   204.98166809270467       -9.9921659991067235E-003
   205.05098537817156       -9.7711348042673635E-003
   205.11991001980923       -9.5559626804574849E-003
   205.18844161127871       -9.3464830445199789E-003
   205.25657974840715       -9.1425342807992926E-003
   205.32432402919301       -8.9439595898461420E-003
   205.39167405381068       -8.7506068431357099E-003
   205.45862942461565       -8.5623284392013221E-003
   205.52518974614929       -8.3789811676631826E-003
   205.59135462514377       -8.2004260750334866E-003
   205.65712367052669       -8.0265283354350059E-003
   205.72249649342621       -7.8571571251301077E-003
   205.78747270717557       -7.6921855008968134E-003
   205.85205192731800       -7.5314902820926340E-003
   205.91623377161145       -7.3749519363282817E-003
   205.98001786003317       -7.2224544686440564E-003
   206.04340381478457       -7.0738853140613137E-003
   206.10639126029577       -6.9291352334267965E-003
   206.16897982323033       -6.7880982124479614E-003
   206.23116913248978       -6.6506713638197282E-003
   206.29295881921831       -6.5167548323586087E-003
   206.35434851680716       -6.3862517030387721E-003
   206.41533786089937       -6.2590679118496887E-003
   206.47592648939425       -6.1351121593996947E-003
   206.53611404245163       -6.0142958271696099E-003
   206.59590016249678       -5.8965328963371602E-003
   206.65528449422425       -5.7817398690968250E-003
   206.71426668460293       -5.6698356924088844E-003
   206.77284638287995       -5.5607416840828157E-003
   206.83102324058527       -5.4543814611395696E-003
   206.88879691153593       -5.3506808703854564E-003
   206.94616705184043       -5.2495679211078282E-003
   207.00313331990293       -5.1509727198652197E-003
   207.05969537642761       -5.0548274072671085E-003
   207.11585288442276       -4.9610660967046166E-003
   207.17160550920511       -4.8696248149858960E-003
   207.22695291840395       -4.7804414447727627E-003
   207.28189478196524       -4.6934556688160347E-003
   207.33643077215595       -4.6086089158958229E-003
   207.39056056356776       -4.5258443084276925E-003
   207.44428383312155       -4.4451066116937017E-003
   207.49760026007118       -4.3663421846276114E-003
   207.55050952600754       -4.2894989321185257E-003
   207.60301131486261       -4.2145262587903907E-003
   207.65510531291349       -4.1413750241966569E-003
   207.70679120878603       -4.0699974994063510E-003
   207.75806869345914       -4.0003473249160754E-003
   207.80893746026834       -3.9323794698645186E-003
   207.85939720490973       -3.8660501925025380E-003
   207.90944762544390       -3.8013170018835803E-003
   207.95908842229963       -3.7381386207239347E-003
   208.00831929827766       -3.6764749494159932E-003
   208.05713995855433       -3.6162870311462246E-003
   208.10555011068561       -3.5575370180829795E-003
   208.15354946461039       -3.5001881386082204E-003
   208.20113773265450       -3.4442046655562960E-003
   208.24831462953392       -3.3895518854274551E-003
   208.29507987235880       -3.3361960685493962E-003
   208.34143318063678       -3.2841044401562287E-003
   208.38737427627657       -3.2332451523537612E-003
   208.43290288359148       -3.1835872569484832E-003
   208.47801872930287       -3.1351006791089679E-003
   208.52272154254379       -3.0877561918339126E-003
   208.56701105486204       -3.0415253912115204E-003
   208.61088700022393       -2.9963806724265765E-003
   208.65434911501734       -2.9522952065129510E-003
   208.69739713805532       -2.9092429178136721E-003
   208.74003081057930       -2.8671984621329669E-003
   208.78224987626228       -2.8261372055589434E-003
   208.82405408121215       -2.7860352039350087E-003
   208.86544317397494       -2.7468691829573722E-003
   208.90641690553792       -2.7086165188835790E-003
   208.94697502933292       -2.6712552198335424E-003
   208.98711730123924       -2.6347639076586427E-003
   209.02684347958692       -2.5991218003703315E-003
   209.06615332515975       -2.5643086951017144E-003
   209.10504660119835       -2.5303049515906038E-003
   209.14352307340300       -2.4970914761725102E-003
   209.18158250993690       -2.4646497062570049E-003
   209.21922468142895       -2.4329615952815705E-003
   209.25644936097666       -2.4020095981242043E-003
   209.29325632414910       -2.3717766569620103E-003
   209.32964534898971       -2.3422461875643010E-003
   209.36561621601916       -2.3134020659974922E-003
   209.40116870823823       -2.2852286157452298E-003
   209.43630261113032       -2.2577105952157062E-003
   209.47101771266443       -2.2308331856322494E-003
   209.50531380329772       -2.2045819792951777E-003
   209.53919067597843       -2.1789429682013478E-003
   209.57264812614804       -2.1539025330107532E-003
   209.60568595174450       -2.1294474323527175E-003
   209.63830395320423       -2.1055647924566297E-003
   209.67050193346500       -2.0822420971009425E-003
   209.70227969796849       -2.0594671778726807E-003
   209.73363705466258       -2.0372282047180163E-003
   209.76457381400377       -2.0155136767909996E-003
   209.79508978895990       -1.9943124135762742E-003
   209.82518479501232       -1.9736135462881674E-003
   209.85485865015826       -1.9534065095306533E-003
   209.88411117491316       -1.9336810332165110E-003
   209.91294219231304       -1.9144271347353182E-003
   209.94135152791679       -1.8956351113599149E-003
   209.96933900980824       -1.8772955328866308E-003
   209.99690446859861       -1.8593992345085518E-003
   210.02404773742825       -1.8419373099028121E-003
   210.05076865196946       -1.8249011045369642E-003
   210.07706705042793       -1.8082822091772333E-003
   210.10294277354507       -1.7920724536076647E-003
   210.12839566460025       -1.7762639005321336E-003
   210.15342556941258       -1.7608488396856740E-003
   210.17803233634277       -1.7458197820729947E-003
   210.20221581629542       -1.7311694545722688E-003
   210.22597586272079       -1.7168907943601792E-003
   210.24931233161652       -1.7029769438893210E-003
   210.27222508152971       -1.6894212457908492E-003
   210.29471397355854       -1.6762172380256619E-003
   210.31677887135436       -1.6633586491638093E-003
   210.33841964112298       -1.6508393938239343E-003
   210.35963615162683       -1.6386535682673409E-003
   210.38042827418641       -1.6267954461166507E-003
   210.40079588268199       -1.6152594742321121E-003
   210.42073885355524       -1.6040402687091768E-003
   210.44025706581078       -1.5931326110168963E-003
   210.45935040101799       -1.5825314442595114E-003
   210.47801874331205       -1.5722318695643815E-003
   210.49626197939580       -1.5622291425902255E-003
   210.51407999854121       -1.5525186701568039E-003
   210.53147269259051       -1.5430960069855854E-003
   210.54843995595800       -1.5339568525537101E-003
   210.56498168563093       -1.5250970480610261E-003
   210.58109778117122       -1.5165125734984627E-003
   210.59678814471656       -1.5081995448241973E-003
   210.61205268098175       -1.5001542112403124E-003
   210.62689129725985       -1.4923729525674974E-003
   210.64130390342342       -1.4848522767175630E-003
   210.65529041192559       -1.4775888172615696E-003
   210.66885073780151       -1.4705793310860959E-003
   210.68198479866885       -1.4638206961443447E-003
   210.69469251472944       -1.4573099092940751E-003
   210.70697380876996       -1.4510440842197729E-003
   210.71882860616290       -1.4450204494412000E-003
   210.73025683486782       -1.4392363464047504E-003
   210.74125842543188       -1.4336892276546921E-003
   210.75183331099092       -1.4283766550835097E-003
   210.76198142727020       -1.4232962982618350E-003
   210.77170271258518       -1.4184459328433208E-003
   210.78099710784247       -1.4138234390451384E-003
   210.78986455653998       -1.4094268001992320E-003
   210.79830500476811       -1.4052541013820582E-003
   210.80631840120992       -1.4013035281091322E-003
   210.81390469714148       -1.3975733651020860E-003
   210.82106384643248       -1.3940619951262228E-003
   210.82779580554580       -1.3907678978923876E-003
   210.83410053353765       -1.3876896490297315E-003
   210.83997799205665       -1.3848259191207000E-003
   210.84542814534225       -1.3821754728054671E-003
   210.85045096022196       -1.3797371679491596E-003
   210.85504640610583       -1.3775099548721916E-003
   210.85921445497698       -1.3754928756507117E-003
   210.86295508137212       -1.3736850634782198E-003
   210.86626826234308       -1.3720857421017636E-003
   210.86915397737170       -1.3706942253408081E-003
   210.87161220816273       -1.3695099167249651E-003
   210.87364293806959       -1.3685323093703765E-003
   210.87524615016747       -1.3677609865620339E-003
   210.87642181866022       -1.3671956256060816E-003
   210.87716984550343       -1.3668360280640955E-003

