 # Molecular potential
 # R (nm)   Energy shift (MHz)
   1.0325107746402523E-004   0.0000000000000000     
   3.4612911600668167E-004   0.0000000000000000     
   7.2786033285514729E-004   0.0000000000000000     
   1.2484149255073845E-003   0.0000000000000000     
   1.9077872884595371E-003   0.0000000000000000     
   2.7059754353150494E-003   0.0000000000000000     
   3.6429782085848406E-003   0.0000000000000000     
   4.7187946540457612E-003   0.0000000000000000     
   5.9334238340835654E-003   0.0000000000000000     
   7.2868647604706349E-003   0.0000000000000000     
   8.7791163665732232E-003   0.0000000000000000     
   1.0410177494683022E-002   0.0000000000000000     
   1.2180046889670362E-002   0.0000000000000000     
   1.4088723195669981E-002   0.0000000000000000     
   1.6136204954152387E-002   0.0000000000000000     
   1.8322490602863846E-002   0.0000000000000000     
   2.0647578475102946E-002   0.0000000000000000     
   2.3111466799282943E-002   0.0000000000000000     
   2.5714153698658430E-002   0.0000000000000000     
   2.8455637191079318E-002   0.0000000000000000     
   3.1335915188873624E-002   0.0000000000000000     
   3.4354985498706976E-002   0.0000000000000000     
   3.7512845821479637E-002   0.0000000000000000     
   4.0809493752281288E-002   0.0000000000000000     
   4.4244926780282127E-002   0.0000000000000000     
   4.7819142288696839E-002   0.0000000000000000     
   5.1532137554705051E-002   0.0000000000000000     
   5.5383909749404305E-002   0.0000000000000000     
   5.9374455937765067E-002   0.0000000000000000     
   6.3503773078537010E-002   0.0000000000000000     
   6.7771858024243778E-002   0.0000000000000000     
   7.2178707521088264E-002   0.0000000000000000     
   7.6724318208910791E-002   0.0000000000000000     
   8.1408686621134305E-002   0.0000000000000000     
   8.6231809184696043E-002   0.0000000000000000     
   9.1193682220001918E-002   0.0000000000000000     
   9.6294301940842125E-002   0.0000000000000000     
  0.10153366445434964        0.0000000000000000     
  0.10691176576093003        0.0000000000000000     
  0.11242860175418863        0.0000000000000000     
  0.11808416822086445        0.0000000000000000     
  0.12387846084077675        0.0000000000000000     
  0.12981147518672254        0.0000000000000000     
  0.13588320672444218        0.0000000000000000     
  0.14209365081251646        0.0000000000000000     
  0.14844280270229540        0.0000000000000000     
  0.15493065753784002        0.0000000000000000     
  0.16155721035581494        0.0000000000000000     
  0.16832245608542895        0.0000000000000000     
  0.17522638954834716        0.0000000000000000     
  0.18226900545860011        0.0000000000000000     
  0.18945029842250508        0.0000000000000000     
  0.19677026293856920        0.0000000000000000     
  0.20422889339742012        0.0000000000000000     
  0.21182618408169279        0.0000000000000000     
  0.21956212916593898        0.0000000000000000     
  0.22743672271655369        0.0000000000000000     
  0.23544995869165322        0.0000000000000000     
  0.24360183094099577        0.0000000000000000     
  0.25189233320586846        0.0000000000000000     
  0.26032145911899213        0.0000000000000000     
  0.26888920220442225        0.0000000000000000     
  0.27759555587743773        0.0000000000000000     
  0.28644051344443594        0.0000000000000000     
  0.29542406810282551        0.0000000000000000     
  0.30454621294091549        0.0000000000000000     
  0.31380694093780193        0.0000000000000000     
  0.32320624496326139        0.0000000000000000     
  0.33274411777762625        0.0000000000000000     
  0.34242055203167249        0.0000000000000000     
  0.35223554026650383        0.0000000000000000     
  0.36218907491342384        0.0000000000000000     
  0.37228114829382891        0.0000000000000000     
  0.38251175261905912        0.0000000000000000     
  0.39288087999029592        0.0000000000000000     
  0.40338852239842637        0.0000000000000000     
  0.41403467172391550        0.0000000000000000     
  0.42481931973667408        0.0000000000000000     
  0.43574245809592477        0.0000000000000000     
  0.44680407835006997        0.0000000000000000     
  0.45800417193655613        0.0000000000000000     
  0.46934273018173556        0.0000000000000000     
  0.48081974430073066        0.0000000000000000     
  0.49243520539728897        0.0000000000000000     
  0.50418910446363652        0.0000000000000000     
  0.51608143238034743        0.0000000000000000     
  0.52811217991617088        0.0000000000000000     
  0.54028133772792464        0.0000000000000000     
  0.55258889636030140        0.0000000000000000     
  0.56503484624574629        0.0000000000000000     
  0.57761917770429227        0.0000000000000000     
  0.59034188094341677        0.0000000000000000     
  0.60320294605785540        0.0000000000000000     
  0.61620236302948861        0.0000000000000000     
  0.62934012172713938        0.0000000000000000     
  0.64261621190643792        0.0000000000000000     
  0.65603062320965499        0.0000000000000000     
  0.66958334516552398        0.0000000000000000     
  0.68327436718907919        0.0000000000000000     
  0.69710367858149758        0.0000000000000000     
  0.71107126852991964        0.0000000000000000     
  0.72517712610727081        0.0000000000000000     
  0.73942124027210732        0.0000000000000000     
  0.75380359986841539        0.0000000000000000     
  0.76832419362546134        0.0000000000000000     
  0.78298301015758576        0.0000000000000000     
  0.79778003796404129        0.0000000000000000     
  0.81271526542880224        0.0000000000000000     
  0.82778868082038615        0.0000000000000000     
  0.84300027229166596        0.0000000000000000     
  0.85835002787967229        0.0000000000000000     
  0.87383793550542488        0.0000000000000000     
  0.88946398297371698        0.0000000000000000     
  0.90522815797293776        0.0000000000000000     
  0.92113044807488587        0.0000000000000000     
  0.93717084073455426        0.0000000000000000     
  0.95334932328993349        0.0000000000000000     
  0.96966588296183587        0.0000000000000000     
  0.98612050685365871        0.0000000000000000     
   6.8953956422878493        480.44453884352333     
   6.9387608457369518        429.34940122728199     
   6.9822588267343484        385.50147449102218     
   7.0258895425379766        349.96681806618926     
   7.0696529502132837        323.34558478373856     
   7.1135490066326508        306.08770886451561     
   7.1575776684748735        298.07435158251656     
   7.2017388922245997        298.95867789201151     
   7.2460326341717849        308.03544369835947     
   7.2904588504111496        324.43063410694509     
   7.3350174968416191        346.91106080292991     
   7.3797085291657902        374.23706955385973     
   7.4245319028893562        405.04984154599754     
   7.4694875733205635        437.70534850948428     
   7.5145754955696491        470.95311868521702     
   8.1127326115511416        483.70545910559719     
   8.1596672336045089        446.98529986629586     
   8.2067334099853628        408.54529322193650     
   8.2539310925588758        369.85164131984618     
   8.3012602329824929        332.22625805034971     
   8.3487207827053744        296.66287486189378     
   8.3963126929678022        264.36642187707002     
   8.4440359148005797        236.18633103221114     
   8.4918903990244594        212.72698767327171     
   8.5398760962495430        194.58457117160680     
   8.5879929568746860        182.00775424028589     
   8.6362409310869150        175.07987662256352     
   8.6846199688608152        173.73570641674479     
   8.7331300199579491        177.69299842169909     
   8.7817710339262458        186.54543972924003     
   8.8305429600994199        199.66576412144983     
   8.8794457475963284        216.37362294569462     
   8.9284793453204188        235.88097822036488     
   8.9776437019590976        257.16939601014997     
   9.0269387659831146        279.34379253066265     
   9.0763644856459678        301.44631846192806     
   9.1259208089833059        322.34704105153764     
   9.1756076838122844        341.22647058942852     
   9.2254250577309911        357.29630299518317     
   9.2753728781177998        369.68351772136930     
   9.3254510921307734        377.97246767086551     
   9.3756596467070441        381.87057723562026     
   9.4259984885621844        381.03723814520941     
   9.4764675641896066        375.62067865741636     
   9.5270668198599253        365.92111031310640     
   9.5777962016203340        352.13986177579460     
   9.6286556552939881        334.87066943148943     
   9.6796451264793753        314.83157053838488     
   9.7307645605496891        292.55612062336473     
   9.7820139026522028        268.81289518524761     
   9.8333930977076314        244.46032139041208     
   9.8849020904095060        220.12774101346034     
   9.9365408252235312        196.53020000969499     
   9.9883092463869687        174.44348323175987     
   10.040207297907978        154.42431821150728     
   10.092234923564996        136.99426714117067     
   10.144392066906088        122.67846859068435     
   10.196678671248307        111.80809976549207     
   10.249094679677061        104.59555438496214     
   10.301640035045457        101.16852816524583     
   10.354314679973669        101.47765063416374     
   10.407118556848268        105.34562153856872     
   10.460051607821603        112.45836045395761     
   10.513113774811128        122.34736969338098     
   10.566304999498776        134.50168163133486     
   10.619625223330267        148.32680904164215     
   10.673074387514506        163.10935956414284     
   10.726652433022871        178.20726416072097     
   10.780359300588605        193.03546231640948     
   10.834194930706122        206.92563410672523     
   10.888159263630385        219.31305362509408     
   10.942252239376195        229.82604120917233     
   10.996473797717584        238.05851157687763     
   11.050823878187099        243.63452452464605     
   11.105302420075171        246.42276668399805     
   11.159909362429437        246.35480318873417     
   11.214644644054077        243.30970342716375     
   11.269508203509135        237.35797533053156     
   11.324499979109852        228.75276238056969     
   11.379619908925990        217.70082780118665     
   11.434867930781174        204.47678388783083     
   11.490243982252204        189.57222171051239     
   11.545748000668370        173.50438752603296     
   11.601379923110789        156.73426348205427     
   11.657139686411725        139.82548729893432     
   11.713027227153900        123.39725226278432     
   11.769042481669802        107.95427200608066     
   11.825185386041039        93.936144122182554     
   11.881455876097617        81.781941093910575     
   11.937853887417262        71.828093030086322     
   11.994379355324746        64.274267908098821     
   12.051032214891192        59.253178430027589     
   12.107812400933362        56.819709414028708     
   12.164719848013004        56.921548816847398     
   12.221754490436131        59.438668279764585     
   12.278916262252332        64.186064076841959     
   12.336205097254082        70.893155669149095     
   12.393620928976040        79.250369572119141     
   12.451163690694349        88.923280121914573     
   12.508833315425948        99.496739212713379     
   12.566629735927854        110.50626314888572     
   12.624552884696469        121.52549694290616     
   12.682602693966889        132.13134924399677     
   12.740779095712155        141.85084060804030     
   12.799082021642601        150.25953152635438     
   12.857511403205127        157.06227859295993     
   12.916067171582457        162.01098727706801     
   12.974749257692478        164.86988739922103     
   13.033557592187512        165.53043852878056     
   13.092492105453575        164.03825758320571     
   13.151552727609705        160.47259740579040     
   13.210739388507227        154.92405745324308     
   13.270052017729022        147.59352768400609     
   13.329490544588843        138.77866669994143     
   13.389054898130560        128.75977046417407     
   13.448745007127473        117.80175581757032     
   13.508560800081554        106.23900412532267     
   13.568502205222757        94.452420858600107     
   13.628569150508275        82.784504831034312     
   13.688761563621826        71.550966344025497     
   13.749079371972908        61.094446376529199     
   13.809522502696089        51.752435282691678     
   13.870090882650267        43.795475604912269     
   13.930784438417948        37.432946532165005     
   13.991603096304511        32.834394564779309     
   14.052546782337476        30.103255804921272     
   14.113615422265751        29.255258445692657     
   14.174808941558933        30.237699709564584     
   14.236127265406543        32.940178115490767     
   14.297570318717291        37.185869076942545     
   14.359138026118362        42.750402579424915     
   14.420830311954639        49.394231071476824     
   14.482647100287968        56.855726414389061     
   14.544588314896457        64.834010890646809     
   14.606653879273679        73.018955628258084     
   14.668843716627968        81.128110091637552     
   14.731157749881636        88.885709615500545     
   14.793595901670244        95.990877249958515     
   14.856158094341872        102.15173374146545     
   14.918844249956335        107.14102883059294     
   14.981654290284462        110.78651892136337     
   15.044588136807304        112.93121303309863     
   15.107645710715444        113.45543861119245     
   15.170826932908170        112.33590302427461     
   15.234131723992778        109.64357414322824     
   15.297560004283794        105.48662159482437     
   15.361111693802204        99.994009442450647     
   15.424786712274710        93.352560019475590     
   15.488584979132970        85.812656800493272     
   15.552506413512832        77.636533326702065     
   15.616550934253580        69.063328476496906     
   15.680718459897156        60.331355298431390     
   15.745008908687394        51.701640731344767     
   15.809422198569303        43.435501726756108     
   15.873958247188231        35.762715632712599     
   15.938616971889124        28.885772260878554     
   16.003398289715800        22.997816926853627     
   16.068302117410095        18.272812016768349     
   16.133328371411181        14.839103868190263     
   16.198476967854731        12.771586526824024     
   16.263747822572171        12.099346905405527     
   16.329140851089893        12.803469736297888     
   16.394655968628520        14.808993128176930     
   16.460293090102073        17.992968477325913     
   16.526052130117243        22.202936658018107     
   16.591933002972571        27.262226448934989     
   16.657935622657696        32.965702188259783     
   16.724059902852577        39.090473240015150     
   16.790305756926703        45.419307910210200     
   16.856673097938298        51.746860968250253     
   16.923161838633575        57.862955192837475     
   16.989771891445912        63.545630304978346     
   17.056503168495087        68.583509875089234     
   17.123355581586502        72.800892151479800     
   17.190329042210362        76.054757334425844     
   17.257423461540924        78.218562706833779     
   17.324638750435700        79.189828916748880     
   17.391974819434633        78.920899328948934     
   17.459431578759371        77.433664177127000     
   17.527008938312413        74.799538732256337     
   17.594706807676342        71.113465699251108     
   17.662525096113054        66.493442176861436     
   17.730463712562916        61.094465675174398     
   17.798522565644010        55.104206676264731     
   17.866701563651315        48.716909795668322     
   17.935000614555932        42.114758233692484     
   18.003419626004248        35.474318236820864     
   18.071958505317198        28.980576099120867     
   18.140617159489388        22.824183243586489     
   18.209395495188375        17.184313582136827     
   18.278293418753794        12.217741641609944     
   18.347310836196598        8.0607734199068286     
   18.416447653198261        4.8302665744190536     
   18.485703775109940        2.6137894772830683     
   18.555079106951677        1.4576950293421165     
   18.624573553411636        1.3656770082629166     
   18.694187018845248        2.3056451617928646     
   18.763919407274418        4.2140573060359880     
   18.833770622386730        6.9961819135062786     
   18.903740567534616        10.530822750518924     
   18.973829145734570        14.681868624455126     
   19.044036259666324        19.306741058832326     
   19.114361811672033        24.253951344605120     
   19.184805703755483        29.356942082600970     
   19.255367837581247        34.437369209808487     
   19.326048114473895        39.318526539530119     
   19.396846435417185        43.835959199450308     
   19.467762701053228        47.837024745239674     
   19.538796811681681        51.177912811800020     
   19.609948667258930        53.731657103497390     
   19.681218167397290        55.406081888545174     
   19.752605211364134        56.155621209079506     
   19.824109698081156        55.975864455519719     
   19.895731526123480        54.888561699809038     
   19.967470593718879        52.933609208379202     
   20.039326798746931        50.173018786619366     
   20.111300038738236        46.695923795517864     
   20.183390210873537        42.613384051338173     
   20.255597211982941        38.046022313228271     
   20.327920938545088        33.117148764132629     
   20.400361286686323        27.957129789257724     
   20.472918152179862        22.710842100492833     
   20.545591430444983        17.536423316271456     
   20.618381016546198        12.593640750618297     
   20.691286805192405        8.0308729574555002     
   20.764308690736094        3.9787190643861816     
   20.837446567172492       0.54892438984888292     
   20.910700328138763       -2.1677428142194288     
   20.984069866913146       -4.1065941088317874     
   21.057555076414154       -5.2325388472927132     
   21.131155849199729       -5.5379080712557460     
   21.204872077466408       -5.0368144216958353     
   21.278703653048513       -3.7618290803865553     
   21.352650467417302       -1.7651298055350533     
   21.426712411680132       0.87949848966205801     
   21.500889376579650        4.0780517256538937     
   21.575181252492939        7.7205496729197458     
   21.649587929430684        11.684145406416286     
   21.724109297036371        15.833717054113967     
   21.798745244585398        20.023774540452145     
   21.873495660984290        24.106143100373622     
   21.948360434769832        27.942219719351264     
   22.023339454108253        31.412912566758180     
   22.098432606794368        34.420565612230035     
   22.173639780250763        36.884379243564069     
   22.248960861526960        38.736283926710428     
   22.324395737298552        39.922221370301770     
   22.399944293866390        40.407012062776616     
   22.475606417155738        40.177088870218192     
   22.551381992715424        39.238358938547329     
   22.627270905717026        37.612501544055064     
   22.703273040953999        35.337061396262953     
   22.779388282840866        32.470374366487604     
   22.855616515412365        29.096376032467592     
   22.931957622322596        25.323175268960668     
   23.008411486844203        21.274228115438994     
   23.084977991867518        17.076951689460014     
   23.161657019899735        12.854836923456551     
   23.238448453064034        8.7249963657216032     
   23.315352173098784        4.7983075715269088     
   23.392368061356660        1.1784209898204199     
   23.469495998803843       -2.0411742375710289     
   23.546735866019134       -4.7799442548040521     
   23.624087543193134       -6.9711439613634729     
   23.701550910127409       -8.5615063493827499     
   23.779125846233612       -9.5122672588018045     
   23.856812230532679       -9.8026641585891614     
   23.934609941653964       -9.4341026071093079     
   24.012518857834390       -8.4318100037723287     
   24.090538856917625       -6.8424897666311280     
   24.168669816353216       -4.7295011651805829     
   24.246911613195763       -2.1684026995858559     
   24.325264124104049       0.75572095146436968     
   24.403727225340226        3.9500291398736485     
   24.482300792768939        7.3163533878548863     
   24.560984701856523        10.754420414212792     
   24.639778827670092        14.164362487437106     
   24.718683044876762        17.447245867665561     
   24.797697227742773        20.504479940736843     
   24.876821250132611        23.238831819355248     
   24.956054985508246        25.559216494363373     
   25.035398306928201        27.388544070826050     
   25.114851087046763        28.671077042211078     
   25.194413198113093        29.375536851693585     
   25.274084511970425        29.492913059905682     
   25.353864900055186        29.031305441241692     
   25.433754233396165        28.011432126721598     
   25.513752382613664        26.464903782987331     
   25.593859217918631        24.434662467907369     
   25.674074609111869        21.975485529184549     
   25.754398425583140        19.153128380015460     
   25.834830536310324        16.042454004741405     
   25.915370809858594        12.725871930424985     
   25.996019114379553        9.2926825464833023     
   26.076775317610412        5.8383440325652511     
   26.157639286873099        2.4619395006652778     
   26.238610889073463      -0.73888480387001854     
   26.319689990700404       -3.6742669823696659     
   26.400876457825010       -6.2672833117181552     
   26.482170156099770       -8.4560314684029461     
   26.563570950757654       -10.192719214270772     
   26.645078706611329       -11.441571112558682     
   26.726693288052292       -12.177639015201368     
   26.808414559050007       -12.387431518252452     
   26.890242383151094       -12.070743361438641     
   26.972176623478450       -11.242322483690252     
   27.054217142730451       -9.9323935660529905     
   27.136363803180060       -8.1859463881923009     
   27.218616466674021       -6.0612086611594318     
   27.300974994631975       -3.6275370050046756     
   27.383439248045661      -0.96254339306951930     
   27.466009087478074        1.8516806400596122     
   27.548684373062546        4.7327137274038211     
   27.631464964502015        7.6011003086979665     
   27.714350721068104        10.381631613174939     
   27.797341501600318        13.002516794974694     
   27.880437164505167        15.393773531011362     
   27.963637567755374        17.486902912480463     
   28.046942568889005        19.217314765496102     
   28.130352025008619        20.529307760384825     
   28.213865792780449        21.381727852363198     
   28.297483728433562        21.751844522721850     
   28.381205687759014        21.635889794017782     
   28.465031526109023        21.046472452277300     
   28.548961098396070        20.008534536544232     
   28.632994259092190        18.555811319578755     
   28.717130862228004        16.728920821438518     
   28.801370761391954        14.574988777651303     
   28.885713809729445        12.147929637363175     
   28.970159859942019        9.5084870187352806     
   29.054708764286513        6.7236238362749337     
   29.139360374574228        3.8653096216932710     
   29.224114542170092        1.0088414766666489     
   29.308971117991835       -1.7693532423358782     
   29.393929952509151       -4.3945809022051394     
   29.478990895742861       -6.7973010522489474     
   29.564153797264090       -8.9164913596498749     
   29.649418506193427       -10.702035793738599     
   29.734784871200112       -12.115456975715484     
   29.820252740501179       -13.129077675815120     
   29.905821961860660       -13.724522981560126     
   29.991492382588742       -13.891804892147372     
   30.077263849540905       -13.629804207171414     
   30.163136209117184       -12.947999419760819     
   30.249109307261239       -11.868361100437339     
   30.335182989459600       -10.426019277949067     
   30.421357100740810       -8.6678506990388637     
   30.507631485674644       -6.6492164341412474     
   30.594005988371197       -4.4300381681285401     
   30.680480452480182       -2.0716488028378097     
   30.767054721190004       0.36471638520470645     
   30.853728637226968        2.8179029452105646     
   30.940502042854536        5.2262058978838954     
   31.027374779872375        7.5272445178306917     
   31.114346689615658        9.6590698533575559     
   31.201417612954174        11.562534396495380     
   31.288587390291529        13.184351754306945     
   31.375855861564357        14.480036863967207     
   31.463222866241484        15.416064518278333     
   31.550688243323094        15.970933383542262     
   31.638251831339971        16.135150999857444     
   31.725913468352623        15.910348956968388     
   31.813672991950529        15.307824727723821     
   31.901530239251297        14.346868884511945     
   31.989485046899858        13.053295050515340     
   32.077537251067660        11.458571649618330     
   32.165686687451881        9.5997615297360834     
   32.253933191274591        7.5200989920590047     
   32.342276597281973        5.2696153944860535     
   32.430716739743517        2.9050072557244224     
   32.519253452451210       0.48812260372069327     
   32.607886568718726       -1.9169829111257290     
   32.696615921380634       -4.2477602712509395     
   32.785441342791636       -6.4465465175943004     
   32.874362664825689       -8.4626076004141293     
   32.963379718875302       -10.252473115208428     
   33.052492335850680       -11.779018305178187     
   33.141700346178915       -13.010330369223453     
   33.231003579803271       -13.919425761047362     
   33.320401866182301       -14.485342461447155     
   33.409895034289150       -14.695288351201551     
   33.499482912610667       -14.546827860576695     
   33.589165329146709       -14.048934104201459     
   33.678942111409292       -13.221242782656276     
   33.768813086421822       -12.091748667949211     
   33.858778080718338       -10.693966403146412     
   33.948836920342707       -9.0647872230931892     
   34.038989430847820       -7.2438000840076091     
   34.129235437294867       -5.2739857616064052     
   34.219574764252506       -3.2028988488978678     
   34.310007235796142       -1.0831261360582629     
   34.400532675507094        1.0288847455393231     
   34.491150906471852        3.0757331092475604     
   34.581861751281309        5.0029161469469265     
   34.672665032029975        6.7623021695110941     
   34.763560570315228        8.3140447191987672     
   34.854548187236510        9.6264932039144302     
   34.945627703394621        10.674592829735593     
   35.036798938890868        11.437919240273740     
   35.128061713326396        11.899560207208365     
   35.219415845801379        12.046546963476317     
   35.310861154914228        11.871722127050633     
   35.402397458760916        11.376195996607832     
   35.494024574934151        10.571224050188505     
   35.585742320522634        9.4785771539610781     
   35.677550512110351        8.1291460953578039     
   35.769448965775752        6.5602837918338164     
   35.861437497091075        4.8128672512956738     
   35.953515921121522        2.9290498350443732     
   36.045684052424583       0.95122741474321137     
   36.137941705049244       -1.0778848314454357     
   36.230288692535275       -3.1146715813758936     
   36.322724827912459       -5.1143096945025217     
   36.415249923699875       -7.0313065130913754     
   36.507863791905173       -8.8210014308557962     
   36.600566244023788       -10.441669651714255     
   36.693357091038273       -11.856592872696512     
   36.786236143417526       -13.035507091735971     
   36.879203211116057       -13.955151774508820     
   36.972258103573289       -14.599047173567767     
   37.065400629712812       -14.956914773690849     
   37.158630597941652       -15.024208731911981     
   37.251947816149581       -14.802049970467358     
   37.345352091708378       -14.297558821667899     
   37.438843231471111       -13.524316690438161     
   37.532421041771400       -12.502574305926673     
   37.626085328422747       -11.258908170983043     
   37.719835896717811       -9.8252575013855683     
   37.813672551427686       -8.2375321525883987     
   37.907595096801188       -6.5341405004591024     
   38.001603336564166       -4.7547743711502113     
   38.095697073918814       -2.9396239047629891     
   38.189876111542944       -1.1289681920431707     
   38.284140251589271       0.63709217361469184     
   38.378489295684780        2.3190488052877103     
   38.472923044929971        3.8787468475674474     
   38.567441299898192        5.2805140041239502     
   38.662043860634952        6.4924865856482423     
   38.756730526657250        7.4878470593489457     
   38.851501096952823        8.2456973025523492     
   38.946355369979557        8.7514169154289849     
   39.041293143664760        8.9965359194435521     
   39.136314215404447        8.9783046834712152     
   39.231418382062728        8.6992077719287195     
   39.326605439971132        8.1666239184358620     
   39.421875184927856        7.3927104308739082     
   39.517227412197244        6.3944459336997177     
   39.612661916508955        5.1936621308098552     
   39.708178492057414        3.8168728931275031     
   39.803776932501123        2.2947711190587965     
   39.899457030961983       0.66137908820347113     
   39.995218580024662       -1.0470449186169657     
   40.091061371735925       -2.7931704004287177     
   40.186985197604002       -4.5396560704355915     
   40.282989848597929       -6.2500003969839124     
   40.379075115146904       -7.8891673917384333     
   40.475240787139640       -9.4240571683583791     
   40.571486653923749       -10.823930686137196     
   40.667812504305061       -12.060883602797347     
   40.764218126547036       -13.110407428734952     
   40.860703308370105       -13.952005108793770     
   40.957267836951061       -14.569773931556881     
   41.053911498922417       -14.952852906114318     
   41.150634080371780       -15.095658329385051     
   41.247435366841245       -14.997886011950964     
   41.344315143326767       -14.664316743045347     
   41.441273194277571       -14.104499163466057     
   41.538309303595511       -13.332388305283116     
   41.635423254634425       -12.365990853195896     
   41.732614830199651       -11.227024474312559     
   41.829883812547308       -9.9405584116295387     
   41.927229983383732       -8.5345827793709201     
   42.024653123864894       -7.0394619172764363     
   42.122153014595796       -5.4872583179003964     
   42.219729435629887       -3.9109543443667163     
   42.317382166468455       -2.3436322513321057     
   42.415110986060064      -0.81768572528366523     
   42.512915672799956       0.63587594334144260     
   42.610796004529490        1.9880009111068588     
   42.708751758535570        3.2120517188569804     
   42.806782711550007        4.2841810390772608     
   42.904888639749082        5.1836708407233161     
   43.003069318752850        5.8932684842522969     
   43.101324523624626        6.3995272022836307     
   43.199654028870455        6.6931284821630328     
   43.298057608438505        6.7691419627597549     
   43.396535035718578        6.6271729198573217     
   43.495086083541480        6.2713600856263012     
   43.593710524178519        5.7102124292864307     
   43.692408129340997        4.9563029977948219     
   43.791178670179605        4.0258606015210274     
   43.890021917283924        2.9383088032257727     
   43.988937640681883        1.7157946700121947     
   44.087925609839232       0.38273111275558697     
   44.186985593658989       -1.0346458613623812     
   44.286117360481001       -2.5087215972685004     
   44.385320678081321       -4.0109728560401035     
   44.484595313671768       -5.5124822387439716     
   44.583941033899364       -6.9845007829419297     
   44.683357604845881       -8.3990438314201974     
   44.782844792027269       -9.7294897040908452     
   44.882402360393243       -10.951143646559158     
   44.982030074326687       -12.041732990949770     
   45.081727697643217       -12.981811636054072     
   45.181494993590711       -13.755068157992577     
   45.281331724848769       -14.348546463189701     
   45.381237653528274       -14.752796359566974     
   45.481212541170883       -14.961971780559239     
   45.581256148748587       -14.973887673716623     
   45.681368236663168       -14.790036136787640     
   45.781548564745862       -14.415552627547088     
   45.881796892256730       -13.859117791850625     
   45.982112977884363       -13.132781617967069     
   46.082496579745303       -12.251703806556769     
   46.182947455383641       -11.233814914104089     
   46.283465361770588       -10.099413344728491     
   46.384050055303980       -8.8707202267723897     
   46.484701291807895       -7.5714156102458867     
   46.585418826532170       -6.2261752536685444     
   46.686202414151985       -4.8602193909452920     
   46.787051808767480       -3.4988762288645008     
   46.887966763903236       -2.1671565050029313     
   46.988947032507930      -0.88933325402304542     
   47.089992366953929       0.31147654333942754     
   47.191102519036832        1.4137256618550833     
   47.292277239975050        2.3978355541469503     
   47.393516280409479        3.2465643812849176     
   47.494819390403045        3.9453255697177738     
   47.596186319440314        4.4824402994234198     
   47.697616816427107        4.8493132662680951     
   47.799110629690134        5.0405292208791028     
   47.900667506976575        5.0538758276764337     
   48.002287195453746        4.8903041239404459     
   48.103969441708692        4.5538399438263726     
   48.205713991747828        4.0514579392607155     
   48.307520590996582        3.3929252744271183     
   48.409388984299042        2.5906164581237459     
   48.511318915917563        1.6592960673715167     
   48.613310129532486       0.61586386096893275     
   48.715362368241699      -0.52094229967169636     
   48.817475374560381       -1.7308865021653079     
   48.919648890420632       -2.9926130527334442     
   49.021882657171119       -4.2840525741198876     
   49.124176415576798       -5.5828414030803577     
   49.226529905818509       -6.8667382058513589     
   49.328942867492763       -8.1140230566907565     
   49.431415039611366       -9.3038678943025488     
   49.533946160601097       -10.416672136346886     
   49.636535968303427       -11.434361914640881     
   49.739184199974240       -12.340654698967741     
   49.841890592283498       -13.121292315565629     
   49.944654881314989       -13.764244512790459     
   50.047476802565981       -14.259882859672098     
   50.150356090947014       -14.601121870691268     
   50.253292480781596       -14.783521903530000     
   50.356285705805902       -14.805347427357187     
   50.459335499168574       -14.667575103467684     
   50.562441593430378       -14.373848607735480     
   50.665603720564036       -13.930380637924884     
   50.768821611953868       -13.345806200238481     
   50.872094998395674       -12.630994178843254     
   50.975423610096392       -11.798825732350567     
   51.078807176673919       -10.863948020843770     
   51.182245427156822       -9.8425103778518963     
   51.285738089984193       -8.7518878815461960     
   51.389284893005346       -7.6103950858268030     
   51.492885563479675       -6.4369911282916776     
   51.596539828076395       -5.2509769826889965     
   51.700247412874333       -4.0716863689159553     
   51.804008043361790       -2.9181735104489603     
   51.907821444436244       -1.8089030334784713     
   52.011687340404301      -0.76144916097191184     
   52.115605454981335       0.20778756178293722     
   52.219575511291488        1.0838378541705895     
   52.323597231867360        1.8533887134204421     
   52.427670338649932        2.5049711704100384     
   52.531794552988316        3.0291087494899211     
   52.635969595639736        3.4184271051567907     
   52.740195186769185        3.6677271759108088     
   52.844471045949454        3.7740251034332783     
   52.948796892160892        3.7365620563075486     
   53.053172443791304        3.5567861740786371     
   53.157597418635838        3.2383075021279804     
   53.262071533896787        2.7868254947691913     
   53.366594506183610        2.2100278575057075     
   53.471166051512633        1.5174594650783826     
   53.575785885307120       0.72036090702304623     
   53.680453722397040      -0.16852226984596808     
   53.785169277019079       -1.1351566535292017     
   53.889932262816451       -2.1644595564717708     
   53.994742392838880       -3.2405528247256346     
   54.099599379542482       -4.3470248608361937     
   54.204502934789758       -5.4671939533382723     
   54.309452769849422       -6.5843668523480714     
   54.414448595396422       -7.6820878891207416     
   54.519490121511886       -8.7443754781819472     
   54.624577057683013       -9.7559442256261786     
   54.729709112803071       -10.702411829682774     
   54.834885995171398       -11.570490354325205     
   54.940107412493255       -12.348161297221091     
   55.045373071879915       -13.024833295111055     
   55.150682679848607       -13.591480556457661     
   55.256035942322455       -14.040759447272407     
   55.361432564630576       -14.367100318031659     
   55.466872251507979       -14.566771795118413     
   55.572354707095592       -14.637915397582573     
   55.677879634940311       -14.580549391832282     
   55.783446737994993       -14.396542077191823     
   55.889055718618472       -14.089555979753507     
   55.994706278575620       -13.664965500363710     
   56.100398119037322       -13.129751256593750     
   56.206130940580579       -12.492374609454048     
   56.311904443188553       -11.762635703637676     
   56.417718326250586       -10.951517892488265     
   56.523572288562249       -10.071020831840336     
   56.629466028325488       -9.1339839926434419     
   56.735399243148649       -8.1539020088223992     
   56.841371630046517       -7.1447332337600624     
   56.947382885440483       -6.1207031365288787     
   57.053432705158592       -5.0961046620988899     
   57.159520784435628       -4.0850982840199634     
   57.265646817913257       -3.1015150418741215     
   57.371810499640155       -2.1586662331009703     
   57.478011523072055       -1.2691635141786002     
   57.584249581071930      -0.44475291458682620     
   57.690524365910136       0.30383429655212230     
   57.796835569264509       0.96701174038827231     
   57.903182882220484        1.5364477916055659     
   58.009565995271387        2.0051547581690174     
   58.115984598318455        2.3675576435471357     
   58.222438380671008        2.6195431949818544     
   58.328927031046753        2.7584901072409869     
   58.435450237571757        2.7832811752905693     
   58.542007687780867        2.6942979484312226     
   58.648599068617713        2.4933981379606216     
   58.755224066434984        2.1838757816086991     
   58.861882366994692        1.7704040637838701     
   58.968573655468241        1.2589607904989233     
   59.075297616436799       0.65673683255412585     
   59.182053933891432       -2.7971653249918571E-002
   59.288842291233358      -0.78588581087058373     
   59.395662371274241       -1.6068794486798210     
   59.502513856236355       -2.4801246172502669     
   59.609396427752912       -3.3942444741476043     
   59.716309766868271       -4.3374703618624668     
   59.823253554038239       -5.2978001068008336     
   59.930227469130372       -6.2631548290774521     
   60.037231191424191       -7.2215319747629705     
   60.144264399611536       -8.1611527658642196     
   60.251326771796833       -9.0706027278082662     
   60.358417985497418       -9.9389643312196689     
   60.465537717643805       -10.755941028794167     
   60.572685644580112       -11.511972067213723     
   60.679861442064286       -12.198337420185274     
   60.787064785268441       -12.807252068430159     
   60.894295348779281       -13.331948698992754     
   61.001552806598369       -13.766747773211087     
   61.108836832142529       -14.107113872610412     
   61.216147098244228       -14.349697310445070     
   61.323483277151865       -14.492360206170392     
   61.430845040530237       -14.534186544908824     
   61.538232059460903       -14.475476153689629     
   61.645644004442573       -14.317722965723064     
   61.753080545391448       -14.063578364815161     
   61.860541351641764       -13.716800752612476     
   61.968026091946115       -13.282192728259382     
   62.075534434475863       -12.765527397162984     
   62.183066046821693       -12.173465336983725     
   62.290620595993829       -11.513463668433186     
   62.398197748422781       -10.793678538471848     
   62.505797169959500       -10.022862168709876     
   62.613418525876064       -9.2102554870954290     
   62.721061480866055       -8.3654772791454803     
   62.828725699045016       -7.4984107814335630     
   62.936410843951016       -6.6190886961202580     
   63.044116578545093       -5.7375777169438082     
   63.151842565211723       -4.8638637985119546     
   63.259588465759428       -4.0077395391483517     
   63.367353941421200       -3.1786951502441703     
   63.475138652855073       -2.3858145235916410     
   63.582942260144677       -1.6376778654143787     
   63.690764422799717      -0.94227223667016635     
   63.798604799756561      -0.30691113273957771     
   63.906463049378829       0.26183602790030841     
   64.014338829457913       0.75820392861668195     
   64.122231797213558        1.1772806055936222     
   64.230141609294449        1.5150458954879951     
   64.338067921778801        1.7683992549101297     
   64.446010390174976        1.9351772646984764     
   64.553968669422076        2.0141612016226649     
   64.661942413890515        2.0050750704541667     
   64.769931277382724        1.9085744575954928     
   64.877934913133771        1.7262265160936026     
   64.985952973811862        1.4604813445251175     
   65.093985111519217        1.1146350001602732     
   65.202030977792589       0.69278440494469207     
   65.310090223603822       0.19977446888424916     
   65.418162499360818      -0.35886213278916529     
   65.526247454907931      -0.97697194434551893     
   65.634344739526824       -1.6478537244327314     
   65.742454001937119       -2.3643365325164529     
   65.850574890297025       -3.1188618427140331     
   65.958707052204261       -3.9035685144962264     
   66.066850134696537       -4.7103793947756110     
   66.175003784252425       -5.5310883289245458     
   66.283167646792080       -6.3574464157909780     
   66.391341367677967       -7.1812464468481716     
   66.499524591715641       -7.9944046070455395     
   66.607716963154459       -8.7890386685329815     
   66.715918125688447       -9.5575420610730966     
   66.824127722457007       -10.292653339395223     
   66.932345396045719       -10.987520677004431     
   67.040570788487173       -11.635761092693809     
   67.148803541261771       -12.231514158256019     
   67.257043295298473       -12.769489951730462     
   67.365289690975771       -13.245011015179690     
   67.473542368122338       -13.654048064096056     
   67.581800966018051       -13.993249187400815     
   67.690065123394717       -14.259962284068139     
   67.798334478436999       -14.452250512606710     
   67.906608668783193       -14.568900586974221     
   68.014887331526310       -14.609423836863998     
   68.123170103214747       -14.574050056936931     
   68.231456619853248       -14.463714291092774     
   68.339746516903915       -14.280036823649176     
   68.448039429286936       -14.025296769274712     
   68.556334991381689       -13.702399757478938     
   68.664632837027582       -13.314840287941403     
   68.772932599524950       -12.866659385302388     
   68.881233911636116       -12.362398205128121     
   68.989536405586293       -11.807048238976668     
   69.097839713064516       -11.205998740545054     
   69.206143465224727       -10.564981955078807     
   69.314447292686594       -9.8900166864198731     
   69.422750825536710       -9.1873506907132754     
   69.531053693329426       -8.4634023471477597     
   69.639355525087936       -7.7247020299942211     
   69.747655949305297       -6.9778335942369392     
   69.855954593945469       -6.2293763887089826     
   69.964251086444364       -5.4858482230105778     
   70.072545053710797       -4.7536497326157949     
   70.180836122127729       -4.0390106053241555     
   70.289123917553141       -3.3479381436098130     
   70.397408065321258       -2.6861686392647757     
   70.505688190243546       -2.0591220210653121     
   70.613963916609890       -1.4718602040221545     
   70.722234868189588      -0.92904951829706761     
   70.830500668232574      -0.43492752988894956     
   70.938760939470455        6.7255125474960349E-003
   71.047015304117807       0.39261045462417554     
   71.155263383872992       0.71992817169695711     
   71.263504799919701       0.98639367777115317     
   71.371739172927818        1.1902454927425135     
   71.479966123054794        1.3302504097249910     
   71.588185269946678        1.4057038454372155     
   71.696396232739332        1.4164259824349121     
   71.804598630059786        1.3627539236280450     
   71.912792080027216        1.2455300799285243     
   72.020976200254296        1.0660870048107052     
   72.129150607848459       0.82622887923849442     
   72.237314919412995       0.52820984096333656     
   72.345468751048429       0.17470934720207934     
   72.453611718353727      -0.23119523836029859     
   72.561743436427562      -0.68605863279844936     
   72.669863519869551       -1.1860999752350501     
   72.777971582781660       -1.7272372759541679     
   72.886067238769371       -2.3051236962550283     
   72.994150100943045       -2.9151853492999380     
   73.102219781919189       -3.5526602812474017     
   73.210275893821887       -4.2126382660241584     
   73.318318048284027       -4.8901010292353613     
   73.426345856448677       -5.5799625089711027     
   73.534358928970448       -6.2771087650021702     
   73.642356876016862       -6.9764371629110560     
   73.750339307269698       -7.6728944854096879     
   73.858305831926401       -8.3615136572812165     
   73.966256058701461       -9.0374488107532134     
   74.074189595827804       -9.6960084616032400     
   74.182106051058227       -10.332686610095678     
   74.290005031666809       -10.943191622181132     
   74.397886144450325       -11.523472783095233     
   74.505748995729718       -12.069744446073475     
   74.613593191351526       -12.578507722918793     
   74.721418336689382       -13.046569679311705     
   74.829224036645428       -13.471060010150897     
   74.937009895651741       -13.849445175016049     
   75.044775517672065       -14.179539978268895     
   75.152520506203061       -14.459516580286397     
   75.260244464275871       -14.687910929596962     
   75.367946994457725       -14.863626611343468     
   75.475627698853387       -14.985936116666876     
   75.583286179106764       -15.054479551078092     
   75.690922036402384       -15.069260817569127     
   75.798534871466998       -15.030641331702167     
   75.906124284571177       -14.939331350217394     
   76.013689875530744       -14.796379020327125     
   76.121231243708607       -14.603157282458184     
   76.228747988016153       -14.361348783017650     
   76.336239706914952       -14.072928974369802     
   76.443705998418352       -13.740147595488750     
   76.551146460093108       -13.365508737844182     
   76.658560689061062       -12.951749706621081     
   76.765948282000707       -12.501818887532300     
   76.873308835148890       -12.018852825159192     
   76.980641944302562       -11.506152706070090     
   77.087947204820338       -10.967160441415695     
   77.195224211624236       -10.405434503756425     
   77.302472559201362       -9.8246256914532193     
   77.409691841605692       -9.2284529544325355     
   77.516881652459702       -8.6206794158887678     
   77.624041584956061       -8.0050887109224185     
   77.731171231859577       -7.3854617559191347     
   77.838270185508733       -6.7655540573845281     
   77.945338037817535       -6.1490736658720264     
   78.052374380277300       -5.5396598791955718     
   78.159378803958390       -4.9408627985287250     
   78.266350899512048       -4.3561238402954894     
   78.373290257172187       -3.7887573057132546     
   78.480196466757178       -3.2419331064312389     
   78.587069117671675       -2.7186607402520835     
   78.693907798908512       -2.2217746030454428     
   78.800712099050457       -1.7539207129934213     
   78.907481606272128       -1.3175449106271340     
   79.014215908341797      -0.91488258330949424     
   79.120914592623350      -0.54794994642459038     
   79.227577246078042      -0.21853689620055383     
   79.334203455266561        7.1798568364580387E-002
   79.440792806350800       0.32173437383619680     
   79.547344885095782       0.53018688577538498     
   79.653859276871628       0.69631195561098114     
   79.760335566655499       0.81950456042812292     
   79.866773339033514       0.89939710358275793     
   79.973172178202674       0.93585644980632010     
   80.079531667972930       0.92897977161521150     
   80.185851391768992       0.87908928470694969     
   80.292130932632560       0.78672594903947624     
   80.398369873223999       0.65264220996217237     
   80.504567795824670       0.47779385066511176     
   80.610724282338722       0.26333102389510271     
   80.716838914295238        1.0588527839821097E-002
   80.822911272850234      -0.27892461124141182     
   80.928940938788614      -0.60353618841145984     
   81.034927492526464      -0.96142244038550373     
   81.140870514112834       -1.3506201746951376     
   81.246769583232080       -1.7690393434352853     
   81.352624279205742       -2.2144759943708769     
   81.458434180994772       -2.6846255286227620     
   81.564198867201611       -3.1770961904733164     
   81.669917916072251       -3.6894227113415727     
   81.775590905498476       -4.2190800271961884     
   81.881217413019925       -4.7634969868220614     
   81.986797015826241       -5.3200699678336703     
   82.092329290759267       -5.8861763182834448     
   82.197813814315168       -6.4591875440532940     
   82.303250162646748       -7.0364821666473825     
   82.408637911565407       -7.6154581808826309     
   82.513976636543575       -8.1935450491622337     
   82.619265912716756       -8.7682151763370459     
   82.724505314885889       -9.3369948174156150     
   82.829694417519477       -9.8974743788848194     
   82.934832794755891       -10.447318082719001     
   83.039920020405546       -10.984272970199980     
   83.144955667953298       -11.506177229937903     
   83.249939310560563       -12.010967840966130     
   83.354870521067753       -12.496687527242893     
   83.459748871996396       -12.961491024165197     
   83.564573935551664       -13.403650661543997     
   83.669345283624480       -13.821561268751633     
   83.774062487793969       -14.213744410874456     
   83.878725119329729       -14.578851964184301     
   83.983332749194247       -14.915669040509830     
   84.087884948045158       -15.223116269975522     
   84.192381286237691       -15.500251451832574     
   84.296821333827040       -15.746270583384307     
   84.401204660570713       -15.960508277641523     
   84.505530835930969       -16.142437581352773     
   84.609799429077128       -16.291669206545873     
   84.714010008888167       -16.407950190674580     
   84.818162143955021       -16.491162002955591     
   84.922255402583048       -16.541318116832112     
   85.026289352794421       -16.558561072598479     
   85.130263562330725       -16.543159055576087     
   85.234177598655322       -16.495502020127041     
   85.338031028955839       -16.416097391443195     
   85.441823420146633       -16.305565380104216     
   85.545554338871426       -16.164633946333602     
   85.649223351505640       -15.994133452439030     
   85.752830024159067       -15.794991042826638     
   85.856373922678245       -15.568224791248889     
   85.959854612649139       -15.314937654588034     
   86.063271659399604       -15.036311271524431     
   86.166624628002012       -14.733599642983080     
   86.269913083275711       -14.408122729440397     
   86.373136589789794       -14.061259997428150     
   86.476294711865464       -13.694443946533839     
   86.579387013578824       -13.309153643596845     
   86.682413058763359       -12.906908290272044     
   86.785372411012673       -12.489260846595267     
   86.888264633682979       -12.057791731378741     
   86.991089289895882       -11.614102618284353     
   87.093845942540909       -11.159810344743486     
   87.196534154278268       -10.696540949564938     
   87.299153487541474       -10.225923853976100     
   87.401703504540023       -9.7495862000768803     
   87.504183767262091       -9.2691473600555501     
   87.606593837477277       -8.7862136291247452     
   87.708933276739188       -8.3023731148243574     
   87.811201646388341       -7.8191908347042016     
   87.913398507554746       -7.3382040349646100     
   88.015523421160694       -6.8609177406513489     
   88.117575947923584       -6.3888005489647730     
   88.219555648358551       -5.9232806753838014     
   88.321462082781281       -5.4657422617419167     
   88.423294811310896       -5.0175219540349216     
   88.525053393872568       -4.5799057563421943     
   88.626737390200475       -4.1541261655922499     
   88.728346359840515       -3.7413595901870860     
   88.829879862153106       -3.3427240536100320     
   88.931337456316186       -2.9592771822521118     
   89.032718701327838       -2.5920144748327032     
   89.134023156009249       -2.2418678489440449     
   89.235250379007582       -1.9097044585722645     
   89.336399928798770       -1.5963257749807949     
   89.437471363690463       -1.3024669218777252     
   89.538464241824911       -1.0287962549217695     
   89.639378121181750      -0.77591517459052506     
   89.740212559581138      -0.54435816097252876     
   89.840967114686435      -0.33459301865866881     
   89.941641344007252      -0.14702131982381372     
   90.042234804902350        1.8020966322450045E-002
   90.142747054582657       0.16026266926623123     
   90.243177650114092       0.27949644923496125     
   90.343526148420580       0.37557767620831095     
   90.443792106287191       0.44842316597534709     
   90.543975080362799       0.49800978275457108     
   90.644074627163391       0.52437291734480229     
   90.744090303074856       0.52760484927326767     
   90.844021664356120       0.50785300098853803     
   90.943868267142065       0.46531809182292172     
   91.043629667446680       0.40025219922503752     
   91.143305421165962       0.31295673465912416     
   91.242895084081141       0.20378034156245575     
   91.342398211861564        7.3116722840774098E-002
   91.441814360067823       -7.8597594442251839E-002
   91.541143084154868      -0.25088554930391710     
   91.640383939475115      -0.44323188386785667     
   91.739536481281419      -0.65508551876072574     
   91.838600264730303      -0.88586195822300751     
   91.937574844885020       -1.1349457160523651     
   92.036459776718672       -1.4016927533695966     
   92.135254615117304       -1.6854329191186386     
   92.233958914883203       -1.9854723842689561     
   92.332572230737824       -2.3010960607485687     
   92.431094117325131       -2.6315699966660215     
   92.529524129214664       -2.9761437391493688     
   92.627861820904741       -3.3340526574013620     
   92.726106746825721       -3.7045202184186907     
   92.824258461342993       -4.0867602088638666     
   92.922316518760482       -4.4799788971583983     
   93.020280473323552       -4.8833771306080029     
   93.118149879222457       -5.2961523631793748     
   93.215924290595467       -5.7175006103024186     
   93.313603261532108       -6.1466183278504234     
   93.411186346076462       -6.5827042131716000     
   93.508673098230346       -7.0249609267533346     
   93.606063071956669       -7.4725967336989223     
   93.703355821182612       -7.9248270647806356     
   93.800550899803000       -8.3808759972825850     
   93.897647861683510       -8.8399776562713370     
   93.994646260664041       -9.3013775371775012     
   94.091545650562040       -9.7643337509704278     
   94.188345585175654       -10.228118193073797     
   94.285045618287285       -10.692017637570007     
   94.381645303666744       -11.155334758055792     
   94.478144195074719       -11.617389076567925     
   94.574541846266015       -12.077517841931334     
   94.670837810993021       -12.535076838786651     
   94.767031643008963       -12.989441128460001     
   94.863122896071403       -13.440005722743129     
   94.959111123945547       -13.886186191536121     
   95.054995880407603       -14.327419205263327     
   95.150776719248327       -14.763163012881733     
   95.246453194276199       -15.192897856309038     
   95.342024859321128       -15.616126322103986     
   95.437491268237622       -16.032373631246266     
   95.532851974908326       -16.441187868124686     
   95.628106533247518       -16.842140149038098     
   95.723254497204493       -17.234824733315929     
   95.818295420766972       -17.618859075681797     
   95.913228857964668       -17.993883823788103     
   96.008054362872699       -18.359562761461518     
   96.102771489615094       -18.715582699907706     
   96.197379792368253       -19.061653319008609     
   96.291878825364506       -19.397506961018347     
   96.386268142895503       -19.722898379171660     
   96.480547299315830       -20.037604443856694     
   96.574715849046513       -20.341423809131928     
   96.668773346578476       -20.634176542474467     
   96.762719346476175       -20.915703720714678     
   96.856553403381014       -21.185866995141428     
   96.950275072015089       -21.444548128791798     
   97.043883907184508       -21.691648508873705     
   97.137379463783120       -21.927088637263008     
   97.230761296796047       -22.150807601970264     
   97.324028961303242       -22.362762531864380     
   97.417182012483082       -22.562928038312958     
   97.510220005616006       -22.751295644724042     
   97.603142496087983       -22.927873207477351     
   97.695949039394350       -23.092684329761639     
   97.788639191143190       -23.245767770429680     
   97.881212507059089       -23.387176849600650     
   97.973668542986715       -23.516978852612329     
   98.066006854894482       -23.635254433743693     
   98.158226998878220       -23.742097020976665     
   98.250328531164712       -23.837612222926857     
   98.342311008115502       -23.921917238934235     
   98.434173986230434       -23.995140273190977     
   98.525917022151376       -24.057419953691539     
   98.617539672665885       -24.108904756687625     
   98.709041494710959       -24.149752437293234     
   98.800422045376607       -24.180129466799936     
   98.891680881909636       -24.200210477202084     
   98.982817561717283       -24.210177713685390     
   99.073831642371019       -24.210220494783201     
   99.164722681610172       -24.200534682101935     
   99.255490237345782       -24.181322158508301     
   99.346133867664079       -24.152790316322751     
   99.436653130830578       -24.115151555585619     
   99.527047585293445       -24.068622792937479     
   99.617316789687536       -24.013424981604661     
   99.707460302837987       -23.949782642969655     
   99.797477683764129       -23.877923410192594     
   99.887368491682963       -23.798077584340188     
   99.977132286013287       -23.710477703492941     
   100.06676862637929       -23.615358125232042     
   100.15627707261429       -23.512954622915768     
   100.24565718476464       -23.403503996111514     
   100.33490852309346       -23.287243695495363     
   100.42403064808454       -23.164411462526999     
   100.51302312044588       -23.035244984101222     
   100.60188550111388       -22.899981562406087     
   100.69061735125689       -22.758857799238449     
   100.77921823227906       -22.612109300509523     
   100.86768770582432       -22.459970384470243     
   100.95602533378008       -22.302673820608305     
   101.04423067828107       -22.140450572580235     
   101.13230330171329       -21.973529560719264     
   101.22024276671775       -21.802137438815919     
   101.30804863619443       -21.626498385663123     
   101.39572047330606       -21.446833911088309     
   101.48325784148201       -21.263362676217564     
   101.57066030442216       -21.076300327604198     
   101.65792742610084       -20.885859344922100     
   101.74505877077064       -20.692248901841673     
   101.83205390296624       -20.495674739728720     
   101.91891238750853       -20.296339053803855     
   102.00563378950821       -20.094440391386378     
   102.09221767436995       -19.890173561877823     
   102.17866360779612       -19.683729558135816     
   102.26497115579083       -19.475295488933263     
   102.35113988466375       -19.265054522196582     
   102.43716936103409       -19.053185838795692     
   102.52305915183445       -18.839864596738281     
   102.60880882431489       -18.625261905022434     
   102.69441794604668       -18.409544808716600     
   102.77988608492643       -18.192876282610776     
   102.86521280917988       -17.975415235919879     
   102.95039768736591       -17.757316526789168     
   103.03544028838053       -17.538730987267090     
   103.12034018146076       -17.319805459024650     
   103.20509693618860       -17.100682840335772     
   103.28971012249508       -16.881502144988882     
   103.37417931066410       -16.662398574024937     
   103.45850407133653       -16.443503601473264     
   103.54268397551407       -16.224945075587591     
   103.62671859456326       -16.006847337516181     
   103.71060750021954       -15.789331359877451     
   103.79435026459117       -15.572514908434707     
   103.87794646016317       -15.356512730957814     
   103.96139565980143       -15.141436778593294     
   104.04469743675664       -14.927396466660666     
   104.12785136466826       -14.714498983984980     
   104.21085701756863       -14.502849662836963     
   104.29371396988678       -14.292552425670236     
   104.37642179645270       -14.083710330781908     
   104.45898007250116       -13.876426246207801     
   104.54138837367583       -13.670803696638197     
   104.62364627603316       -13.466947939284889     
   104.70575335604659       -13.264967359427592     
   104.78770919061043       -13.064975311962518     
   104.86951335704396       -12.867092604683537     
   104.95116543309547       -12.671450927337407     
   105.03266499694618       -12.478197716728655     
   105.11401162721447       -12.287503278405717     
   105.19520490295967       -12.099571601310046     
   105.27624440368641       -11.914657518626008     
   105.35712970934830       -11.733095449836288     
   105.43786040035231       -11.555350946305413     
   105.51843605756262       -11.382121844288669     
   105.59885626230476       -11.214563271742339     
   105.67912059636959       -11.054892767250093     
   105.75922864201738       -10.908668889983593     
   105.83917998198193       -10.809141681549287     
   105.91897419947455       -10.651538864498475     
   105.99861087818812       -10.452000970770975     
   106.07808960230126       -10.255114488983017     
   106.15740995648220       -10.060889092034779     
   106.23657152589307       -9.8693321960763445     
   106.31557389619381       -9.6804490482583905     
   106.39441665354627       -9.4942428130780385     
   106.47309938461834       -9.3107146568317738     
   106.55162167658791       -9.1298638306954096     
   106.62998311714709       -8.9516877519564240     
   106.70818329450617       -8.7761820835807640     
   106.78622179739773       -8.6033408120279002     
   106.86409821508073       -8.4331563233209206     
   106.94181213734461       -8.2656194773564966     
   107.01936315451324       -8.1007196804400330     
   107.09675085744921       -7.9384449560584160     
   107.17397483755774       -7.7787820138753521     
   107.25103468679080       -7.6217163169743047     
   107.32792999765128       -7.4672321473374064     
   107.40466036319698       -7.3153126695797619     
   107.48122537704469       -7.1659399929539340     
   107.55762463337435       -7.0190952316252275     
   107.63385772693304       -6.8747585632459822     
   107.70992425303915       -6.7329092858366577     
   107.78582380758644       -6.5935258729912603     
   107.86155598704813       -6.4565860274270355     
   107.93712038848089       -6.3220667328953084     
   108.01251660952913       -6.1899443044692557     
   108.08774424842885       -6.0601944372358663     
   108.16280290401188       -5.9327922533979089     
   108.23769217571002       -5.8077123477872705     
   108.31241166355893       -5.6849288320353004     
   108.38696096820235       -5.5644153767532183     
   108.46133969089614       -5.4461452528007817     
   108.53554743351242       -5.3300913706723563     
   108.60958379854360       -5.2162263185775464     
   108.68344838910645       -5.1045223990697703     
   108.75714080894629       -4.9949516642704292     
   108.83066066244092       -4.8874859497085623     
   108.90400755460479       -4.7820969068028418     
   108.97718109109312       -4.6787560340128032     
   109.05018087820591       -4.5774347066802035     
   109.12300652289194       -4.4781042055938114     
   109.19565763275317       -4.3807357442967785     
   109.26813381604838       -4.2853004951686762     
   109.34043468169759       -4.1917696143110774     
   109.41255983928590       -4.1001142652580969     
   109.48450889906785       -4.0103056415493876     
   109.55628147197106       -3.9223149881880559     
   109.62787716960081       -3.8361136220137824     
   109.69929560424367       -3.7516729510242572     
   109.77053638887180       -3.6689644926703662     
   109.84159913714704       -3.5879598911560686     
   109.91248346342481       -3.5086309337766433     
   109.98318898275831       -3.4309495663185485     
   110.05371531090250       -3.3548879075570719     
   110.12406206431820       -3.2804182628772556     
   110.19422886017614       -3.2075131370546419     
   110.26421531636100       -3.1361452461741393     
   110.33402105147553       -3.0662875289480067     
   110.40364568484446       -2.9979131569054522     
   110.47308883651868       -2.9309955442614140     
   110.54235012727921       -2.8655083568334363     
   110.61142917864125       -2.8014255203609943     
   110.68032561285831       -2.7387212281707920     
   110.74903905292602       -2.6773699482211852     
   110.81756912258649       -2.6173464295511288     
   110.88591544633206       -2.5586257081598109     
   110.95407764940948       -2.5011831123404606     
   111.02205535782386       -2.4449942674919556     
   111.08984819834269       -2.3900351004321099     
   111.15745579849998       -2.3362818432344934     
   111.22487778660010       -2.2837110366098492     
   111.29211379172193       -2.2322995328533657     
   111.35916344372281       -2.1820244983783228     
   111.42602637324249       -2.1328634158544602     
   111.49270221170730       -2.0847940859696013     
   111.55919059133397       -2.0377946288353761     
   111.62549114513376       -1.9918434850495987     
   111.69160350691625       -1.9469194164362544     
   111.75752731129361       -1.9030015064764054     
   111.82326219368441       -1.8600691604472892     
   111.88880779031756       -1.8181021052819268     
   111.95416373823640       -1.7770803891674953     
   112.01932967530270       -1.7369843808915879     
   112.08430524020037       -1.6977947689526816     
   112.14909007243973       -1.6594925604467381     
   112.21368381236138       -1.6220590797425753     
   112.27808610113992       -1.5854759669528116     
   112.34229658078837       -1.5497251762325635     
   112.40631489416158       -1.5147889738603517     
   112.47014068496054       -1.4806499362118244     
   112.53377359773626       -1.4472909475224591     
   112.59721327789352       -1.4146951975311759     
   112.66045937169496       -1.3828461789787516     
   112.72351152626501       -1.3517276849777149     
   112.78636938959373       -1.3213238062627890     
   112.84903261054065       -1.2916189283306456     
   112.91150083883885       -1.2625977284742729     
   112.97377372509879       -1.2342451727247383     
   113.03585092081221       -1.2065465127031636     
   113.09773207835582       -1.1794872823932754     
   113.15941685099557       -1.1530532948400352     
   113.22090489289022       -1.1272306387822011     
   113.28219585909531       -1.1020056752242706     
   113.34328940556703       -1.0773650339552547     
   113.40418518916609       -1.0532956100188211     
   113.46488286766147       -1.0297845601429003     
   113.52538209973450       -1.0068192991308811     
   113.58568254498249      -0.98438749622393462     
   113.64578386392255      -0.96247707143536465     
   113.70568571799564      -0.94107619186496017     
   113.76538776957014      -0.92017326799665233     
   113.82488968194582      -0.89975694998369671     
   113.88419111935761      -0.87981612392666220     
   113.94329174697947      -0.86033990814663175     
   114.00219123092796      -0.84131764945963028     
   114.06088923826633      -0.82273891945368238     
   114.11938543700811      -0.80459351077329921     
   114.17767949612090      -0.78687143341361199     
   114.23577108553027      -0.76956291102916741     
   114.29365987612331      -0.75265837725735196     
   114.35134553975266      -0.73614847206214018     
   114.40882774923989      -0.72002403810901849     
   114.46610617837968      -0.70427611709235682     
   114.52318050194314      -0.68889594628029394     
   114.58005039568182      -0.67387495481812920     
   114.63671553633135      -0.65920476027458919     
   114.69317560161501      -0.64487716512966453     
   114.74943027024761      -0.63088415331172965     
   114.80547922193924      -0.61721788676956224     
   114.86132213739867      -0.60387070208088622     
   114.91695869833728      -0.59083510709761322     
   114.97238858747268      -0.57810377762990162     
   115.02761148853232      -0.56566955417024301     
   115.08262708625716      -0.55352543865675241     
   115.13743506640536      -0.54166459127890720     
   115.19203511575587      -0.53008032732436638     
   115.24642692211206      -0.51876611406836726     
   115.30061017430540      -0.50771556770649173     
   115.35458456219902      -0.49692245033026949     
   115.40834977669137      -0.48638066694701121     
   115.46190550971967      -0.47608426254326852     
   115.51525145426365      -0.46602741919302515     
   115.56838730434913      -0.45620445320944608     
   115.62131275505152      -0.44660981234197927     
   115.67402750249936      -0.43723807301734519     
   115.72653124387793      -0.42808393762489882     
   115.77882367743281      -0.41914223184694777     
   115.83090450247326      -0.41040790203276084     
   115.88277341937606      -0.40187601261659173     
   115.93443012958868      -0.39354174358022448     
   115.98587433563289      -0.38540038795854198     
   116.03710574110845      -0.37744734938868557     
   116.08812405069632      -0.36967813970251451     
   116.13892897016230      -0.36208837656155568     
   116.18952020636047      -0.35467378113469422     
   116.23989746723660      -0.34743017581752278     
   116.29006046183163      -0.34035348199404464     
   116.34000890028511      -0.33343971783903259     
   116.38974249383865      -0.32668499616185193     
   116.43926095483924      -0.32008552229035392     
   116.48856399674281      -0.31363759199502195     
   116.53765133411743      -0.30733758945266304     
   116.58652268264689      -0.30118198529846213     
   116.63517775913402      -0.29516733442662063     
   116.68361628150392      -0.28929027454543110     
   116.73183796880747      -0.28354752382576959     
   116.77984254122462      -0.27793587928692842     
   116.82762972006776      -0.27245221494337690     
   116.87519922778498      -0.26709348003222516     
   116.92255078796336      -0.26185669727737687     
   116.96968412533242      -0.25673896118835221     
   117.01659896576723      -0.25173743639416696     
   117.06329503629179      -0.24684935601176311     
   117.10977206508225      -0.24207202004789546     
   117.15602978147029      -0.23740279383444335     
   117.20206791594610      -0.23283910649685216     
   117.24788620016194      -0.22837844945436520     
   117.29348436693506      -0.22401837495257765     
   117.33886215025115      -0.21975649462693711     
   117.38401928526737      -0.21559047809727053     
   117.42895550831565      -0.21151805159258033     
   117.47367055690580      -0.20753699660559241     
   117.51816416972873      -0.20364514857681673     
   117.56243608665949      -0.19984039560713523     
   117.60648604876049      -0.19612067719903728     
   117.65031379828473      -0.19248398302555361     
   117.69391907867868      -0.18892835172651853     
   117.73730163458556      -0.18545186973173514     
   117.78046121184842      -0.18205267011072401     
   117.82339755751306      -0.17872893144803628     
   117.86611041983137      -0.17547887674426085     
   117.90859954826412      -0.17230077234198724     
   117.95086469348418      -0.16919292687615309     
   117.99290560737940      -0.16615369024851545     
   118.03472204305577      -0.16318145262565781     
   118.07631375484037      -0.16027464346021408     
   118.11768049828424      -0.15743173053456261     
   118.15882203016568      -0.15465121902697190     
   118.19973810849275      -0.15193165059936545     
   118.24042849250664      -0.14927160250654475     
   118.28089294268443      -0.14666968672626465     
   118.32113122074200      -0.14412454910972186     
   118.36114308963695      -0.14163486855230267     
   118.40092831357154      -0.13919935618383616     
   118.44048665799555      -0.13681675457808848     
   118.47981788960928      -0.13448583698115879     
   118.51892177636607      -0.13220540655820770     
   118.55779808747552      -0.12997429565841087     
   118.59644659340614      -0.12779136509733541     
   118.63486706588817      -0.12565550345672025     
   118.67305927791644      -0.12356562640118973     
   118.71102300375313      -0.12152067601132276     
   118.74875801893052      -0.11951962013306600     
   118.78626410025380      -0.11756145174270731     
   118.82354102580378      -0.11564518832897515     
   118.86058857493975      -0.11376987128349507     
   118.89740652830193      -0.11193456531942401     
   118.93399466781449      -0.11013835788975883     
   118.97035277668802      -0.10838035862884392     
   119.00648063942231      -0.10665969880464653     
   119.04237804180896      -0.10497553078507708     
   119.07804477093416      -0.10332702751725403     
   119.11348061518112      -0.10171338201964761     
   119.14868536423282      -0.10013380688681113     
   119.18365880907464       -9.8587533806295757E-002
   119.21840074199686       -9.7073813087604280E-002
   119.25291095659729       -9.5591913202732415E-002
   119.28718924778383       -9.4141120338162979E-002
   119.32123541177704       -9.2720737957973157E-002
   119.35504924611257       -9.1330086377780589E-002
   119.38863054964381       -8.9968502349392701E-002
   119.42197912254430       -8.8635338655658563E-002
   119.45509476631032       -8.7329963715480075E-002
   119.48797728376323       -8.6051761198777249E-002
   119.52062647905196       -8.4800129650901071E-002
   119.55304215765557       -8.3574482126565652E-002
   119.58522412638550       -8.2374245832892934E-002
   119.61717219338817       -8.1198861781352730E-002
   119.64888616814717       -8.0047784448473505E-002
   119.68036586148581       -7.8920481445062446E-002
   119.71161108556943       -7.7816433193683823E-002
   119.74262165390773       -7.6735132614215912E-002
   119.77339738135704       -7.5676084817372702E-002
   119.80393808412281       -7.4638806805878186E-002
   119.83424357976173       -7.3622827183141726E-002
   119.86431368718424       -7.2627685869252390E-002
   119.89414822665648       -7.1652933824190995E-002
   119.92374701980286       -7.0698132777926609E-002
   119.95310988960809       -6.9762854967333837E-002
   119.98223666041953       -6.8846682879771637E-002
   120.01112715794929       -6.7949209003067015E-002
   120.03978120927650       -6.7070035581833443E-002
   120.06819864284950       -6.6208774379977783E-002
   120.09637928848785       -6.5365046449099407E-002
   120.12432297738471       -6.4538481902840145E-002
   120.15202954210872       -6.3728719696862141E-002
   120.17949881660633       -6.2935407414422356E-002
   120.20673063620364       -6.2158201057370882E-002
   120.23372483760878       -6.1396764842397013E-002
   120.26048125891367       -6.0650771002429438E-002
   120.28699973959635       -5.9919899593170935E-002
   120.31328012052276       -5.9203838304364910E-002
   120.33932224394884       -5.8502282275965441E-002
   120.36512595352264       -5.7814933918929341E-002
   120.39069109428604       -5.7141502740534506E-002
   120.41601751267703       -5.6481705174181406E-002
   120.44110505653133       -5.5835264413432333E-002
   120.46595357508454       -5.5201910250354889E-002
   120.49056291897402       -5.4581378917924368E-002
   120.51493294024066       -5.3973412936438196E-002
   120.53906349233088       -5.3377760963840074E-002
   120.56295443009846       -5.2794177649859941E-002
   120.58660560980627       -5.2222423493888726E-002
   120.61001688912830       -5.1662264706411672E-002
   120.63318812715129       -5.1113473074066704E-002
   120.65611918437661       -5.0575825828054893E-002
   120.67880992272200       -5.0049105516014665E-002
   120.70126020552328       -4.9533099877072551E-002
   120.72346989753625       -4.9027601720140028E-002
   120.74543886493817       -4.8532408805361783E-002
   120.76716697532960       -4.8047323728521975E-002
   120.78865409773620       -4.7572153808477471E-002
   120.80990010261010       -4.7106710977487427E-002
   120.83090486183188       -4.6650811674323646E-002
   120.85166824871189       -4.6204276740119558E-002
   120.87219013799212       -4.5766931317014689E-002
   120.89247040584763       -4.5338604749278297E-002
   120.91250892988823       -4.4919130487060498E-002
   120.93230558915997       -4.4508345992639475E-002
   120.95186026414672       -4.4106092649039357E-002
   120.97117283677174       -4.3712215671113643E-002
   120.99024319039906       -4.3326564018856088E-002
   121.00907120983506       -4.2948990313019401E-002
   121.02765678132995       -4.2579350752860387E-002
   121.04599979257921       -4.2217505036189588E-002
   121.06410013272505       -4.1863316281325273E-002
   121.08195769235763       -4.1516650951254251E-002
   121.09957236351683       -4.1177378779677996E-002
   121.11694403969328       -4.0845372699168901E-002
   121.13407261582995       -4.0520508770650436E-002
   121.15095798832333       -4.0202666115968191E-002
   121.16760005502492       -3.9891726850846874E-002
   121.18399871524241       -3.9587576020493905E-002
   121.20015386974102       -3.9290101536747668E-002
   121.21606542074477       -3.8999194116805129E-002
   121.23173327193769       -3.8714747223595046E-002
   121.24715732846521       -3.8436657007937247E-002
   121.26233749693516       -3.8164822252052449E-002
   121.27727368541903       -3.7899144314769428E-002
   121.29196580345337       -3.7639527078098645E-002
   121.30641376204056       -3.7385876895393959E-002
   121.32061747365029       -3.7138102540836652E-002
   121.33457685222045       -3.6896115160372105E-002
   121.34829181315851       -3.6659828224010163E-002
   121.36176227334224       -3.6429157479435516E-002
   121.37498815112113       -3.6204020906926308E-002
   121.38796936631717       -3.5984338675567919E-002
   121.40070584022610       -3.5770033100677098E-002
   121.41319749561819       -3.5561028602496575E-002
   121.42544425673948       -3.5357251666006187E-002
   121.43744604931253       -3.5158630801971777E-002
   121.44920280053755       -3.4965096509081896E-002
   121.46071443909324       -3.4776581237238743E-002
   121.47198089513769       -3.4593019351923097E-002
   121.48300210030941       -3.4414347099601311E-002
   121.49377798772804       -3.4240502574244228E-002
   121.50430849199529       -3.4071425684787014E-002
   121.51459354919582       -3.3907058123690353E-002
   121.52463309689803       -3.3747343336376662E-002
   121.53442707415481       -3.3592226491723783E-002
   121.54397542150441       -3.3441654453444082E-002
   121.55327808097114       -3.3295575752426185E-002
   121.56233499606616       -3.3153940559946887E-002
   121.57114611178818       -3.3016700661825105E-002
   121.57971137462417       -3.2883809433393529E-002
   121.58803073255008       -3.2755221815360246E-002
   121.59610413503142       -3.2630894290529226E-002
   121.60393153302408       -3.2510784861307498E-002
   121.61151287897468       -3.2394853028057342E-002
   121.61884812682153       -3.2283059768232820E-002
   121.62593723199493       -3.2175367516299715E-002
   121.63278015141783       -3.2071740144456788E-002
   121.63937684350643       -3.1972142944070588E-002
   121.64572726817063       -3.1876542607898559E-002
   121.65183138681459       -3.1784907213039254E-002
   121.65768916233712       -3.1697206204595686E-002
   121.66330055913222       -3.1613410380077284E-002
   121.66866554308950       -3.1533491874480409E-002
   121.67378408159443       -3.1457424146103932E-002
   121.67865614352880       -3.1385181962995105E-002
   121.68328169927113       -3.1316741390154092E-002
   121.68766072069654       -3.1252079777318496E-002
   121.69179318117737       -3.1191175747495557E-002
   121.69567905558279       -3.1134009186084301E-002
   121.69931832027888       -3.1080561230705891E-002
   121.70271095312816       -3.1030814261627127E-002
   121.70585693348866       -3.0984751892862178E-002
   121.70875624221226       -3.0942358963909941E-002
   121.71140886164162       -3.0903621532113658E-002
   121.71381477560458       -3.0868526865709685E-002
   121.71597396940305       -3.0837063437549304E-002
   121.71788642979071       -3.0809220919593615E-002
   121.71955214492388       -3.0784990178423562E-002
   121.72097110424205       -3.0764363272357650E-002
   121.72214329813637       -3.0747333452246974E-002
   121.72306871683735       -3.0733895174208443E-002
   121.72374734545467       -3.0724044168782404E-002
   121.72417912739449       -3.0717777969504294E-002

