 # Molecular potential
 # R (nm)   Energy shift (MHz)
   1.1672383481685536E-004   0.0000000000000000     
   3.9129390951048214E-004   0.0000000000000000     
   8.2283547395935793E-004   0.0000000000000000     
   1.4113148368702735E-003   0.0000000000000000     
   2.1567256613030028E-003   0.0000000000000000     
   3.0590657016652560E-003   0.0000000000000000     
   4.1183336494325365E-003   0.0000000000000000     
   5.3345284258695122E-003   0.0000000000000000     
   6.7076489710169726E-003   0.0000000000000000     
   8.2376941676980363E-003   0.0000000000000000     
   9.9246628100988256E-003   0.0000000000000000     
   1.1768553589447018E-002   0.0000000000000000     
   1.3769365086836851E-002   0.0000000000000000     
   1.5927095769482452E-002   0.0000000000000000     
   1.8241743988537538E-002   0.0000000000000000     
   2.0713307977897093E-002   0.0000000000000000     
   2.3341785853379492E-002   0.0000000000000000     
   2.6127175612231827E-002   0.0000000000000000     
   2.9069475132820818E-002   0.0000000000000000     
   3.2168682174354729E-002   0.0000000000000000     
   3.5424794376750911E-002   0.0000000000000000     
   3.8837809260476877E-002   0.0000000000000000     
   4.2407724226433942E-002   0.0000000000000000     
   4.6134536555906165E-002   0.0000000000000000     
   5.0018243410437105E-002   0.0000000000000000     
   5.4058841831789183E-002   0.0000000000000000     
   5.8256328741853741E-002   0.0000000000000000     
   6.2610700942597908E-002   0.0000000000000000     
   6.7121955116013612E-002   0.0000000000000000     
   7.1790087824011847E-002   0.0000000000000000     
   7.6615095508416511E-002   0.0000000000000000     
   8.1596974490857510E-002   0.0000000000000000     
   8.6735720972723473E-002   0.0000000000000000     
   9.2031331035099639E-002   0.0000000000000000     
   9.7483800638690749E-002   0.0000000000000000     
  0.10309312562376943        0.0000000000000000     
  0.10885930171008083        0.0000000000000000     
  0.11478232449679562        0.0000000000000000     
  0.12086218946243074        0.0000000000000000     
  0.12709889196476695        0.0000000000000000     
  0.13349242724077434        0.0000000000000000     
  0.14004279040655163        0.0000000000000000     
  0.14674997645721047        0.0000000000000000     
  0.15361398026683670        0.0000000000000000     
  0.16063479658837357        0.0000000000000000     
  0.16781242005354174        0.0000000000000000     
  0.17514684517277304        0.0000000000000000     
  0.18263806633508942        0.0000000000000000     
  0.19028607780803544        0.0000000000000000     
  0.19809087373757914        0.0000000000000000     
  0.20605244814800927        0.0000000000000000     
  0.21417079494184627        0.0000000000000000     
  0.22244590789973295        0.0000000000000000     
  0.23087778068035561        0.0000000000000000     
  0.23946640682031678        0.0000000000000000     
  0.24821177973403211        0.0000000000000000     
  0.25711389271364798        0.0000000000000000     
  0.26617273892890314        0.0000000000000000     
  0.27538831142703907        0.0000000000000000     
  0.28476060313267221        0.0000000000000000     
  0.29428960684768640        0.0000000000000000     
  0.30397531525112120        0.0000000000000000     
  0.31381772089904536        0.0000000000000000     
  0.32381681622443897        0.0000000000000000     
  0.33397259353707198        0.0000000000000000     
  0.34428504502337864        0.0000000000000000     
  0.35475416274632943        0.0000000000000000     
  0.36537993864531121        0.0000000000000000     
  0.37616236453598523        0.0000000000000000     
  0.38710143211016124        0.0000000000000000     
  0.39819713293566589        0.0000000000000000     
  0.40944945845619851        0.0000000000000000     
  0.42085839999120972        0.0000000000000000     
  0.43242394873573348        0.0000000000000000     
  0.44414609576027053        0.0000000000000000     
  0.45602483201063615        0.0000000000000000     
  0.46806014830781406        0.0000000000000000     
  0.48025203534780897        0.0000000000000000     
  0.49260048370149395        0.0000000000000000     
  0.50510548381446119        0.0000000000000000     
  0.51776702600686908        0.0000000000000000     
  0.53058510047328555        0.0000000000000000     
  0.54355969728253495        0.0000000000000000     
  0.55669080637753365        0.0000000000000000     
  0.56997841757512480        0.0000000000000000     
  0.58342252056593091        0.0000000000000000     
  0.59702310491415733        0.0000000000000000     
  0.61078016005747338        0.0000000000000000     
  0.62469367530679210        0.0000000000000000     
  0.63876363984613260        0.0000000000000000     
  0.65299004273243344        0.0000000000000000     
  0.66737287289539093        0.0000000000000000     
  0.68191211913724825        0.0000000000000000     
  0.69660777013266784        0.0000000000000000     
  0.71145981442850181        0.0000000000000000     
  0.72646824044364000        0.0000000000000000     
  0.74163303646882051        0.0000000000000000     
  0.75695419066642977        0.0000000000000000     
  0.77243169107031839        0.0000000000000000     
  0.78806552558562337        0.0000000000000000     
  0.80385568198856483        0.0000000000000000     
  0.81980214792624484        0.0000000000000000     
  0.83590491091647212        0.0000000000000000     
  0.85216395834753622        0.0000000000000000     
  0.86857927747803765        0.0000000000000000     
  0.88515085543665450        0.0000000000000000     
  0.90187867922195997        0.0000000000000000     
  0.91876273570220646        0.0000000000000000     
  0.93580301161512469        0.0000000000000000     
  0.95299949356771063        0.0000000000000000     
  0.97035216803600177        0.0000000000000000     
  0.98786102136488751        0.0000000000000000     
   5.7031048257198771        486.02636458697754     
   5.7451752181394982        453.23112018742984     
   5.7873977112803381        435.84666277827586     
   5.8297722662031672        433.34353543277660     
   5.8722988437773296        444.53877325812658     
   5.9149774046802222        467.75725125713859     
   6.8004028425095866        492.44831641477612     
   6.8462636241485493        438.46391076572206     
   6.8922754743643324        388.98565335145423     
   6.9384383492695365        345.44736217641162     
   6.9847522047715831        309.31059140885367     
   7.0312169965721623        281.50841832119198     
   7.0778326801666118        262.51985004434772     
   7.1245992108433684        252.53553482720250     
   7.1715165436833779        251.24171442278384     
   7.2185846335595221        258.02476704144527     
   7.2658034351360312        271.97187165717810     
   7.3131729028678771        291.94844897998115     
   7.3606929910002297        316.52883356525001     
   7.4083636535678146        344.41524064647894     
   7.4561848443943770        373.91192912526139     
   7.5041565170920457        403.62497501945688     
   7.5522786250607545        432.07015771725355     
   7.6005511214876416        457.70431789143527     
   7.6489739593464723        479.54262108741295     
   7.6975470913969932        496.22195334019608     
   7.8933416091878694        499.84925703691567     
   7.9426654960613821        484.10988759901909     
   7.9921393891575105        462.47632192619312     
   8.0417632397211118        435.91447434900022     
   8.0915369987781975        405.25885839338122     
   8.1414606171352979        372.01325933026982     
   8.1915340453788410        337.36633124781281     
   8.2417572338745568        302.63915380025765     
   8.2921301327668235        269.29031440925809     
   8.3426526919780688        238.32399581324785     
   8.3933248612081357        210.87151485389342     
   8.4441465899336432        187.76416802189809     
   8.4951178274073751        169.53386888512429     
   8.5462385226576565        156.64473589165277     
   8.5975086244876717        149.21257093495970     
   8.6489280814748959        147.18874962661423     
   8.7004968419704038        150.31526563054643     
   8.7522148540982769        158.16787130099993     
   8.8040820657549297        170.14452656992984     
   8.8560984246084775        185.46293232511661     
   8.9082638780980883        203.34803580085941     
   8.9605783734333588        222.78079842667418     
   9.0130418575936506        242.74975668091793     
   9.0656542773274307        262.34403322882201     
   9.1184155791516428        280.43391116603937     
   9.1713257093510467        296.16256446652557     
   9.2243846139775592        308.81439198191543     
   9.2775922388496035        317.58581503440672     
   9.3309485295514456        322.15529268908688     
   9.3844534314325418        322.32171442198182     
   9.4381068896068747        317.91456356688764     
   9.4919088489522903        309.28310118763147     
   9.5458592541098355        296.79331305498590     
   9.5999580494830887        280.85885942428644     
   9.6542051792374828        262.29034718924328     
   9.7086005872996584        241.78106720658246     
   9.7631442173567713        220.02223899287142     
   9.8178360128558246        197.93288468330059     
   9.8726759170029936        176.23471924109069     
   9.9276638727629507        155.60033614874328     
   9.9827998228582011        136.79190770633284     
   10.038083709768360        120.36072941679511     
   10.093515475729514        106.77178120053088     
   10.149095062733528        96.462314690428826     
   10.204822412527339        89.667338007588313     
   10.260697466612282        86.497306539665459     
   10.316720166243417        86.930684873704323     
   10.372890452428798        90.770426644509328     
   10.429208265928835        97.700608068020330     
   10.485673547255541        107.23021118348426     
   10.542286236671885        118.77423539965474     
   10.599046274191062        131.72799491287620     
   10.655953599575813        145.35561641647024     
   10.713008152337714        158.94176444793820     
   10.770209871736489        171.90115182671019     
   10.827558696779269        183.59141751180695     
   10.885054566219930        193.45051482926937     
   10.942697418558353        201.15149913116176     
   11.000487192039735        206.35862941900496     
   11.058423824653865        208.78725485553767     
   11.116507254134417        208.41634776094406     
   11.174737417958237        205.25865950284910     
   11.233114253344619        199.31857689113568     
   11.291637697254595        190.84191490504963     
   11.350307686390208        180.16965296124712     
   11.409124157193807        167.59649003592395     
   11.468087045847302        153.58551534331050     
   11.527196288271449        138.72546787435340     
   11.586451820125134        123.52900645197185     
   11.645853576804628        108.54282994350655     
   11.705401493442876        94.383334678259772     
   11.765095504908738        81.556076339830284     
   11.824935545806293        70.466804701423470     
   11.884921550474067        61.491302400304150     
   11.945053452984341        54.883457400531803     
   12.005331187142351        50.757048682519660     
   12.065754686485626        49.145351110687251     
   12.126323884283172        49.978344475688239     
   12.187038713534784        53.090149869565387     
   12.247899106970271        58.257670760398582     
   12.308904997048737        65.171833428258381     
   12.370056315957793        73.461595722692437     
   12.431352995612860        82.753808847365363     
   12.492794967656364        92.620441269832412     
   12.554382163457030        102.56698600595840     
   12.616114514109096        112.14410833440616     
   12.677991950431581        120.94207575849285     
   12.740014402967521        128.51317336276014     
   12.802181801983187        134.47007818119113     
   12.864494077467356        138.57988978268796     
   12.926951159130542        140.66638139045614     
   12.989552976404230        140.58805577683469     
   13.052299458440093        138.36528281059330     
   13.115190534109262        134.15601074094363     
   13.178226132001525        128.12551878190192     
   13.241406180424582        120.48648033296580     
   13.304730607403240        111.57332068517503     
   13.368199340678688        101.74630751592355     
   13.431812307707686        91.320562847640531     
   13.495569435661793        80.643310891162628     
   13.559470651426611        70.110975652562175     
   13.623515881600992        60.080719622907083     
   13.687705052496238        50.861836244010249     
   13.752038090135359        42.768036776841278     
   13.816514920252269        36.086908479124190     
   13.881135468290982        31.024400463585724     
   13.945899659404862        27.716531931543969     
   14.010807418455810        26.238569624549278     
   14.075858670013490        26.577291661443819     
   14.141053338354521        28.634881951128019     
   14.206391347461699        32.253168716932116     
   14.271872621023185        37.207781976700389     
   14.337497082431742        43.218095509123906     
   14.403264654783902        49.993685231373675     
   14.469175260879183        57.241583703505853     
   14.535228823219311        64.638086335476814     
   14.601425264007359        71.854558339323262     
   14.667764505147007        78.607872267030018     
   14.734246468241720        84.639631592871694     
   14.800871074593907        89.676886273764154     
   14.867638245204155        93.474839308035158     
   14.934547900770422        95.874929165483067     
   15.001599961687175        96.778441208384564     
   15.068794348044646        96.109273089131676     
   15.136130979627969        93.858740262061900     
   15.203609775916398        90.131805806768455     
   15.271230656082457        85.104218326874914     
   15.338993538991158        78.968294206985533     
   15.406898343199165        71.952212747007906     
   15.474944986953963        64.344057094318799     
   15.543133388193064        56.447577773358972     
   15.611463464543156        48.533633562039043     
   15.679935133319294        40.854394549252810     
   15.748548311524070        33.668111696464798     
   15.817302915846794        27.217029010831975     
   15.886198862662662        21.698610563339386     
   15.955236068031887        17.273836414810766     
   16.024414447698948        14.078893029442556     
   16.093733917091690        12.207626497823153     
   16.163194391320502        11.693630170338551     
   16.232795785177519        12.515086641643020     
   16.302538013135734        14.598585797105358     
   16.372420989348182        17.811981301787238     
   16.442444627647120        21.972901632357853     
   16.512608841543159        26.874734396551300     
   16.582913544224425        32.297005458895399     
   16.653358648555734        37.998871177834161     
   16.723944067077710        43.731086838900914     
   16.794669712005994        49.265978065158507     
   16.865535495230347        54.403313012503766     
   16.936541328313830        58.947543566996188     
   17.007687122491923        62.703754556431555     
   17.078972788671717        65.508578141792654     
   17.150398237431030        67.251327142441866     
   17.221963379017573        67.858683331707994     
   17.293668123348063        67.281085078398348     
   17.365512380007406        65.515119943589994     
   17.437496058247802        62.630846014788752     
   17.509619066987931        58.760007371558430     
   17.581881314812037        54.061245724520887     
   17.654282709969120        48.708419243148775     
   17.726823160372039        42.902366011853125     
   17.799502573596644        36.867290279669852     
   17.872320856880958        30.822805373905940     
   17.945277917124251        24.964829450843173     
   18.018373660886205        19.473364107485192     
   18.091607994386052        14.523812489631220     
   18.164980823501665        10.278920310358858     
   18.238492053768738        6.8725645544686813     
   18.312141590379884        4.4053492925334155     
   18.385929338183750        2.9474013020690180     
   18.459855201684171        2.5329061962384101     
   18.533919085039287        3.1497565520841184     
   18.608120892060647        4.7395179448158542     
   18.682460526212356        7.2074943123747079     
   18.756937890610175        10.429312389844437     
   18.831552888020642        14.252370272037108     
   18.906305420860214        18.504259613566862     
   18.981195391194362        23.009550161354159     
   19.056222700736679        27.599137966569629     
   19.131387250848039        32.104176976348604     
   19.206688942535646        36.349459966292621     
   19.282127676452195        40.162524471077404     
   19.357703352894983        43.391293928003122     
   19.433415871804979        45.910768682328822     
   19.509265132765979        47.617251425760877     
   19.585251035003704        48.428772966275709     
   19.661373477384867        48.301081873415875     
   19.737632358416342        47.243247932306645     
   19.814027576244232        45.313508602661280     
   19.890559028652966        42.599834866832062     
   19.967226613064437        39.206556081531623     
   20.044030226537060        35.255784087361988     
   20.120969765764926        30.890631064231407     
   20.198045127076831        26.267008005814521     
   20.275256206435458        21.539541830269993     
   20.352602899436398        16.856258010651079     
   20.430085101307306        12.364133199509466     
   20.507702706906969        8.2127264604106660     
   20.585455610724399        4.5463209378795266     
   20.663343706877935        1.4900524456778401     
   20.741366889114335      -0.85884234576665919     
   20.819525050807872       -2.4326212981344764     
   20.897818084959411       -3.1939194305229810     
   20.976245884195514       -3.1387722244371283     
   21.054808340767533       -2.2968843257297840     
   21.133505346550670      -0.72539162641090160     
   21.212336793043100        1.4993689966747328     
   21.291302571365041        4.2850399808812352     
   21.370402572257841        7.5215723796905651     
   21.449636686083039        11.081519708232632     
   21.529004802821518        14.825879317329747     
   21.608506812072498        18.611050355837811     
   21.688142603052690        22.291536144334284     
   21.767912064595336        25.720707733698276     
   21.847815085149300        28.757090408871061     
   21.927851552778176        31.277979522156826     
   22.008021355159304        33.192223509323938     
   22.088324379582915        34.442773876872550     
   22.168760512951163        34.999394249901925     
   22.249329641777233        34.851037281054900     
   22.330031652184363        34.005233111235498     
   22.410866429905013        32.491983179488741     
   22.491833860279833        30.364515231398062     
   22.572933828256808        27.694351216302902     
   22.654166218390294        24.566033400400560     
   22.735530914840126        21.077263554900735     
   22.817027801370646        17.342809023685120     
   22.898656761349795        13.494683572271148     
   22.980417677748179        9.6739952363542958     
   23.062310433138155        6.0180038373647626     
   23.144334909692866        2.6499861255305839     
   23.226490989185340      -0.32438416175438961     
   23.308778552987519       -2.8168198781568563     
   23.391197482069373       -4.7567566010764528     
   23.473747656997922       -6.0931626323503183     
   23.556428957936333       -6.7955710810660239     
   23.639241264642958       -6.8531458327118049     
   23.722184456470416       -6.2737482091252632     
   23.805258412364640       -5.0854385263562625     
   23.888463010863958       -3.3395796980872778     
   23.971798130098133       -1.1116407155787813     
   24.055263647787438        1.5031101340548076     
   24.138859441241731        4.3975097226523951     
   24.222585387359445        7.4597383244050688     
   24.306441362626764        10.577350309553799     
   24.390427243116569        13.639381568442623     
   24.474542904487549        16.539211298753848     
   24.558788221983267        19.178567420553502     
   24.643163070431196        21.470349036984583     
   24.727667324241768        23.338466179199315     
   24.812300857407461        24.716335773063481     
   24.897063543501819        25.548018176511086     
   24.981955255678532        25.794123315301462     
   25.066975866670465        25.439934841704002     
   25.152125248788753        24.500274839285250     
   25.237403273921821        23.017513185857208     
   25.322809813534437        21.054124550277471     
   25.408344738666770        18.684637371450698     
   25.494007919933452        15.990863668029469     
   25.579799227522624        13.060529803129729     
   25.665718531194972        9.9867260977516032     
   25.751765700282803        6.8660765687805805     
   25.837940603689081        3.7958457275712920     
   25.924243109886469       0.87146129943466022     
   26.010673086916380       -1.8150877722259899     
   26.097230402388075       -4.1773053560650517     
   26.183914923477627       -6.1382302463958807     
   26.270726516927027       -7.6361075373160965     
   26.357665049043220       -8.6292165699121988     
   26.444730385697145       -9.0973323576782477     
   26.531922392322802       -9.0395383939516272     
   26.619240933916274       -8.4705719213984558     
   26.706685875034793       -7.4183724935104962     
   26.794257079795770       -5.9238210824673168     
   26.881954411875846       -4.0415338043880178     
   26.969777734509961       -1.8398415893056232     
   27.057726910490370       0.60096716352044499     
   27.145801802165693        3.1917058750859271     
   27.234002271439980        5.8378232537775583     
   27.322328179771731        8.4432434287854345     
   27.410779388172976        10.914914916991689     
   27.499355757208267        13.167965876461729     
   27.588057146993766        15.130146252376862     
   27.676883417196283        16.743716137845414     
   27.765834427032317        17.964074528721490     
   27.854910035267064        18.756595341157997     
   27.944110100213546        19.094577462617217     
   28.033434479731561        18.960574229059997     
   28.122883031226770        18.350933826873568     
   28.212455611649773        17.280903126259421     
   28.302152077495080        15.786972423001156     
   28.391972284800232        13.924759559411564     
   28.481916089144768        11.763388026933209     
   28.571983345649336        9.3790472946181218     
   28.662173908974683        6.8501863431765342     
   28.752487633320765        4.2551436708274988     
   28.842924372425692        1.6714048422240266     
   28.933483979564866      -0.82485685516004514     
   29.024166307549976       -3.1598017019841791     
   29.114971208728072       -5.2636059191474152     
   29.205898534980545       -7.0725920298525260     
   29.296948137722250       -8.5317229974547431     
   29.388119867900500       -9.5974462782065970     
   29.479413575994144       -10.240526095771569     
   29.570829112012557       -10.447973460965432     
   29.662366325494759       -10.223111270330993     
   29.754025065508387       -9.5835607281157067     
   29.845805180648767       -8.5581170319624942     
   29.937706519038002       -7.1841908571401314     
   30.029728928323937       -5.5070710856696579     
   30.121872255679257       -3.5808910271126133     
   30.214136347800530       -1.4697701110459909     
   30.306521050907225       0.75283830450489808     
   30.399026210740786        3.0076450955462586     
   30.491651672563673        5.2151903466494192     
   30.584397281158370        7.3016120426449485     
   30.677262880826497        9.2023747866723138     
   30.770248315387793        10.863063615623329     
   30.863353428179220        12.238026918492952     
   30.956578062053943        13.288662855455895     
   31.049922059380467        13.982971013629673     
   31.143385262041576        14.296936569909747     
   31.236967511433495        14.217140067960042     
   31.330668648464833        13.743358475134917     
   31.424488513555730        12.890043342337338     
   31.518426946636801        11.686158619542285     
   31.612483787148282        10.173483925861607     
   31.706658874039050        8.4038510590390825     
   31.800952045765630        6.4358847845426324     
   31.895363140291291        4.3318147535352907     
   31.989891995085092        2.1548885193577858     
   32.084538447120927       -3.2232181276789666E-002
   32.179302332876588       -2.1680694063020431     
   32.274183488332781       -4.1924064065290709     
   32.369181748972238       -6.0467093994526184     
   32.464296949778713       -7.6756871666979096     
   32.559528925236094       -9.0301574199986412     
   32.654877509327385       -10.070499205267076     
   32.750342535533846       -10.769383534223913     
   32.845923836833983       -11.112657451910302     
   32.941621245702635       -11.098187171093212     
   33.037434594110032       -10.733578717061178     
   33.133363713520851       -10.034259999682233     
   33.229408434893237       -9.0230422240510073     
   33.325568588677953       -7.7311890508017482     
   33.421844004817324       -6.1998650063118399     
   33.518234512744399       -4.4803338021565589     
   33.614739941381956       -2.6318084374665704     
   33.711360119141581      -0.71717317512851797     
   33.808094873922720        1.2018952585503329     
   33.904944033111768        3.0684488697200965     
   34.001907423581116        4.8312364722101115     
   34.098984871688195        6.4434093883045280     
   34.196176203274597        7.8605482401480637     
   34.293481243665113        9.0399414817107360     
   34.390899817666750        9.9422751157798182     
   34.488431749567901        10.535445104283653     
   34.586076863137329        10.798884893341715     
   34.683834981623306        10.726367286870413     
   34.781705927752625        10.325963824193833     
   34.879689523729660        9.6173045895720950     
   34.977785591235559        8.6276061617318405     
   35.075993951427165        7.3883734174247451     
   35.174314424936206        5.9340605230813495     
   35.272746831868297        4.3027361773912816     
   35.371290991802056        2.5376537812779238     
   35.469946723788176       0.68816779955727159     
   35.568713846348516       -1.1911436177636725     
   35.667592177475129       -3.0432679349534855     
   35.766581534629438       -4.8125490047077513     
   35.865681734741194       -6.4481116696473233     
   35.964892594207697       -7.9058777608093527     
   36.064213928892762       -9.1489725884286308     
   36.163645554125885       -10.147146454399415     
   36.263187284701267       -10.876196883937142     
   36.362838934876983       -11.318144270110206     
   36.462600318373987       -11.462286561413327     
   36.562471248375246       -11.306618619063441     
   36.662451537524845       -10.858804560598479     
   36.762540997927040       -10.136084189170665     
   36.862739441145386       -9.1640384425975761     
   36.963046678201820       -7.9746950610541898     
   37.063462519575744       -6.6047000581103470     
   37.163986775203163       -5.0940998181399832     
   37.264619254475747       -3.4858158480324315     
   37.365359766239933       -1.8254337711648776     
   37.466208118796089      -0.16072197452626438     
   37.567164119897491        1.4595622151529031     
   37.668227576749580        2.9876237727635959     
   37.769398296008944        4.3789551501768003     
   37.870676083782513        5.5944256189932000     
   37.972060745626621        6.6016175110222317     
   38.073552086546108        7.3752404170662800     
   38.175149910993490        7.8968594202221780     
   38.276854022868008        8.1544208177511130     
   38.378664225514790        8.1420366783935201     
   38.480580321723963        7.8602346340327189     
   38.582602113729720        7.3165398708741298     
   38.684729403209531        6.5260081500867795     
   38.786961991283171        5.5112891097439798     
   38.889299678511911        4.3019747878665759     
   38.991742264897617        2.9332782496122829     
   39.094289549881900        1.4443397136540759     
   39.196941332345169      -0.12344787104356328     
   39.299697410605887       -1.7277945426109871     
   39.402557582419590       -3.3264637553640268     
   39.505521644978089       -4.8779457989571799     
   39.608589394908542       -6.3420958627786073     
   39.711760628272700       -7.6809482194829881     
   39.815035140565918       -8.8597756303252151     
   39.918412726716369       -9.8482905260965357     
   40.021893181084209       -10.621770762966460     
   40.125476297460651       -11.161889747315005     
   40.229161869067156       -11.457130306714587     
   40.332949688554585       -11.502804865140325     
   40.436839548002318       -11.300816611747221     
   40.540831238917463       -10.859326875541500     
   40.644924552233938       -10.192438766853689     
   40.749119278311689       -9.3199048423318995     
   40.853415206935821       -8.2667743953838873     
   40.957812127315748       -7.0628607166073332     
   41.062309828084381       -5.7419453203249295     
   41.166908097297274       -4.3407231747517097     
   41.271606722431834       -2.8975850663561808     
   41.376405490386396       -1.4513849044957288     
   41.481304187479502       -4.0328083342635698E-002
   41.586302599448985        1.2989485100541986     
   41.691400511451228        2.5321187776547078     
   41.796597708060268        3.6278083337754796     
   41.901893973267015        4.5582234148037122     
   42.007289090478409        5.2998185612676822     
   42.112782842516658        5.8339855841175039     
   42.218375011618335        6.1476824757403188     
   42.324065379433698        6.2338917903701008     
   42.429853727025709        6.0918165794451618     
   42.535739834869368        5.7267788950955323     
   42.641723482850892        5.1498550268230234     
   42.747804450266820        4.3773330692557186     
   42.853982515823333        3.4300922729899783     
   42.960257457635350        2.3329781714394837     
   43.066629053225832        1.1141981443642655     
   43.173097079524922      -0.19528693456531887     
   43.279661312869166       -1.5624262962817581     
   43.386321529000739       -2.9528441310431530     
   43.493077503066701       -4.3317186266592014     
   43.599929009618116       -5.6647434935087491     
   43.706875822609362       -6.9191041899240089     
   43.813917715397316       -8.0643884671123942     
   43.921054460740578       -9.0733654860542448     
   44.028285830798708       -9.9226014488332286     
   44.135611597131479       -10.592917011254809     
   44.243031530698062       -11.069717401850051     
   44.350545401856294       -11.343231494148142     
   44.458152980361938       -11.408681962876701     
   44.565854035367863       -11.266384189776458     
   44.673648335423358       -10.921749443706462     
   44.781535648473337       -10.385158673551636     
   44.889515741857586       -9.6716812743462093     
   44.997588382310070       -8.8006349195171900     
   45.105753335958099       -7.7950087382874980     
   45.214010368321688       -6.6807920862605767     
   45.322359244312743       -5.4862574976247522     
   45.430799728234341       -4.2412378956590029     
   45.539331583780069       -2.9764197754496053     
   45.647954574033150       -1.7226544932027219     
   45.756668461465878      -0.51027740586983150     
   45.865473007938796       0.63157582982565397     
   45.974367974699973        1.6756555100857731     
   46.083353122384359        2.5972693018619797     
   46.192428211012988        3.3749058876500571     
   46.301592999992344        3.9907707323626682     
   46.410847248113583        4.4311983809222930     
   46.520190713551898        4.6869204700226241     
   46.629623153865730        4.7531883233523047     
   46.739144325996165        4.6297666398943038     
   46.848753986266189        4.3208246293112333     
   46.958451890380005        3.8347505856242661     
   47.068237793422320        3.1839069090397070     
   47.178111449857688        2.3843296641128018     
   47.288072613529870        1.4553656830100932     
   47.398121037661070       0.41923564236470040     
   47.508256474851301      -0.69948465460392806     
   47.618478677077718       -1.8744617920938944     
   47.728787395693956       -3.0782643250479600     
   47.839182381429460       -4.2830559691054129     
   47.949663384388792       -5.4612882001090810     
   48.060230154051020       -6.5863599756773876     
   48.170882439269036       -7.6332206863101231     
   48.281619988268950       -8.5789040079590109     
   48.392442548649342       -9.4029909744648794     
   48.503349867380734       -10.088006995143827     
   48.614341690804899       -10.619758265934102     
   48.725417764634201       -10.987608838098728     
   48.836577833951026       -11.184693036801461     
   48.947821643207057       -11.208052187153921     
   49.059148936222805       -11.058682418892349     
   49.170559456186773       -10.741482932473458     
   49.282052945655053       -10.265100936031990     
   49.393629146550566       -9.6416784047084736     
   49.505287800162527       -8.8865141001304071     
   49.617028647145801       -8.0176595154839507     
   49.728851427520333       -7.0554683766830726     
   49.840755880670500       -6.0221163656227228     
   49.952741745344561       -4.9411024715288807     
   50.064808759654106       -3.8367380820222285     
   50.176956661073326       -2.7336266530036739     
   50.289185186438594       -1.6561366973440681     
   50.401494071947781      -0.62787381335771941     
   50.513883053159752       0.32883770394002254     
   50.626351864993701        1.1934483670660729     
   50.738900241728707        1.9476340033797697     
   50.851527917003096        2.5756855084612194     
   50.964234623813837        3.0648237655349235     
   51.077020094516136        3.4054317286601408     
   51.189884060822749        3.5912025004282677     
   51.302826253803481        3.6192080298853524     
   51.415846403884686        3.4898964618921258     
   51.528944240848652        3.2070266792434610     
   51.642119493833164        2.7775466337447314     
   51.755371891330860        2.2114188405284803     
   51.868701161188817        1.5213934032908498     
   51.982107030607978       0.72272746092603513     
   52.095589226142650      -0.16714927206563859     
   52.209147473699950       -1.1290202126175741     
   52.322781498539385       -2.1423118003962744     
   52.436491025272282       -3.1855559262043518     
   52.550275777861316       -4.2368697693957156     
   52.664135479620008       -5.2744364661382122     
   52.778069853212223       -6.2769709158075697     
   52.892078620651766       -7.2241578849067745     
   53.006161503301790       -8.0970534994028203     
   53.120318221874371       -8.8784451297276696     
   53.234548496430087       -9.5531676025658019     
   53.348852046377473       -10.108375059759792     
   53.463228590472596       -10.533767605994212     
   53.577677846818652       -10.821770614602078     
   53.692199532865388       -10.967662985497480     
   53.806793365408787       -10.969649610326755     
   53.921459060590543       -10.828873430674042     
   54.036196333897678       -10.549364017203507     
   54.151004900162071       -10.137922341966780     
   54.265884473560064       -9.6039447931352910     
   54.380834767611994       -8.9591927372222937     
   54.495855495181850       -8.2175163746021322     
   54.610946368476782       -7.3945428167710343     
   54.726107099046764       -6.5073381635215730     
   54.841337397784123       -5.5740521602048911     
   54.956636974923214       -4.6135523089430475     
   55.072005540039981       -3.6450527066084808     
   55.187442802051578       -2.6877418997607614     
   55.302948469216020       -1.7604139476375755     
   55.418522249131748      -0.88110762970861267     
   55.534163848737322       -6.6760005242370093E-002
   55.649872974311002       0.66711816226986698     
   55.765649331470442        1.3067367821800584     
   55.881492625172264        1.8402823350303374     
   55.997402559711801        2.2581280987307246     
   56.113378838722674        2.5529935118073497     
   56.229421165176468        2.7200500515976143     
   56.345529241382430        2.7569736582786741     
   56.461702768987131        2.6639459946666308     
   56.577941448974116        2.4436083461120863     
   56.694244981663630        2.1009725949283835     
   56.810613066712243        1.6432935409495957     
   56.927045403112615        1.0799061656760622     
   57.043541689193177       0.42203063595104484     
   57.160101622617788      -0.31745270733977154     
   57.276724900385517       -1.1242561556613573     
   57.393411218830266       -1.9829624130019370     
   57.510160273620620       -2.8773233877913436     
   57.626971759759478       -3.7905746018863771     
   57.743845371583788       -4.7057584331084250     
   57.860780802764332       -5.6060483968318513     
   57.977777746305442       -6.4750662850427148     
   58.094835894544779       -7.2971843183867851     
   58.211954939153046       -8.0578054626408395     
   58.329134571133785       -8.7436165127197185     
   58.446374480823138       -9.3428101698344932     
   58.563674357889603       -9.8452738404856177     
   58.681033891333826       -10.242744042765318     
   58.798452769488421       -10.528926002259610     
   58.915930680017688       -10.699578270513999     
   59.033467309917498       -10.752562134859946     
   59.151062345515001       -10.687855407824371     
   59.268715472468557       -10.507530105485513     
   59.386426375767392       -10.215693721161399     
   59.504194739731631       -9.8183943648333170     
   59.622020248011879       -9.3234909557167462     
   59.739902583589299       -8.7404908137597737     
   59.857841428775245       -8.0803582159994107     
   59.975836465211280       -7.3552985654222285     
   60.093887373868895       -6.5785235900222832     
   60.211993835049469       -5.7640033429583832     
   60.330155528384090       -4.9262106944311359     
   60.448372132833391       -4.0798635628343618     
   60.566643326687512       -3.2396694626951037     
   60.684968787565907       -2.4200762157047291     
   60.803348192417310       -1.6350320329185142     
   60.921781217519580      -0.89775774119125706     
   61.040267538479604      -0.22053373720930913     
   61.158806830233239       0.38549572145567024     
   61.277398767045227       0.91049812733100643     
   61.396043022509083        1.3461053241832219     
   61.514739269547057        1.6855401663228513     
   61.633487180410107        1.9237145173195191     
   61.752286426677749        2.0572963673870359     
   61.871136679258079        2.0847446196959609     
   61.990037608387752        2.0063110685199654     
   62.108988883631838        1.8240101520071745     
   62.227990173883910        1.5415580775542375     
   62.347041147365971        1.1642837675450481     
   62.466141471628440       0.69901467153166041     
   62.585290813550174       0.15394080347973413     
   62.704488839338389      -0.46153959189838822     
   62.823735214528753       -1.1369894958815765     
   62.943029603985373       -1.8611147116926290     
   63.062371671900770       -2.6219548867719995     
   63.181761081795941       -3.4070814403794718     
   63.301197496520459       -4.2037999342015251     
   63.420680578252359       -4.9993543361025692     
   63.540209988498333       -5.7811304219511728     
   63.659785388093688       -6.5368552990707638     
   63.779406437202518       -7.2547897971020170     
   63.899072795317579       -7.9239103378617157     
   64.018784121260595       -8.5340769275930217     
   64.138540073182227       -9.0761841473573597     
   64.258340308562069       -9.5422924421511333     
   64.378184484209001       -9.9257375971060480     
   64.498072256261025       -10.221216966681505     
   64.618003280185533       -10.424851722413775     
   64.737977210779420       -10.534225029193941     
   64.857993702169125       -10.548396594288166     
   64.978052407810850       -10.467894425316734     
   65.098152980490724       -10.294684882936403     
   65.218295072324793       -10.032122239597399     
   65.338478334759429       -9.6848790099016338     
   65.458702418571193       -9.2588583414565822     
   65.578966973867324       -8.7610898053852111     
   65.699271650085691       -8.1996100338630136     
   65.819616095995002       -7.5833298361557659     
   65.939999959695200       -6.9218896778614614     
   66.060422888617367       -6.2255057052192582     
   66.180884529524178       -5.5048087925408655     
   66.301384528510013       -4.7706793462223720     
   66.421922531001144       -4.0340807614855985     
   66.542498181756116       -3.3058944743331060     
   66.663111124865821       -2.5967594634559772     
   66.783761003753867       -1.9169188433778928     
   66.904447461176744       -1.2760758751958541     
   67.025170139224215      -0.68326134255215876     
   67.145928679319454      -0.14671384120667033     
   67.266722722219370       0.32622584799716209     
   67.387551908014999       0.72920545885348431     
   67.508415876131636        1.0569364229864417     
   67.629314265329228        1.3052531283589155     
   67.750246713702722        1.4711559644843577     
   67.871212858682313        1.5528379472101053     
   67.992212337033820        1.5496947886967483     
   68.113244784858992        1.4623183714117658     
   68.234309837595873        1.2924737220011129     
   68.355407130019188        1.0430597747422010     
   68.476536296240610       0.71805446550596985     
   68.597696969709276       0.32244499343596600     
   68.718888783211995      -0.13785559362232927     
   68.840111368873835      -0.65610402146304270     
   68.961364358158264       -1.2248328752595441     
   69.082647381867801       -1.8359651913370987     
   69.203960070144305       -2.4809354659099019     
   69.325302052469397       -3.1508149489247326     
   69.446672957664944       -3.8364391337230392     
   69.568072413893418       -4.5285354672951970     
   69.689500048658445       -5.2178494705368115     
   69.810955488805106       -5.8952676485236459     
   69.932438360520607       -6.5519357635793360     
   70.053948289334571       -7.1793712190970114     
   70.175484900119571       -7.7695684469718538     
   70.297047817091695       -8.3150963017539734     
   70.418636663810958       -8.8091865436864207     
   70.540251063181827       -9.2458125515106229     
   70.661890637453752       -9.6197574588396773     
   70.783555008221683       -9.9266709713871393     
   70.905243796426603       -10.163114210866031     
   71.026956622356067       -10.326592055135421     
   71.148693105644753       -10.415572607177427     
   71.270452865275004       -10.429493625429425     
   71.392235519577483       -10.368755974648531     
   71.514040686231581       -10.234704398137591     
   71.635867982266220       -10.029596149548178     
   71.757717024060256       -9.7565582414781069     
   71.879587427343111       -9.4195342530620199     
   72.001478807195568       -9.0232217804220394     
   72.123390778050151       -8.5730017076873875     
   72.245322953691939       -8.0748605234409361     
   72.367274947259034       -7.5353069147768137     
   72.489246371243425       -6.9612838469966203     
   72.611236837491447       -6.3600772963138672     
   72.733245957204559       -5.7392227533315205     
   72.855273340939988       -5.1064105704022413     
   72.977318598611404       -4.4693911904448358     
   73.099381339489668       -3.8358812722614406     
   73.221461172203462       -3.2134717162361368     
   73.343557704740036       -2.6095385896185115     
   73.465670544445956       -2.0311579448551509     
   73.587799298027818       -1.4850255090838276     
   73.709943571552998      -0.97738218946085409     
   73.832102970450322      -0.51394628105303586     
   73.954277099510975       -9.9853177754257699E-002
   74.076465562889126       0.26039672808300124     
   74.198667964102825       0.56298141152821468     
   74.320883906034723       0.80479145930482832     
   74.443112990932889       0.98345497380409963     
   74.565354820411599        1.0973530871154105     
   74.687608995452123        1.1456261949033120     
   74.809875116403759        1.1281711619733379     
   74.932152782984332        1.0456298705346954     
   75.054441594281315       0.89936957493956560     
   75.176741148752569       0.69145559373138810     
   75.299051044227213       0.42461691361000814     
   75.421370877906526       0.10220530544963470     
   75.543700246364807      -0.27185143415802965     
   75.666038745550310      -0.69310149482355932     
   75.788385970786067       -1.1566256892660065     
   75.910741516770912       -1.6570980749900386     
   76.033104977580336       -2.1888499021172021     
   76.155475946667380       -2.7459362034736747     
   76.277854016863714       -3.3222043126665786     
   76.400238780380448       -3.9113635640709088     
   76.522629828809187       -4.5070554000564265     
   76.645026753122977       -5.1029230905329035     
   76.767429143677248       -5.6926802628569506     
   76.889836590210876       -6.2701774500231870     
   77.012248681847183       -6.8294658939674688     
   77.134665007094810       -7.3648578901137256     
   77.257085153849005       -7.8709830250727624     
   77.379508709392397       -8.3428397426480210     
   77.501935260396209       -8.7758417650339737     
   77.624364392921208       -9.1658589947875608     
   77.746795692418800       -9.5092526218336033     
   77.869228743732151       -9.8029042541778804     
   77.991663131097255       -10.044238977405683     
   78.114098438143913       -10.231242323384828     
   78.236534247897083       -10.362471195922708     
   78.358970142777665       -10.437058842182447     
   78.481405704603958       -10.454714024418397     
   78.603840514592591       -10.415714552421415     
   78.726274153359682       -10.320895390439761     
   78.848706200922052       -10.171631568536695     
   78.971136236698428       -9.9698161600876887     
   79.093563839510509       -9.7178336172340067     
   79.215988587584178       -9.4185287897608774     
   79.338410058550849       -9.0751719894993794     
   79.460827829448391       -8.6914205008215539     
   79.583241476722691       -8.2712769767758516     
   79.705650576228507       -7.8190451958094913     
   79.828054703231089       -7.3392836866670876     
   79.950453432407116       -6.8367577517065792     
   80.072846337846158       -6.3163904339681327     
   80.195232993051775       -5.7832129765429405     
   80.317612970943074       -5.2423153147631485     
   80.439985843855609       -4.6987971225720893     
   80.562351183543029       -4.1577199051754850     
   80.684708561178212       -3.6240605927659550     
   80.807057547354688       -3.1026670462891524     
   80.929397712087891       -2.5982158413251453     
   81.051728624816477       -2.1151726450005826     
   81.174049854403847       -1.6577554590029548     
   81.296360969139315       -1.2299009547870281     
   81.418661536739620      -0.83523408957514234     
   81.540951124350272      -0.47704115648114676     
   81.663229298546923      -0.15824639173368357     
   81.785495625336807       0.11860776476162953     
   81.907749670160172       0.35137668343122114     
   82.029990997891701       0.53832578444650103     
   82.152219172841896       0.67813897632422315     
   82.274433758758633       0.76992329182152675     
   82.396634318828575       0.81320974553572922     
   82.518820415678604       0.80795046683452043     
   82.640991611377430       0.75451219334269892     
   82.763147467436937       0.65366624414913954     
   82.885287544813750       0.50657512703111152     
   83.007411403910822       0.31477596916446898     
   83.129518604578863        8.0160994563425084E-002
   83.251608706117963      -0.19504469764009633     
   83.373681267279082      -0.50830777334889654     
   83.495735846265632      -0.85681342014485273     
   83.617772000735059       -1.2374939035889816     
   83.739789287800406       -1.6470585977704042     
   83.861787264031918       -2.0820251631515778     
   83.983765485458733       -2.5387515488704211     
   84.105723507570303       -3.0134685064512747     
   84.227660885318244       -3.5023123158358378     
   84.349577173117794       -4.0013574417367970     
   84.471471924849595       -4.5066488573462351     
   84.593344693861312       -5.0142337921369124     
   84.715195032969206       -5.5201926800340928     
   84.837022494460044       -6.0206691027435566     
   84.958826630092602       -6.5118985399623801     
   85.080606991099387       -6.9902357539063447     
   85.202363128188438       -7.4521806489653954     
   85.324094591545048       -7.8944024603717304     
   85.445800930833457       -8.3137621374052877     
   85.567481695198566       -8.7073327985016746     
   85.689136433267862       -9.0724181478994250     
   85.810764693152962       -9.4065687567902483     
   85.932366022451603       -9.7075961267616719     
   86.053939968249367       -9.9735844699520957     
   86.175486077121434       -10.202900158764702     
   86.297003895134466       -10.394198818336163     
   86.418492967848451       -10.546430055788315     
   86.539952840318435       -10.658839844105897     
   86.661383057096586       -10.730970599063038     
   86.782783162233827       -10.762659011387889     
   86.904152699281823       -10.754031716285819     
   87.025491211294920       -10.705498901755970     
   87.146798240831927       -10.617745973742062     
   87.268073329958128       -10.491723410053075     
   87.389316020247094       -10.328634945873279     
   87.510525852782806       -10.129924241576301     
   87.631702368161342       -9.8972601884808906     
   87.752845106493069       -9.6325210107130506     
   87.873953607404459       -9.3377773206455501     
   87.995027410040151       -9.0152742852980161     
   88.116066053064884       -8.6674130557002940     
   88.237069074665570       -8.2967316093261108     
   88.358036012553228       -7.9058851501602367     
   88.478966403965060       -7.4976262069076336     
   88.599859785666496       -7.0747845654476658     
   88.720715693953167       -6.6402471676317161     
   88.841533664653099       -6.1969381048177876     
   88.962313233128654       -5.7477988310609840     
   89.083053934278638       -5.2957687175114581     
   89.203755302540486       -4.8437660660006303     
   89.324416871892282       -4.3946696959703759     
   89.445038175854890       -3.9513012141225250     
   89.565618747494085       -3.5164080709916083     
   89.686158119422714       -3.0926475018304549     
   89.806655823802856       -2.6825714417015809     
   89.927111392347939       -2.2886124956775116     
   90.047524356324942       -1.9130710350651450     
   90.167894246556600       -1.5581034795320681     
   90.288220593423588       -1.2257118132467624     
   90.408502926866674      -0.91773437085005560     
   90.528740776389071      -0.63583791662696820     
   90.648933671058600      -0.38151102792599084     
   90.769081139509851      -0.15605878203109011     
   90.889182709946596        3.9401265430597750E-002
   91.009237910143909       0.20394183257400347     
   91.129246267450611       0.33682742483965633     
   91.249207308791412       0.43751464877406804     
   91.369120560669288       0.50565137110872171     
   91.488985549167765       0.54107477336805831     
   91.608801799953255       0.54380835618504497     
   91.728568838277468       0.51405795041466629     
   91.848286188979586       0.45220679418052517     
   91.967953376488808       0.35880973636443669     
   92.087569924826667       0.23458662794921267     
   92.207135357609332        8.0414963234680212E-002
   92.326649198050077      -0.10267816656777090     
   92.446110968961762      -0.31352474436928457     
   92.565520192759067      -0.55082505930441161     
   92.684876391461074      -0.81315743562813558     
   92.804179086693694       -1.0989883933135409     
   92.923427799692007       -1.4066831743372623     
   93.042622051302928       -1.7345165677231063     
   93.161761361987502       -2.0806839655976184     
   93.280845251823450       -2.4433125819114370     
   93.399873240507702       -2.8204727652285162     
   93.518844847358920       -3.2101893371937904     
   93.637759591319977       -3.6104528890666745     
   93.756616990960495       -4.0192309701269471     
   93.875416564479366       -4.4344791038638496     
   93.994157829707490       -4.8541515706174305     
   94.112840304110065       -5.2762118990174063     
   94.231463504789403       -5.6986430122678868     
   94.350026948487354       -6.1194569804562526     
   94.468530151588112       -6.5367043347192411     
   94.586972630120627       -6.9484829046646182     
   94.705353899761334       -7.3529461458845828     
   94.823673475836799       -7.7483109299552879     
   94.941930873326342       -8.1328647747504466     
   95.060125606864744       -8.5049724981008374     
   95.178257190744844       -8.8630822827584215     
   95.296325138920309       -9.2057311451177561     
   95.414328965008295       -9.5315498042268292     
   95.532268182292157       -9.8392669513173345     
   95.650142303724166       -10.127712922746582     
   95.767950841928240       -10.395822783434882     
   95.885693309202750       -10.642638827577843     
   96.003369217523215       -10.867312508321049     
   96.120978078545022       -11.069105807671564     
   96.238519403606333       -11.247392060322911     
   96.355992703730777       -11.401656246177399     
   96.473397489630301       -11.531494767595458     
   96.590733271707975       -11.636614728635784     
   96.707999560060770       -11.716832734730385     
   96.825195864482467       -11.772073232514593     
   96.942321694466528       -11.802366410797084     
   97.059376559208815       -11.807845685001601     
   97.176359967610580       -11.788744788737771     
   97.293271428281344       -11.745394497757738     
   97.410110449541719       -11.678219011911448     
   97.526876539426425       -11.587732023973365     
   97.643569205687101       -11.474532502647898     
   97.760187955795317       -11.339300220201629     
   97.876732296945377       -11.182791054730664     
   97.993201736057458       -11.005832097872167     
   98.109595779780491       -10.809316598909698     
   98.225913934495082       -10.594198776131009     
   98.342155706316561       -10.361488525898599     
   98.458320601097924       -10.112246059226450     
   98.574408124432935       -9.8475764947128557     
   98.690417781659065       -9.5686244355112180     
   98.806349077860546       -9.2765685566359810     
   98.922201517871429       -8.9726162274376051     
   99.037974606278610       -8.6579981917610986     
   99.153667847424856       -8.3339633288701300     
   99.269280745412061       -8.0017735118597457     
   99.384812804104087       -7.6626985841915891     
   99.500263527130002       -7.3180114687582183     
   99.615632417887241       -6.9689834244703990     
   99.730918979544583       -6.6168794631490284     
   99.846122715045340       -6.2629539381517656     
   99.961243127110578       -5.9084463148104875     
   100.07627971824219       -5.5545771315590393     
   100.19123199072605       -5.2025441595187081     
   100.30609944663522       -4.8535187673114537     
   100.42088158783314       -4.5086424969689336     
   100.53557791597687       -4.1690238559553974     
   100.65018793252018       -3.8357353295449861     
   100.76471113871688       -3.5098106169936019     
   100.87914703562404       -3.1922420943949614     
   100.99349512410515       -2.8839785058922844     
   101.10775490483346       -2.5859228848418105     
   101.22192587829521       -2.2989307050907875     
   101.33600754479289       -2.0238082620906885     
   101.44999940444862       -1.7613112825635320     
   101.56390095720725       -1.5121437605971051     
   101.67771170283993       -1.2769570171161144     
   101.79143114094717       -1.0563489787678055     
   101.90505877096238      -0.85086367134532737     
   102.01859409215506      -0.66099092196719911     
   102.13203660363422      -0.48716626337898383     
   102.24538580435178      -0.32977103292653154     
   102.35864119310584      -0.18913265801260204     
   102.47180226854415       -6.5525119188168057E-002
   102.58486852916749        4.0830418538953979E-002
   102.69783947333299       0.12976481605307075     
   102.81071459925768       0.20116002236777439     
   102.92349340502179       0.25494799922796596     
   103.03617538857235       0.29110951867677626     
   103.14876004772643       0.30967284421951768     
   103.26124688017471       0.31071230613762901     
   103.37363538348498       0.29434678134057779     
   103.48592505510555       0.26073808789810859     
   103.59811539236881       0.21008930408433338     
   103.71020589249461       0.14264302139919424     
   103.82219605259391        5.8679540629670297E-002
   103.93408536967219       -4.1484980413573937E-002
   104.04587334063305      -0.15750041929363021     
   104.15755946228170      -0.28898461372437573     
   104.26914323132858      -0.43552531140437811     
   104.38062414439284      -0.59668213800436787     
   104.49200169800595      -0.77198857675632004     
   104.60327538861533      -0.96095395353879176     
   104.71444471258778       -1.1630654215182596     
   104.82550916621334       -1.3777899398782099     
   104.93646824570865       -1.6045762412842695     
   105.04732144722074       -1.8428567830381575     
   105.15806826683054       -2.0920496770526471     
   105.26870820055663       -2.3515605939649871     
   105.37924074435885       -2.6207846368880841     
   105.48966539414194       -2.8991081804668273     
   105.59998164575917       -3.1859106710530360     
   105.71018899501620       -3.4805663840159404     
   105.82028693767455       -3.7824461343577496     
   105.93027496945548       -4.0909189370301142     
   106.04015258604355       -4.4053536135500346     
   106.14991928309043       -4.7251203417407686     
   106.25957455621869       -5.0495921457453949     
   106.36911790102543       -5.3781463236023646     
   106.47854881308596       -5.7101658103082604     
   106.58786678795784       -6.0450404740134891     
   106.69707132118434       -6.3821683440904291     
   106.80616190829844       -6.7209567695605612     
   106.91513804482648       -7.0608235070100651     
   107.02399922629202       -7.4011977374182489     
   107.13274494821964       -7.7415210116732860     
   107.24137470613874       -8.0812481249029435     
   107.34988799558744       -8.4198479200690279     
   107.45828431211626       -8.7568040216031449     
   107.56656315129214       -9.0916155001219021     
   107.67472400870213       -9.4237974695645175     
   107.78276637995738       -9.7528816182938058     
   107.89068976069703       -10.078416675936685     
   107.99849364659185       -10.399968817883472     
   108.10617753334850       -10.717122009553210     
   108.21374091671312       -11.029478292612611     
   108.32118329247538       -11.336658015306773     
   108.42850415647237       -11.638300009658264     
   108.53570300459255       -11.934061717122395     
   108.64277933277963       -12.223619265901368     
   108.74973263703656       -12.506667501730522     
   108.85656241342942       -12.782919974648223     
   108.96326815809151       -13.052108884005529     
   109.06984936722721       -13.313984983931913     
   109.17630553711598       -13.568317451426038     
   109.28263616411628       -13.814893719161351     
   109.38884074466976       -14.053519275037416     
   109.49491877530508       -14.284017430438324     
   109.60086975264198       -14.506229059103502     
   109.70669317339535       -14.720012308435956     
   109.81238853437917       -14.925242285052825     
   109.91795533251057       -15.121810716293510     
   110.02339306481400       -15.309625589408585     
   110.12870122842507       -15.488610770068135     
   110.23387932059484       -15.658705602173887     
   110.33892683869365       -15.819864488121816     
   110.44384328021542       -15.972056458744595     
   110.54862814278162       -16.115264721409233     
   110.65328092414541       -16.249486201288541     
   110.75780112219560       -16.374731069068641     
   110.86218823496104       -16.491022259458173     
   110.96644176061452       -16.598394981629529     
   111.07056119747689       -16.696896223074045     
   111.17454604402138       -16.786584248358956     
   111.27839579887751       -16.867528094247298     
   111.38210996083541       -16.939807062603208     
   111.48568802884992       -17.003510212470463     
   111.58912950204473       -17.058735852669489     
   111.69243387971657       -17.105591036212434     
   111.79560066133948       -17.144191057769923     
   111.89862934656877       -17.174658955383503     
   112.00151943524540       -17.197125017523337     
   112.10427042740027       -17.211726296555319     
   112.20688182325810       -17.218606129575438     
   112.30935312324198       -17.217913667607277     
   112.41168382797744       -17.209803413420381     
   112.51387343829661       -17.194434770301179     
   112.61592145524264       -17.171971599875036     
   112.71782738007380       -17.142581792054543     
   112.81959071426785       -17.106436846165778     
   112.92121095952608       -17.063711464143548     
   113.02268761777790       -17.014583156098549     
   113.12402019118483       -16.959231858543450     
   113.22520818214491       -16.897839565495428     
   113.32625109329695       -16.830589972623173     
   113.42714842752484       -16.757668134540769     
   113.52789968796189       -16.679260135312422     
   113.62850437799496       -16.595552772171054     
   113.72896200126904       -16.506733252422425     
   113.82927206169137       -16.412988903476229     
   113.92943406343575       -16.314506895892315     
   114.02944751094701       -16.211473979338553     
   114.12931190894531       -16.104076231304294     
   114.22902676243034       -15.992498818406986     
   114.32859157668588       -15.876925770129912     
   114.42800585728398       -15.757539764621638     
   114.52726911008942       -15.634521927399486     
   114.62638084126407       -15.508051639953976     
   114.72534055727124       -15.378306362372001     
   114.82414776487998       -15.245461465762313     
   114.92280197116962       -15.109690076508770     
   115.02130268353409       -14.971162931482885     
   115.11964940968623       -14.830048244089800     
   115.21784165766245       -14.686511580971066     
   115.31587893582667       -14.540715749165278     
   115.41376075287525       -14.392820693556377     
   115.51148661784107       -14.242983404426340     
   115.60905604009814       -14.091357834961125     
   115.70646852936582       -13.938094828543329     
   115.80372359571349       -13.783342055705990     
   115.90082074956479       -13.627243960607654     
   115.99775950170219       -13.469941716939166     
   116.09453936327137       -13.311573193167941     
   116.19115984578575       -13.152272927070213     
   116.28762046113083       -12.992172109540402     
   116.38392072156874       -12.831398577693498     
   116.48006013974270       -12.670076817344443     
   116.57603822868147       -12.508327974889511     
   116.67185450180378       -12.346269879909531     
   116.76750847292293       -12.184017075279124     
   116.86299965625116       -12.021680861581279     
   116.95832756640425       -11.859369349809828     
   117.05349171840585       -11.697187527449842     
   117.14849162769217       -11.535237337597257     
   117.24332681011630       -11.373617772842687     
   117.33799678195292       -11.212424985907193     
   117.43250105990262       -11.051752419605554     
   117.52683916109646       -10.891690959509774     
   117.62101060310063       -10.732329113795911     
   117.71501490392075       -10.573753226146730     
   117.80885158200657       -10.416047729608971     
   117.90252015625637       -10.259295451994014     
   117.99602014602166       -10.103577987283904     
   118.08935107111155       -9.9489761529392755     
   118.18251245179741       -9.7955705609865724     
   118.27550380881723       -9.6434423425273206     
   118.36832466338041       -9.4926740831116927     
   118.46097453717219       -9.3433510540838185     
   118.55345295235819       -9.1955628690138624     
   118.64575943158897       -9.0494057667491443     
   118.73789349800461       -8.9049858459363591     
   118.82985467523932       -8.7624237950199806     
   118.92164248742581       -8.6218620696442567     
   119.01325645920022       -8.4834762779726560     
   119.10469611570629       -8.3474942447258584     
   119.19596098260016       -8.2142302005204364     
   119.28705058605493       -8.0841518818356075     
   119.37796445276523       -7.9580298196080763     
   119.46870210995171       -7.8373389344715267     
   119.55926308536577       -7.7257712639965481     
   119.64964690729403       -7.6454095439092304     
   119.73985310456294       -7.5266173994264252     
   119.82988120654343       -7.3801955342507153     
   119.91973074315545       -7.2357757161193970     
   120.00940124487259       -7.0933664593633772     
   120.09889224272661       -6.9529744144259142     
   120.18820326831212       -6.8146044408385684     
   120.27733385379118       -6.6782596790077484     
   120.36628353189789       -6.5439416207701546     
   120.45505183594287       -6.4116501786874407     
   120.54363829981806       -6.2813837540318938     
   120.63204245800121       -6.1531393034467659     
   120.72026384556050       -6.0269124042484163     
   120.80830199815921       -5.9026973183452620     
   120.89615645206027       -5.7804870547557234     
   120.98382674413081       -5.6602734307146569     
   121.07131241184699       -5.5420471313315094     
   121.15861299329833       -5.4257977678166993     
   121.24572802719256       -5.3115139342362854     
   121.33265705286010       -5.1991832628271846     
   121.41939961025869       -5.0887924778222109     
   121.50595523997816       -4.9803274478108630     
   121.59232348324477       -4.8737732366328421     
   121.67850388192606       -4.7691141527970426     
   121.76449597853538       -4.6663337974393917     
   121.85029931623649       -4.5654151108142562     
   121.93591343884832       -4.4663404173370953     
   122.02133789084927       -4.3690914691808382     
   122.10657221738221       -4.2736494884438061     
   122.19161596425887       -4.1799952078933345     
   122.27646867796450       -4.0881089103082235     
   122.36112990566251       -3.9979704664314979     
   122.44559919519911       -3.9095593715505177     
   122.52987609510791       -3.8228547807279329     
   122.61396015461443       -3.7378355426993481     
   122.69785092364097       -3.6544802324586132     
   122.78154795281093       -3.5727671825603600     
   122.86505079345372       -3.4926745131547299     
   122.94835899760913       -3.4141801607851465     
   123.03147211803208       -3.3372619059717898     
   123.11438970819715       -3.2618973996068119     
   123.19711132230339       -3.1880641881911820     
   123.27963651527857       -3.1157397379374072     
   123.36196484278420       -3.0449014577677276     
   123.44409586121989       -2.9755267212611165     
   123.52602912772797       -2.9075928873820578     
   123.60776420019819       -2.8410773206435853     
   123.68930063727234       -2.7759574096447714     
   123.77063799834866       -2.7122105851455816     
   123.85177584358674       -2.6498143369999214     
   123.93271373391183       -2.5887462302215392     
   124.01345123101964       -2.5289839201744120     
   124.09398789738087       -2.4705051669186018     
   124.17432329624584       -2.4132878487338436     
   124.25445699164901       -2.3573099748540001     
   124.33438854841361       -2.3025496974376942     
   124.41411753215628       -2.2489853227991876     
   124.49364350929156       -2.1965953219326799     
   124.57296604703652       -2.1453583403458785     
   124.65208471341545       -2.0952532072391157     
   124.73099907726427       -2.0462589440443644     
   124.80970870823512       -1.9983547723571558     
   124.88821317680117       -1.9515201212767397     
   124.96651205426082       -1.9057346341855408     
   125.04460491274260       -1.8609781749825922     
   125.12249132520955       -1.8172308337979519     
   125.20017086546383       -1.7744729322078530     
   125.27764310815130       -1.7326850279687676     
   125.35490762876607       -1.6918479192940519     
   125.43196400365507       -1.6519426486903386     
   125.50881181002256       -1.6129505063721199     
   125.58545062593460       -1.5748530332744948     
   125.66188003032384       -1.5376320236799832     
   125.73809960299381       -1.5012695274786731     
   125.81410892462360       -1.4657478520765748     
   125.88990757677234       -1.4310495639490202     
   125.96549514188366       -1.3971574899671451     
   126.04087120329042       -1.3640547182301863     
   126.11603534521900       -1.3317245988208375     
   126.19098715279395       -1.3001507441526927     
   126.26572621204242       -1.2693170290983327     
   126.34025210989878       -1.2392075908647349     
   126.41456443420903       -1.2098068286341979     
   126.48866277373526       -1.1810994029824173     
   126.56254671816033       -1.1530702350853832     
   126.63621585809216       -1.1257045057292250     
   126.70966978506829       -1.0989876541323631     
   126.78290809156037       -1.0729053765908656     
   126.85593037097861       -1.0474436249592667     
   126.92873621767630       -1.0225886049753725     
   127.00132522695425      -0.99832677444038787     
   127.07369699506516      -0.97464484126286355     
   127.14585111921819      -0.95152976137597367     
   127.21778719758343      -0.92896873653778145     
   127.28950482929616      -0.90694921202100931     
   127.36100361446155      -0.88545887420432412     
   127.43228315415878      -0.86448564806755990     
   127.50334305044586      -0.84401769460413933     
   127.57418290636357      -0.82404340815441379     
   127.64480232594032      -0.80455141366743610     
   127.71520091419629      -0.78553056389938503     
   127.78537827714794      -0.76696993655350421     
   127.85533402181235      -0.74885883136817932     
   127.92506775621166      -0.73118676715934272     
   127.99457908937740      -0.71394347882248910     
   128.06386763135487      -0.69711891429988160     
   128.13293299320765      -0.68070323151727008     
   128.20177478702172      -0.66468679529703589     
   128.27039262590995      -0.64906017424828377     
   128.33878612401654      -0.63381413763388006     
   128.40695489652123      -0.61893965229195946     
   128.47489855964358      -0.60442787936601305     
   128.54261673064752      -0.59027017129017278     
   128.61010902784545      -0.57645806856955573     
   128.67737507060269      -0.56298329664839275     
   128.74441447934171      -0.54983776276962593     
   128.81122687554659      -0.53701355284174490     
   128.87781188176695      -0.52450292831865652     
   128.94416912162268      -0.51229832309138723     
   129.01029821980788      -0.50039234039785296     
   129.07619880209535      -0.48877774974972349     
   129.14187049534070      -0.47744748388057157     
   129.20731292748661      -0.46639463571606832     
   129.27252572756723      -0.45561245536846867     
   129.33750852571220      -0.44509434715733620     
   129.40226095315117      -0.43483386665639517     
   129.46678264221757      -0.42482471777085623     
   129.53107322635330      -0.41506074984294794     
   129.59513234011266      -0.40553595478980875     
   129.65895961916664      -0.39624446427306120     
   129.72255470030697      -0.38718054690115278     
   129.78591722145055      -0.37833860546643278     
   129.84904682164330      -0.36971317421603528     
   129.91194314106468      -0.36129891615865406     
   129.97460582103147      -0.35309062040692379     
   130.03703450400226      -0.34508319955665478     
   130.09922883358126      -0.33727168710233529     
   130.16118845452269      -0.32965123489023240     
   130.22291301273469      -0.32221711060902020     
   130.28440215528357      -0.31496469531799659     
   130.34565553039783      -0.30788948101344304     
   130.40667278747230      -0.30098706823297455     
   130.46745357707209      -0.29425316369806126     
   130.52799755093687      -0.28768357799495742     
   130.58830436198465      -0.28127422329355928     
   130.64837366431607      -0.27502111110486516     
   130.70820511321833      -0.26892035007617721     
   130.76779836516920      -0.26296814382457151     
   130.82715307784107      -0.25716078880827881     
   130.88626891010497      -0.25149467223579580     
   130.94514552203447      -0.24596627001124999     
   131.00378257490976      -0.24057214472057109     
   131.06217973122168      -0.23530894365044050     
   131.12033665467538      -0.23017339684667615     
   131.17825301019474      -0.22516231520847685     
   131.23592846392594      -0.22027258861884486     
   131.29336268324144      -0.21550118411109642     
   131.35055533674409      -0.21084514407052440     
   131.40750609427087      -0.20630158447172778     
   131.46421462689676      -0.20186769315057659     
   131.52068060693884      -0.19754072811062021     
   131.57690370795984      -0.19331801586376388     
   131.63288360477242      -0.18919694980430354     
   131.68861997344248      -0.18517498861676154     
   131.74411249129355      -0.18124965471596610     
   131.79936083691030      -0.17741853272013366     
   131.85436469014235      -0.17367926795564642     
   131.90912373210824      -0.17002956499349603     
   131.96363764519910      -0.16646718621688456     
   132.01790611308240      -0.16298995041950540     
   132.07192882070589      -0.15959573143399083     
   132.12570545430120      -0.15628245679032671     
   132.17923570138757      -0.15304810640335856     
   132.23251925077571      -0.14989071128941731     
   132.28555579257139      -0.14680835231113656     
   132.33834501817927      -0.14379915895033088     
   132.39088662030645      -0.14086130810832673     
   132.44318029296630      -0.13799302293337420     
   132.49522573148201      -0.13519257167452756     
   132.54702263249024      -0.13245826656160239     
   132.59857069394494      -0.12978846271088976     
   132.64986961512071      -0.12718155705594311     
   132.70091909661667      -0.12463598730305431     
   132.75171884035984      -0.12215023091114616     
   132.80226854960898      -0.11972280409522880     
   132.85256792895788      -0.11735226085338256     
   132.90261668433916      -0.11503719201660892     
   132.95241452302767      -0.11277622432113786     
   133.00196115364412      -0.11056801950272478     
   133.05125628615852      -0.10841127341246860     
   133.10029963189382      -0.10630471515400569     
   133.14909090352921      -0.10424710624111566     
   133.19762981510374      -0.10223723977591717     
   133.24591608201979      -0.10027393964666620     
   133.29394942104645       -9.8356059745260793E-002
   133.34172955032301       -9.6482483203548700E-002
   133.38925618936233       -9.4652121648622092E-002
   133.43652905905438       -9.2863914475904280E-002
   133.48354788166941       -9.1116828140571329E-002
   133.53031238086157       -8.9409855465174271E-002
   133.57682228167218       -8.7742014968862622E-002
   133.62307731053295       -8.6112350204276766E-002
   133.66907719526952       -8.4519929120847020E-002
   133.71482166510475       -8.2963843437602200E-002
   133.76031045066190       -8.1443208034015266E-002
   133.80554328396801       -7.9957160355380641E-002
   133.85051989845721       -7.8504859833540511E-002
   133.89524002897389       -7.7085487321739185E-002
   133.93970341177607       -7.5698244544077323E-002
   133.98390978453850       -7.4342353558635985E-002
   134.02785888635594       -7.3017056234246550E-002
   134.07155045774644       -7.1721613740542020E-002
   134.11498424065434       -7.0455306050924121E-002
   134.15815997845360       -6.9217431458095086E-002
   134.20107741595095       -6.8007306102079626E-002
   134.24373629938884       -6.6824263510145310E-002
   134.28613637644889       -6.5667654148517302E-002
   134.32827739625463       -6.4536844985610284E-002
   134.37015910937498       -6.3431219066374431E-002
   134.41178126782694       -6.2350175097585031E-002
   134.45314362507892       -6.1293127043836236E-002
   134.49424593605369       -6.0259503733831994E-002
   134.53508795713140       -5.9248748476876258E-002
   134.57566944615263       -5.8260318689247144E-002
   134.61599016242135       -5.7293685530183609E-002
   134.65604986670792       -5.6348333547302940E-002
   134.69584832125199       -5.5423760331155550E-002
   134.73538528976565       -5.4519476178761288E-002
   134.77466053743598       -5.3635003765847698E-002
   134.81367383092842       -5.2769877827546996E-002
   134.85242493838936       -5.1923644847448727E-002
   134.89091362944899       -5.1095862754693896E-002
   134.92913967522443       -5.0286100628925696E-002
   134.96710284832238       -4.9493938412944409E-002
   135.00480292284192       -4.8718966632852773E-002
   135.04223967437747       -4.7960786125434647E-002
   135.07941288002144       -4.7219007772701341E-002
   135.11632231836714       -4.6493252243361122E-002
   135.15296776951143       -4.5783149740981861E-002
   135.18934901505753       -4.5088339758773598E-002
   135.22546583811766       -4.4408470840802884E-002
   135.26131802331588       -4.3743200349381645E-002
   135.29690535679069       -4.3092194238619680E-002
   135.33222762619775       -4.2455126833836093E-002
   135.36728462071247       -4.1831680616785730E-002
   135.40207613103266       -4.1221546016540066E-002
   135.43660194938127       -4.0624421205786819E-002
   135.47086186950884       -4.0040011902502504E-002
   135.50485568669617       -3.9468031176864760E-002
   135.53858319775685       -3.8908199263169040E-002
   135.57204420103986       -3.8360243376732037E-002
   135.60523849643195       -3.7823897535607665E-002
   135.63816588536045       -3.7298902386968473E-002
   135.67082617079538       -3.6785005038036535E-002
   135.70321915725225       -3.6281958891528104E-002
   135.73534465079445       -3.5789523485372635E-002
   135.76720245903545       -3.5307464336673221E-002
   135.79879239114157       -3.4835552789776764E-002
   135.83011425783408       -3.4373565868345189E-002
   135.86116787139190       -3.3921286131338546E-002
   135.89195304565362       -3.3478501532777559E-002
   135.92246959602008       -3.3045005285246981E-002
   135.95271733945668       -3.2620595726922434E-002
   135.98269609449559       -3.2205076192233922E-002
   136.01240568123816       -3.1798254885789877E-002
   136.04184592135695       -3.1399944759816230E-002
   136.07101663809843       -3.1009963394647237E-002
   136.09991765628467       -3.0628132882535325E-002
   136.12854880231606       -3.0254279714439641E-002
   136.15690990417312       -2.9888234669833130E-002
   136.18500079141893       -2.9529832709432508E-002
   136.21282129520117       -2.9178912871591207E-002
   136.24037124825421       -2.8835318167715149E-002
   136.26765048490140       -2.8498895487873550E-002
   136.29465884105704       -2.8169495500861882E-002
   136.32139615422841       -2.7846972561846275E-002
   136.34786226351804       -2.7531184620864117E-002
   136.37405700962557       -2.7221993133977423E-002
   136.39998023484981       -2.6919262976813886E-002
   136.42563178309075       -2.6622862360339242E-002
   136.45101149985163       -2.6332662748963682E-002
   136.47611923224071       -2.6048538780758593E-002
   136.50095482897345       -2.5770368189826424E-002
   136.52551814037423       -2.5498031730739661E-002
   136.54980901837840       -2.5231413105022239E-002
   136.57382731653399       -2.4970398889562317E-002
   136.59757289000393       -2.4714878466944160E-002
   136.62104559556735       -2.4464743957680557E-002
   136.64424529162196       -2.4219890154214694E-002
   136.66717183818545       -2.3980214456727246E-002
   136.68982509689749       -2.3745616810639757E-002
   136.71220493102138       -2.3515999645831804E-002
   136.73431120544595       -2.3291267817465589E-002
   136.75614378668709       -2.3071328548416672E-002
   136.77770254288961       -2.2856091373257080E-002
   136.79898734382880       -2.2645468083745051E-002
   136.81999806091216       -2.2439372675808967E-002
   136.84073456718104       -2.2237721297945580E-002
   136.86119673731233       -2.2040432201025032E-002
   136.88138444761989       -2.1847425689470550E-002
   136.90129757605632       -2.1658624073763681E-002
   136.92093600221432       -2.1473951624231703E-002
   136.94029960732848       -2.1293334526109074E-002
   136.95938827427653       -2.1116700835852910E-002
   136.97820188758109       -2.0943980438603564E-002
   136.99674033341097       -2.0775105006861687E-002
   137.01500349958269       -2.0610007960301786E-002
   137.03299127556198       -2.0448624426675228E-002
   137.05070355246500       -2.0290891203810578E-002
   137.06814022306006       -2.0136746722680839E-002
   137.08530118176867       -1.9986131011476872E-002
   137.10218632466697       -1.9838985660727563E-002
   137.11879554948737       -1.9695253789345259E-002
   137.13512875561938       -1.9554880011680806E-002
   137.15118584411121       -1.9417810405488043E-002
   137.16696671767102       -1.9283992480797412E-002
   137.18247128066807       -1.9153375149679304E-002
   137.19769943913391       -1.9025908696893645E-002
   137.21265110076388       -1.8901544751366840E-002
   137.22732617491789       -1.8780236258498641E-002
   137.24172457262191       -1.8661937453279945E-002
   137.25584620656886       -1.8546603834219032E-002
   137.26969099111997       -1.8434192137987016E-002
   137.28325884230577       -1.8324660314876701E-002
   137.29654967782707       -1.8217967504945209E-002
   137.30956341705624       -1.8114074014923775E-002
   137.32229998103799       -1.8012941295782219E-002
   137.33475929249062       -1.7914531921012285E-002
   137.34694127580690       -1.7818809565577461E-002
   137.35884585705506       -1.7725738985502601E-002
   137.37047296397969       -1.7635285998130135E-002
   137.38182252600276       -1.7547417462988942E-002
   137.39289447422451       -1.7462101263284586E-002
   137.40368874142428       -1.7379306287992842E-002
   137.41420526206136       -1.7299002414534605E-002
   137.42444397227598       -1.7221160492043728E-002
   137.43440480988997       -1.7145752325184140E-002
   137.44408771440766       -1.7072750658543048E-002
   137.45349262701657       -1.7002129161549317E-002
   137.46261949058825       -1.6933862413927043E-002
   137.47146824967896       -1.6867925891690262E-002
   137.48003885053043       -1.6804295953636576E-002
   137.48833124107054       -1.6742949828338464E-002
   137.49634537091387       -1.6683865601655773E-002
   137.50408119136242       -1.6627022204712589E-002
   137.51153865540638       -1.6572399402358474E-002
   137.51871771772443       -1.6519977782107204E-002
   137.52561833468457       -1.6469738743525725E-002
   137.53224046434443       -1.6421664488103505E-002
   137.53858406645196       -1.6375738009526027E-002
   137.54464910244582       -1.6331943084450778E-002
   137.55043553545576       -1.6290264263662049E-002
   137.55594333030317       -1.6250686863691091E-002
   137.56117245350134       -1.6213196958845155E-002
   137.56612287325555       -1.6177781373668751E-002
   137.57079455946356       -1.6144427675794052E-002
   137.57518748371535       -1.6113124169232530E-002
   137.57930161929318       -1.6083859888038447E-002
   137.58313694117086       -1.6056624590403367E-002
   137.58669342601303       -1.6031408753124081E-002
   137.58997105217293       -1.6008203566495006E-002
   137.59296979968926       -1.5987000929570845E-002
   137.59568965027961       -1.5967793445853855E-002
   137.59813058732803       -1.5950574419398074E-002
   137.60029259585971       -1.5935337851386733E-002
   137.60217566248559       -1.5922078437290297E-002
   137.60377977526713       -1.5910791564962719E-002
   137.60510492334163       -1.5901473314799425E-002
   137.60615109566487       -1.5894120466451552E-002
   137.60691827540361       -1.5888730536463183E-002
   137.60740639857926       -1.5885302067306963E-002

