 # Molecular potential
 # R (nm)   Energy shift (MHz)
   9.6824421025974196E-005   0.0000000000000000     
   3.2458500270136242E-004   0.0000000000000000     
   6.8255612481164958E-004   0.0000000000000000     
   1.1707098398518237E-003   0.0000000000000000     
   1.7890408912213842E-003   0.0000000000000000     
   2.5375474161630491E-003   0.0000000000000000     
   3.4162283292333276E-003   0.0000000000000000     
   4.4250827356027778E-003   0.0000000000000000     
   5.5641097560170704E-003   0.0000000000000000     
   6.8333084637588410E-003   0.0000000000000000     
   8.2326778585848203E-003   0.0000000000000000     
   9.7622168548459325E-003   0.0000000000000000     
   1.1421924275535542E-002   0.0000000000000000     
   1.3211798849181503E-002   0.0000000000000000     
   1.5131839208037567E-002   0.0000000000000000     
   1.7182043887089361E-002   0.0000000000000000     
   1.9362411323375954E-002   0.0000000000000000     
   2.1672939855579474E-002   0.0000000000000000     
   2.4113627723768766E-002   0.0000000000000000     
   2.6684473069168706E-002   0.0000000000000000     
   2.9385473934050280E-002   0.0000000000000000     
   3.2216628261598802E-002   0.0000000000000000     
   3.5177933895817394E-002   0.0000000000000000     
   3.8269388581484570E-002   0.0000000000000000     
   4.1490989964052108E-002   0.0000000000000000     
   4.4842735589611223E-002   0.0000000000000000     
   4.8324622904818065E-002   0.0000000000000000     
   5.1936649256849543E-002   0.0000000000000000     
   5.5678811893361116E-002   0.0000000000000000     
   5.9551107962399055E-002   0.0000000000000000     
   6.3553534512395288E-002   0.0000000000000000     
   6.7686088492078841E-002   0.0000000000000000     
   7.1948766750436446E-002   0.0000000000000000     
   7.6341566036661174E-002   0.0000000000000000     
   8.0864483000088402E-002   0.0000000000000000     
   8.5517514190152980E-002   0.0000000000000000     
   9.0300656056310186E-002   0.0000000000000000     
   9.5213904947996683E-002   0.0000000000000000     
  0.10025725711456478        0.0000000000000000     
  0.10543070870521409        0.0000000000000000     
  0.11073425576892969        0.0000000000000000     
  0.11616789425443175        0.0000000000000000     
  0.12173162001007971        0.0000000000000000     
  0.12742542878383983        0.0000000000000000     
  0.13324931622318870        0.0000000000000000     
  0.13920327787504663        0.0000000000000000     
  0.14528730918572275        0.0000000000000000     
  0.15150140550081456        0.0000000000000000     
  0.15784556206515210        0.0000000000000000     
  0.16431977402271561        0.0000000000000000     
  0.17092403641655010        0.0000000000000000     
  0.17765834418869189        0.0000000000000000     
  0.18452269218007758        0.0000000000000000     
  0.19151707513047880        0.0000000000000000     
  0.19864148767839657        0.0000000000000000     
  0.20589592436097590        0.0000000000000000     
  0.21328037961393725        0.0000000000000000     
  0.22079484777146180        0.0000000000000000     
  0.22843932306611725        0.0000000000000000     
  0.23621379962875186        0.0000000000000000     
  0.24411827148840476        0.0000000000000000     
  0.25215273257221382        0.0000000000000000     
  0.26031717670531063        0.0000000000000000     
  0.26861159761072256        0.0000000000000000     
  0.27703598890927178        0.0000000000000000     
  0.28559034411947171        0.0000000000000000     
  0.29427465665742047        0.0000000000000000     
  0.30308891983670122        0.0000000000000000     
  0.31203312686826484        0.0000000000000000     
  0.32110727086032509        0.0000000000000000     
  0.33031134481824975        0.0000000000000000     
  0.33964534164444066        0.0000000000000000     
  0.34910925413823357        0.0000000000000000     
  0.35870307499575804        0.0000000000000000     
  0.36842679680984175        0.0000000000000000     
  0.37828041206988283        0.0000000000000000     
  0.38826391316173059        0.0000000000000000     
  0.39837729236756114        0.0000000000000000     
  0.40862054186575220        0.0000000000000000     
  0.41899365373075881        0.0000000000000000     
  0.42949661993298649        0.0000000000000000     
  0.44012943233866131        0.0000000000000000     
  0.45089208270970282        0.0000000000000000     
  0.46178456270358803        0.0000000000000000     
  0.47280686387321380        0.0000000000000000     
  0.48395897766677459        0.0000000000000000     
  0.49524089542760014        0.0000000000000000     
  0.50665260839405601        0.0000000000000000     
  0.51819410769936181        0.0000000000000000     
  0.52986538437147557        0.0000000000000000     
  0.54166642933294062        0.0000000000000000     
  0.55359723340075029        0.0000000000000000     
  0.56565778728617333        0.0000000000000000     
  0.57784808159464829        0.0000000000000000     
  0.59016810682559262        0.0000000000000000     
  0.60261785337227736        0.0000000000000000     
  0.61519731152166868        0.0000000000000000     
  0.62790647145426337        0.0000000000000000     
  0.64074532324393574        0.0000000000000000     
  0.65371385685778938        0.0000000000000000     
  0.66681206215598965        0.0000000000000000     
  0.68003992889159592        0.0000000000000000     
  0.69339744671041670        0.0000000000000000     
  0.70688460515082230        0.0000000000000000     
  0.72050139364360299        0.0000000000000000     
  0.73424780151177693        0.0000000000000000     
  0.74812381797043803        0.0000000000000000     
  0.76212943212657669        0.0000000000000000     
  0.77626463297891268        0.0000000000000000     
  0.79052940941772032        0.0000000000000000     
  0.80492375022464069        0.0000000000000000     
  0.81944764407252568        0.0000000000000000     
  0.83410107952523505        0.0000000000000000     
  0.84888404503746917        0.0000000000000000     
  0.86379652895459524        0.0000000000000000     
  0.87883851951244485        0.0000000000000000     
  0.89401000483713011        0.0000000000000000     
  0.90931097294487861        0.0000000000000000     
  0.92474141174181068        0.0000000000000000     
  0.94030130902377740        0.0000000000000000     
  0.95599065247616211        0.0000000000000000     
  0.97180942967367479        0.0000000000000000     
  0.98775762808016510        0.0000000000000000     
   6.9624067907340486        454.21570346268697     
   7.0045642855345509        410.30358161168482     
   7.0468458004035162        374.97977907401054     
   7.0892512930590650        348.94100947434089     
   7.1317807210325634        332.43526226225310     
   7.1744340416681451        325.30822790555351     
   7.2172112121221419        327.17544796826490     
   7.2601121893625900        337.32936063853987     
   7.3031369301686713        354.87970022083874     
   7.3462853911301904        378.59697432635261     
   7.3895575286470381        407.33631928816521     
   7.4329532989286742        439.67009874015889     
   7.4764726579935648        474.04945197784878     
   8.1895538399742147        474.98591614015976     
   8.2351672914874694        434.13305600785435     
   8.2809035068377099        393.52392042946741     
   8.3267624383107925        354.17851117437039     
   8.3727440379905609        317.24195104364185     
   8.4188482577582722        283.84214189809637     
   8.4650750492920146        254.65810636483872     
   8.5114243640661424        230.37677025586669     
   8.5578961533507183        211.53122901586633     
   8.6044903682109179        198.32146133980152     
   8.6512069595064798        190.87203167928001     
   8.6980458778911043        189.11054232209989     
   8.7450070738118981        192.78075056468094     
   8.7920904975087826        201.49320996416097     
   8.8392960990139109        214.65303674298755     
   8.8866238281511087        231.63162934796114     
   8.9340736345352685        251.64558881563065     
   8.9816454675717665        273.71383992632985     
   9.0293392764558895        296.98010770023092     
   9.0771550101722358        320.48452425433612     
   9.1250926174941362        343.10307120103948     
   9.1731520469830627        364.00427600001700     
   9.2213332469880278        382.38431298880471     
   9.2696361656450055        397.31887685284306     
   9.3180607508763238        408.29902764074643     
   9.3666069503900786        414.99816941251254     
   9.4152747116795279        416.97834140483690     
   9.4640639820225143        414.21747180458311     
   9.5129747084808347        406.97845848867087     
   9.5620068378996645        395.37455091075987     
   9.6111603169069415        379.79787834344677     
   9.6604350919127668        360.94826540481381     
   9.7098311091088103        339.34105101481526     
   9.7593483144676707        315.56988330107021     
   9.8089866537423127        290.49720117274290     
   9.8587460724654186        264.82439270179140     
   9.9086265159488178        239.16366871603270     
   9.9586279292828159        214.31060304140803     
   10.008750257335654        190.96479831778367     
   10.058993444752835        169.64834448578125     
   10.109357435956536        150.94039065699877     
   10.159842175144979        135.35784831170676     
   10.210447606291837        123.22054928787269     
   10.261173673145572        114.77885682520370     
   10.312020319228857        110.18778640560529     
   10.362987487837913        109.42485037777269     
   10.414075122041924        112.35146902195865     
   10.465283164682376        118.69272987806761     
   10.516611558372464        128.02830699304485     
   10.568060245496442        139.89030002704891     
   10.619629168208990        153.71886786824254     
   10.671318268434597        168.83473902445098     
   10.723127487866931        184.61210009105923     
   10.775056767968199        200.47555168674413     
   10.827106049968501        215.76058131083315     
   10.879275274865220        229.86465509358595     
   10.931564383422364        242.37599464520639     
   10.983973316169935        252.87354963208864     
   11.036502013403286        260.91022841902628     
   11.089150415182489        266.24978335660836     
   11.141918461331686        268.78659431199225     
   11.194806091438439        268.34402048491131     
   11.247813244853099        264.84495813066411     
   11.300939860688155        258.44926434955875     
   11.354185877817571        249.33988806564346     
   11.407551234876168        237.67319489627997     
   11.461035870258952        223.79625493078566     
   11.514639722120457        208.20800873326451     
   11.568362728374115        191.35403023224748     
   11.622204826691590        173.69700289655935     
   11.676165954502117        155.83552410298037     
   11.730246048991862        138.36063952546323     
   11.784445047103246        121.74764193772825     
   11.838762885534290        106.45593744894344     
   11.893199500737991        92.943608059273444     
   11.947754828921589        81.551124980652958     
   12.002428806045970        72.499477251091861     
   12.057221367824981        65.959985220170083     
   12.112132449724747        62.029062377708243     
   12.167161986963027        60.697387183801112     
   12.222309914508552        61.889398806372554     
   12.277576167080319        65.469021868780530     
   12.332960679146973        71.216659325346768     
   12.388463384926096        78.864668180120802     
   12.444084218383544        88.117143533307754     
   12.499823113232795        98.601553468843449     
   12.555680002934237        109.87987342259325     
   12.611654820694536        121.53103852653945     
   12.667747499465916        133.14354709407939     
   12.723957971945513        144.25057649805493     
   12.780286170574682        154.38761886301072     
   12.836732027538320        163.19865469321783     
   12.893295474764173        170.40004071683521     
   12.949976443922180        175.70472195092486     
   13.006774866423754        178.89341271254310     
   13.063690673421126        179.90552223510468     
   13.120723795806654        178.76876600711140     
   13.177874164212124        175.50751350905244     
   13.235141709008053        170.20265053383199     
   13.292526360303032        163.06277813336425     
   13.350028047943015        154.34857101754838     
   13.407646701510618        144.28790172395685     
   13.465382250324453        133.12877795407340     
   13.523234623438402        121.20451426129654     
   13.581203749640940        108.87726491014890     
   13.639289557454440        96.468680893408987     
   13.697491975134479        84.294607596378668     
   13.755810930669121        72.710898436768176     
   13.814246351778230        62.069226678674696     
   13.872798165912764        52.658662229605831     
   13.931466300254087        44.716812818119053     
   13.990250681713249        38.452247540292696     
   14.049151236930292        34.017006978334493     
   14.108167892273524        31.478756232085164     
   14.167300573838860        30.835713442228371     
   14.226549207449056        32.032050298683423     
   14.285913718653051        34.948918888547610     
   14.345394032725228        39.411087842946273     
   14.404990074664710        45.216447653752368     
   14.464701769194638        52.141159816970884     
   14.524529040761507        59.920903846616405     
   14.584471813534375        68.262676683367971     
   14.644530011404216        76.883618113901022     
   14.704703557983169        85.512806143532345     
   14.764992376603818        93.856187273785068     
   14.825396390318515        101.59927064854035     
   14.885915521898605        108.46072911267986     
   14.946549693833743        114.21825988252583     
   15.007298828331182        118.67582947611334     
   15.068162847315000        121.64680681681196     
   15.129141672425433        123.00050809988412     
   15.190235225018137        122.70587886618330     
   15.251443426163426        120.80545466846939     
   15.312766196645605        117.36594321018464     
   15.374203456962199        112.48317451938519     
   15.435755127323246        106.32017312831987     
   15.497421127650565        99.100501661908439     
   15.559201377577013        91.055661635124935     
   15.621095796445784        82.399668356976164     
   15.683104303309637        73.355645077760457     
   15.745226816930220        64.177402746288664     
   15.807463255777261        55.126084969950774     
   15.869813538027916        46.438101073334138     
   15.932277581565975        38.328314920534694     
   15.994855303981140        31.010120277146992     
   16.057546622568303        24.689977279550842     
   16.120351454326794        19.539589817291656     
   16.183269715959650        15.681448567070891     
   16.246301323872871        13.195119464353192     
   16.309446194174672        12.119601805994362     
   16.372704242674764        12.443436395604129     
   16.436075384883591        14.102264158717260     
   16.499559536011589        16.992449581595860     
   16.563156610968456        20.982575122067431     
   16.626866524362388        25.911549230901265     
   16.690689190499359        31.589220751661131     
   16.754624523382336        37.812907265671278     
   16.818672436710575        44.383745000250308     
   16.882832843878830        51.101899889307347     
   16.947105657976653        57.751586144218329     
   17.011490791787597        64.105003460603001     
   17.075988157788490        69.947377390205190     
   17.140597668148690        75.093394818468425     
   17.205319234729302        79.378523199240746     
   17.270152769082461        82.647940011288924     
   17.335098182450555        84.770977674558949     
   17.400155385765469        85.671044228075829     
   17.465324289647864        85.335822635368572     
   17.530604804406359        83.797384113119904     
   17.595996840036836        81.110492426054464     
   17.661500306221647        77.354929058041179     
   17.727115112328864        72.650180015100091     
   17.792841167411520        67.152984108219798     
   17.858678380206861        61.033434084862357     
   17.924626659135544        54.455487988658447     
   17.990685912300940        47.581062336434613     
   18.056856047488317        40.585390663083793     
   18.123136972164097        33.659075923588190     
   18.189528593475110        26.992837137018100     
   18.256030818247790        20.763032492946611     
   18.322643552987447        15.130657570801109     
   18.389366703877482        10.245382199831070     
   18.456200176778637        6.2402298318485929     
   18.523143877228190        3.2176025121717551     
   18.590197710439256        1.2399857735979556     
   18.657361581299941       0.33195894540078347     
   18.724635394372616       0.48616799995840387     
   18.792019053893156        1.6648818730240740     
   18.859512463770162        3.7996260646775757     
   18.927115527584142        6.7962631054746625     
   18.994828148586826        10.544581616006344     
   19.062650229700317        14.923265612951354     
   19.130581673516375        19.796227165871333     
   19.198622382295607        25.008151624520455     
   19.266772257966707        30.388964254324218     
   19.335031202125670        35.765611437728666     
   19.403399116035050        40.970221479669945     
   19.471875900623147        45.839324386360801     
   19.540461456483236        50.212135077764309     
   19.609155683872832        53.938855339960128     
   19.677958482712853        56.897710637490221     
   19.746869752586871        59.007143151215573     
   19.815889392740370        60.223058980802769     
   19.885017302079877        60.526502644841401     
   19.954253379172279        59.915994125403898     
   20.023597522243985        58.410935441926462     
   20.093049629180154        56.058250467803681     
   20.162609597523950        52.930930327513238     
   20.232277324475699        49.117740021030443     
   20.302052706892159        44.714461402734308     
   20.371935641285738        39.825394555408067     
   20.441926023823658        34.571890945208999     
   20.512023750327234        29.096625582405778     
   20.582228716271064        23.556916867332593     
   20.652540816782242        18.111581795239456     
   20.722959946639570        12.910794651634257     
   20.793486000272789        8.0928385965067449     
   20.864118871761796        3.7834384288292795     
   20.934858454835837        9.2117833719181808E-002
   21.005704642872743       -2.8941134373989246     
   21.076657328898118       -5.1145762840975788     
   21.147716405584585       -6.5330892040104844     
   21.218881765250984       -7.1332252926294535     
   21.290153299861569       -6.9158897665413033     
   21.361530901025255       -5.9009800790988942     
   21.433014459994798       -4.1300311584316560     
   21.504603867666027       -1.6661628633994601     
   21.576299014577028        1.4085736441296925     
   21.648099790907406        4.9953729683702877     
   21.720006086477447        8.9789607083329290     
   21.792017790747352        13.228690996703774     
   21.864134792816433        17.604285048082097     
   21.936356981422342        21.966120534624597     
   22.008684244940277        26.185033064141731     
   22.081116471382167        30.146250505176273     
   22.153653548395919        33.747111138902227     
   22.226295363264601        36.893503053302624     
   22.299041802905649        39.500147435877437     
   22.371892753870103        41.495047695249752     
   22.444848102341783        42.823868511642708     
   22.517907734136511        43.450396542846519     
   22.591071534701339        43.353889531634380     
   22.664339389113714        42.527877750032573     
   22.737711182080727        40.983720023895835     
   22.811186797938291        38.757103930603172     
   22.884766120650369        35.911863585739233     
   22.958449033808158        32.536841106243855     
   23.032235420629355        28.736803022205180     
   23.106125163957259        24.622660095481393     
   23.180118146260092        20.305742805007057     
   23.254214249630120        15.896680781496269     
   23.328413355782907        11.505764943635565     
   23.402715346056510        7.2416372622748826     
   23.477120101410677        3.2080209057033455     
   23.551627502426069      -0.49935385296680113     
   23.626237429303455       -3.7938474271362703     
   23.700949761862915       -6.5976950752956904     
   23.775764379543059       -8.8428624948694878     
   23.850681161400242       -10.474496713914712     
   23.925699986107738       -11.455893302372820     
   24.000820731954960       -11.772130904354750     
   24.076043276846693       -11.430286701656193     
   24.151367498302271       -10.456627081968529     
   24.226793273454788       -8.8929845126760050     
   24.302320479050309       -6.7941857856950447     
   24.377948991447084       -4.2266143267813865     
   24.453678686614754       -1.2667359953818667     
   24.529509440133516        2.0011563061126814     
   24.605441127193419        5.4873293122867155     
   24.681473622593479        9.0978317545957506     
   24.757606800740920        12.734272221025249     
   24.833840535650431        16.293688169521008     
   24.910174700943287        19.670826400282809     
   24.986609169846609        22.763866649825172     
   25.063143815192579        25.482069411513521     
   25.139778509417607        27.752079190742080     
   25.216513124561583        29.520196267825298     
   25.293347532267045        30.750454203804473     
   25.370281603778437        31.420815536216793     
   25.447315209941259        31.520374952407348     
   25.524448221201329        31.048949489419741     
   25.601680507603945        30.018294380005070     
   25.679011938793142        28.453153381593769     
   25.756442384010882        26.391033173996238     
   25.833971712096226        23.881084080784774     
   25.911599791484615        20.983287729013654     
   25.989326490207038        17.768554186649254     
   26.067151675889239        14.318921229439109     
   26.145075215750943        10.726188896271847     
   26.223096976605067        7.0879170228671224     
   26.301216824856937        3.5014087371572056     
   26.379434626503482        5.7775180841149992E-002
   26.457750247132452       -3.1617478987175973     
   26.536163551921650       -6.0864388573267654     
   26.614674405638130       -8.6546788287443821     
   26.693282672637416       -10.812437036990778     
   26.771988216862688       -12.513202339344174     
   26.850790901844050       -13.719639274681846     
   26.929690590697721       -14.406086408471632     
   27.008687146125219       -14.560693742291781     
   27.087780430412625       -14.186501965377108     
   27.166970305429782       -13.301480865154208     
   27.246256632629493       -11.937845620157379     
   27.325639273046789       -10.140760904934913     
   27.405118087298067       -7.9662542836235897     
   27.484692935580398       -5.4782742664816437     
   27.564363677670695       -2.7453826670486219     
   27.644130172924910       0.16190899252166202     
   27.723992280277333        3.1722350682360125     
   27.803949858239726        6.2128118404008630     
   27.884002764900622        9.2082335114536260     
   27.964150857924473        12.080276249457922     
   28.044393994550930        14.749996230273199     
   28.124732031594057        17.142176371578863     
   28.205164825441521        19.190790219261036     
   28.285692232053851        20.843474400339272     
   28.366314106963664        22.063465404660626     
   28.447030305274851        22.828753280684946     
   28.527840681661850        23.129507051505708     
   28.608745090368878        22.965380138004999     
   28.689743385209091        22.343916087409703     
   28.770835419563895        21.280352389495231     
   28.852021046382131        19.798304904899620     
   28.933300118179300        17.930536766282476     
   29.014672487036837        15.719263982392457     
   29.096138004601290        13.215876400254805     
   29.177696522083593        10.480181354989965     
   29.259347890258283        7.5791916032432853     
   29.341091959462730        4.5852765596832805     
   29.422928579596380        1.5734879824285777     
   29.504857600120005       -1.3818033344642373     
   29.586878870054900       -4.2103411056548907     
   29.668992237982177       -6.8486014694133130     
   29.751197552041937       -9.2409333369821898     
   29.833494659932587       -11.339223379515280     
   29.915883408910020       -13.101826153486405     
   29.998363645786863       -14.492867341778796     
   30.080935216931760       -15.482781799829523     
   30.163597968268586       -16.050195986302807     
   30.246351745275685       -16.184414405800002     
   30.329196392985125       -15.887309903576217     
   30.412131755981960       -15.173629146701348     
   30.495157678403476       -14.069492223463001     
   30.578274003938379       -12.609735158360291     
   30.661480575826143       -10.835215404585743     
   30.744777236856187       -8.7910432318954630     
   30.828163829367163       -6.5260698516731619     
   30.911640195246196       -4.0932480829708560     
   30.995206175928157       -1.5500562639302979     
   31.078861612394860        1.0417953443724857     
   31.162606345174407        3.6177605525582899     
   31.246440214340375        6.1128254694579045     
   31.330363059511122        8.4643437262267955     
   31.414374719848986        10.614734921770539     
   31.498475034059634        12.513587434929095     
   31.582663840391248        14.118952574890461     
   31.666940976633821        15.397827038515153     
   31.751306280118435        16.325946599801988     
   31.835759587716488        16.887092526576932     
   31.920300735839007        17.072193923061938     
   32.004929560435876        16.878588031806228     
   32.089645896995158        16.309803496944387     
   32.174449580542301        15.376076298522262     
   32.259340445639445        14.095485255675239     
   32.344318326384744        12.495213432283508     
   32.429383056411538        10.612200477583711     
   32.514534468887710        8.4925278528452228     
   32.599772396514958        6.1893104922583309     
   32.685096671528029        3.7594886099003055     
   32.770507125694060        1.2604175869543774     
   32.856003590311801       -1.2527334781567074     
   32.941585896210967       -3.7281242993518813     
   33.027253873751462       -6.1169458581177398     
   33.113007352822692       -8.3723598959010932     
   33.198846162842869       -10.448687643808007     
   33.284770132758283       -12.301709517846064     
   33.370779091042586       -13.890360925216024     
   33.456872865696120       -15.179373852835909     
   33.543051284245166       -16.141886122671032     
   33.629314173741292       -16.761002808574926     
   33.715661360760620       -17.029776478526852     
   33.802092671403109       -16.949816855200496     
   33.888607931291901       -16.529349010205777     
   33.975206965572617       -15.781707716051155     
   34.061889598912622       -14.724927660900837     
   34.148655655500370       -13.382453253158495     
   34.235504959044704       -11.784361564950197     
   34.322437332774186       -9.9681629585274116     
   34.409452599436342       -7.9783759276827446     
   34.496550581297058       -5.8646168159128029     
   34.583731100139872       -3.6786455612152342     
   34.670993977265248       -1.4713130605153653     
   34.758339033489946       0.70959766618160713     
   34.845766089146316        2.8200760180962208     
   34.933274964081647        4.8192559878035848     
   35.020865477657466        6.6681739289522417     
   35.108537448748891        8.3288721295037078     
   35.196290695743933        9.7646104510760328     
   35.284125036542811        10.941415386182550     
   35.372040288557393        11.830565583501304     
   35.460036268710368        12.411160127095247     
   35.548112793434711        12.671841677527160     
   35.636269678672953        12.611083189158785     
   35.724506739876581        12.236033285047075     
   35.812823792005332        11.560475012908110     
   35.901220649526529        10.602736565598615     
   35.989697126414463        9.3842993034192119     
   36.078253036149775        7.9294543105178450     
   36.166888191718712        6.2658578037015955     
   36.255602405612542        4.4254424264301973     
   36.344395489826915        2.4450062219745372     
   36.433267255861203       0.36596107889996143     
   36.522217514717852       -1.7669069087935727     
   36.611246076901786       -3.9074016071012871     
   36.700352752419704       -6.0100708913081249     
   36.789537350779504       -8.0319918563883679     
   36.878799680989651       -9.9338379360291214     
   36.968139551558480       -11.680204959499623     
   37.057556770493669       -13.239462977529051     
   37.147051145301539       -14.583537581190454     
   37.236622482986476       -15.687971590465340     
   37.326270590050285       -16.532419878882074     
   37.415995272491571       -17.101484307757342     
   37.505796335805179       -17.385610508450007     
   37.595673584981483       -17.381719093750988     
   37.685626824505874       -17.093343044369004     
   37.775655858358100       -16.530235972203513     
   37.865760490011674       -15.707609269772330     
   37.955940522433266       -14.645263836635831     
   38.046195758082128       -13.366864953066653     
   38.136525998909441       -11.899487159401421     
   38.226931046357791       -10.273392667270032     
   38.317410701360508       -8.5218753707216095     
   38.407964764341159       -6.6809561395535155     
   38.498593035212878       -4.7887681677917175     
   38.589295313377825       -2.8845967465547226     
   38.680071397726593       -1.0076801867995844     
   38.770921086637642       0.80402314834308275     
   38.861844177976700        2.5148826520856957     
   38.952840469096238        4.0923114849258448     
   39.043909756834800        5.5071284766934099     
   39.135051837516571        6.7336658347652696     
   39.226266506950672        7.7497938634298889     
   39.317553560430731        8.5370301058146101     
   39.408912792734220        9.0808288135961241     
   39.500343998121927        9.3710401491446547     
   39.591846970337443        9.4024305599095790     
   39.683421502606549        9.1751038245151904     
   39.775067387636724        8.6946742174844793     
   39.866784417616543        7.9721114232968979     
   39.958572384215195        7.0232721943642851     
   40.050431078581902        5.8682184375838107     
   40.142360291345376        4.5304644822946711     
   40.234359812613327        3.0362854297000776     
   40.326429431971910        1.4141630927358930     
   40.418568938485180      -0.30562881629243216     
   40.510778120694582       -2.0913633119654462     
   40.603056766618444       -3.9102174126775702     
   40.695404663751461       -5.7287331189060220     
   40.787821599064117       -7.5134230582285122     
   40.880307359002266       -9.2315025905582022     
   40.972861729486546       -10.851679193861777     
   41.065484495911946       -12.344905578574680     
   41.158175443147215       -13.685012116352329     
   41.250934355534440       -14.849170468472485     
   41.343761016888521       -15.818187826835063     
   41.436655210496646       -16.576671462521766     
   41.529616719117882       -17.113122571261968     
   41.622645324982585       -17.420012241046837     
   41.715740809792017       -17.493866076093337     
   41.808902954717787       -17.335349722568949     
   41.902131540401435       -16.949319162896757     
   41.995426346953913       -16.344787754685033     
   42.088787153955145       -15.534770269077740     
   42.182213740453562       -14.535988532198150     
   42.275705884965589       -13.368453802603272     
   42.369263365475248       -12.054966139515923     
   42.462885959433720       -10.620581932589777     
   42.556573443758765       -9.0920945926103940     
   42.650325594834428       -7.4975537732313713     
   42.744142188510509       -5.8658236565471409     
   42.838023000102133       -4.2261602505114046     
   42.931967804389302       -2.6077785358877481     
   43.025976375616516       -1.0393853008626177     
   43.120048487492262       0.45132990346427798     
   43.214183913188656        1.8382315461256857     
   43.308382425340973        3.0972696849825740     
   43.402643796047244        4.2069641354866194     
   43.496967796867864        5.1488024882159156     
   43.591354198825123        5.9075278902231672     
   43.685802772402852        6.4713131740188397     
   43.780313287545994        6.8318376038237316     
   43.874885513660210        6.9842949913709855     
   43.969519219611477        6.9273638146912271     
   44.064214173725688        6.6631615873931551     
   44.158970143788260        6.1971907316771322     
   44.253786897043788        5.5382671447087679     
   44.348664200195614        4.6984110273274897     
   44.443601819405501        3.6926761016902518     
   44.538599520293175        2.5388989648829807     
   44.633657067936042        1.2573629218022861     
   44.728774226868794      -0.12961400908577989     
   44.823950761083019       -1.5981439921377905     
   44.919186434026891       -3.1232570436058751     
   45.014481008604768       -4.6793819125310767     
   45.109834247176892       -6.2407981423366143     
   45.205245911558990       -7.7820488738186633     
   45.300715763021984       -9.2783157154499403     
   45.396243562291609       -10.705765367529860     
   45.491829069548125       -12.041880444626621     
   45.587472044425958       -13.265783825044437     
   45.683172246013370       -14.358558437662873     
   45.778929432852145       -15.303555466996478     
   45.874743362937323       -16.086676583976775     
   45.970613793716787       -16.696612373269073     
   46.066540482091071       -17.125020624572461     
   46.162523184412940       -17.366633983215564     
   46.258561656487196       -17.419294704545720     
   46.354655653570312       -17.283922410347746     
   46.450804930370197       -16.964426529336414     
   46.547009241045849       -16.467577054067505     
   46.643268339207118       -15.802845479162871     
   46.739581977914433       -14.982222962492836     
   46.835949909678490       -14.020017188204116     
   46.932371886460025       -12.932624682820110     
   47.028847659669559       -11.738273203563244     
   47.125376980167054       -10.456729846908152     
   47.221959598261776       -9.1089743668950049     
   47.318595263711984       -7.7168426191473634     
   47.415283725724670       -6.3026503864746006     
   47.512024732955354       -4.8888114987481019     
   47.608818033507838       -3.4974650938789313     
   47.705663374933977       -2.1501248785625822     
   47.802560504233433      -0.86735899413939366     
   47.899509167853488       0.33149615385412329     
   47.996509111688816        1.4285895080585678     
   48.093560081081236        2.4077808546240527     
   48.190661820819578        3.2548432746585227     
   48.287814075139387        3.9576459003028823     
   48.385016587722824        4.5063169546024904     
   48.482269101698392        4.8933831836470061     
   48.579571359640809        5.1138786551510131     
   48.676923103570786        5.1654144889623286     
   48.774324074954883        5.0482018792580741     
   48.871774014705281        4.7650236217179289     
   48.969272663179680        4.3211535701388204     
   49.066819760181104        3.7242279723876197     
   49.164415044957757        2.9840763909443271     
   49.262058256202806        2.1125220652652530     
   49.359749132054375        1.1231617507230678     
   49.457487410095247        3.1133425681053220E-002
   49.555272827352837       -1.1471226002693642     
   49.653105120298996       -2.3941068526299847     
   49.750984024849927       -3.6915084822472441     
   49.848909276366030       -5.0204594886710270     
   49.946880609651807       -6.3617971171748957     
   50.044897758955749       -7.6963346785030522     
   50.142960457970219       -9.0051385989864272     
   50.241068439831366       -10.269806816152379     
   50.339221437119008       -11.472741424324463     
   50.437419181856598       -12.597407324390241     
   50.535661405511028       -13.628568823838759     
   50.633947838992704       -14.552497602726509     
   50.732278212655324       -15.357147830218686     
   50.830652256295899       -16.032296916796877     
   50.929069699154688       -16.569652813355841     
   51.027530269915069       -16.962930433479098     
   51.126033696703601       -17.207900420370500     
   51.224579707089866       -17.302413120056030     
   51.323168028086492       -17.246399518465324     
   51.421798386149128       -17.041849477423440     
   51.520470507176341       -16.692766335418558     
   51.619184116509693       -16.205096223862490     
   51.717938938933628       -15.586630522456744     
   51.816734698675539       -14.846880755891172     
   51.915571119405698       -13.996926729877103     
   52.014447924237317       -13.049240471946838     
   52.113364835726465       -12.017490183994417     
   52.212321575872181       -10.916329568436645     
   52.311317866116426       -9.7611783309537650     
   52.410353427344099       -8.5679993401152821     
   52.509427979883114       -7.3530769622100030     
   52.608541243504412       -6.1327997681918607     
   52.707692937421946       -4.9234494382089986     
   52.806882780292831       -3.7409966101435939     
   52.906110490217323       -2.6009038356523599     
   53.005375784738852       -1.5179358227531703     
   53.104678380844192      -0.50597769423282257     
   53.204017994963444       0.42213711029725803     
   53.303394342970094        1.2547866802548142     
   53.402807140181174        1.9817048373288699     
   53.502256101357311        2.5941059523066983     
   53.601740940702797        3.0847868351423902     
   53.701261371865712        3.4482029183283158     
   53.800817107938045        3.6805171472023090     
   53.900407861455768        3.7796214021379821     
   54.000033344399007        3.7451316517405511     
   54.099693268192091        3.5783591352744399     
   54.199387343703762        3.2822605293343585     
   54.299115281247275        2.8613701991673537     
   54.398876790580509        2.3217173113946927     
   54.498671580906212        1.6707299261976918     
   54.598499360872019       0.91712738717945819     
   54.698359838570767        7.0801594817120950E-002
   54.798252721540521      -0.85731273591124235     
   54.898177716764863       -1.8553788564078877     
   54.998134530673013       -2.9108095583684408     
   55.098122869139992       -4.0104286926464763     
   55.198142437486915       -5.1406409764117855     
   55.298192940481108       -6.2876075865879271     
   55.398274082336300       -7.4374243307164800     
   55.498385566712912       -8.5762987508435877     
   55.598527096718257       -9.6907224560714074     
   55.698698374906712       -10.767635263858518     
   55.798899103280000       -11.794578344063977     
   55.899128983287440       -12.759834347798165     
   55.999387715826145       -13.652553344919944     
   56.099675001241295       -14.462864141375825     
   56.199990539326478       -15.181971093195479     
   56.300334029323778       -15.802236816896398     
   56.400705169924272       -16.317251214576672     
   56.501103659268068       -16.721887034073493     
   56.601529194944831       -17.012341862207315     
   56.701981473993897       -17.186166109294511     
   56.802460192904661       -17.242276291937166     
   56.902965047616874       -17.180952839073367     
   57.003495733520921       -17.003821775406433     
   57.104051945458210       -16.713819971920529     
   57.204633377721429       -16.315144150487757     
   57.305239724054900       -15.813184407648119     
   57.405870677654960       -15.214443592317656     
   57.506525931170287       -14.526444342897273     
   57.607205176702251       -13.757625895778375     
   57.707908105805231       -12.917232885418317     
   57.808634409487119       -12.015198270195414     
   57.909383778209516       -11.062022274813508     
   58.010155901888304       -10.068648905263457     
   58.110950469893858       -9.0463412348274801     
   58.211767171051612       -8.0065563567043103     
   58.312605693642332       -6.9608207002552991     
   58.413465725402595       -5.9206063459042246     
   58.514346953525227       -4.8972090476069621     
   58.615249064659636       -3.9016288541534774     
   58.716171744912366       -2.9444544619322226     
   58.817114679847464       -2.0357526727698860     
   58.918077554486956       -1.1849645090559711     
   59.019060053311307      -0.40080960825113598     
   59.120061860259810       0.30879955031679290     
   59.221082658731220       0.93683224411095656     
   59.322122131584059        1.4772019205463829     
   59.423179961137222        1.9248158241905398     
   59.524255829170400        2.2756116737204195     
   59.625349416924621        2.5265816305095057     
   59.726460405102735        2.6757841286099757     
   59.827588473869923        2.7223443523960862     
   59.928733302854319        2.6664442401413710     
   60.029894571147338        2.5093028669907325     
   60.131071957304435        2.2531479451692333     
   60.232265139345500        1.9011790116976659     
   60.333473794755484        1.4575226988550438     
   60.434697600484938       0.92718034279602235     
   60.535936232950554       0.31596811436642430     
   60.637189368035806      -0.36955012657158126     
   60.738456681091506       -1.1221369438619471     
   60.839737846936352       -1.9339619092976079     
   60.941032539857602       -2.7966879261631976     
   61.042340433611628       -3.7015623080213156     
   61.143661201424557       -4.6395113997391810     
   61.244994515992865       -5.6012373557127813     
   61.346340049484020       -6.5773155996129402     
   61.447697473537204       -7.5582914935840808     
   61.549066459263763       -8.5347748389580218     
   61.650446677248112       -9.4975310019676371     
   61.751837797548149       -10.437567680217830     
   61.853239489696129       -11.346216569316256     
   61.954651422699222       -12.215209423002216     
   62.056073265040212       -13.036748197936621     
   62.157504684678280       -13.803569117142471     
   62.258945349049554       -14.509000566615386     
   62.360394925067965       -15.147014756831135     
   62.461853079125895       -15.712273051353275     
   62.563319477094865       -16.200164801591754     
   62.664793784326392       -16.606839456592507     
   62.766275665652572       -16.929231659724934     
   62.867764785386996       -17.165079020081937     
   62.969260807325327       -17.312932267772830     
   63.070763394746272       -17.372157573991508     
   63.172272210412181       -17.342930935096575     
   63.273786916569904       -17.226224674215324     
   63.375307174951594       -17.023786287373227     
   63.476832646775485       -16.738110035252671     
   63.578362992746712       -16.372401837462753     
   63.679897873058053       -15.930538148271323     
   63.781436947390944       -15.417019570809915     
   63.882979874916060       -14.836919996891531     
   63.984526314294342       -14.195832045135360     
   64.086075923677797       -13.499809516260749     
   64.187628360710292       -12.755307512826651     
   64.289183282528512       -11.969120779428106     
   64.390740345762822       -11.148320743240406     
   64.492299206538007       -10.300191668575234     
   64.593859520474410       -9.4321663013823009     
   64.695420942688600       -8.5517613701557664     
   64.796983127794434       -7.6665133279607565     
   64.898545729903901       -6.7839147602841079     
   65.000108402628030       -5.9113519355707194     
   65.101670799077922       -5.0560440288558466     
   65.203232571865584       -4.2249845908928521     
   65.304793373104900       -3.4248858574701848     
   65.406352854412660       -2.6621264869646715     
   65.507910666909467       -1.9427032766516665     
   65.609466461220677       -1.2721873400613968     
   65.711019887477477      -0.65568513380367521     
   65.812570595317851       -9.7804610788620086E-002
   65.914118233887521       0.39737334232991733     
   66.015662451840996       0.82631814175203933     
   66.117202897342636        1.1860674787659991     
   66.218739218067626        1.4742401720128642     
   66.320271061203002        1.6890441017185711     
   66.421798073448741        1.8292794585743049     
   66.523319901018780        1.8943375458177238     
   66.624836189642153        1.8841953587872942     
   66.726346584563913        1.7994061386387599     
   66.827850730546359        1.6410860640217995     
   66.929348271870055        1.4108972142842939     
   67.030838852334966        1.1110269174177776     
   67.132322115261516       0.74416359037587243     
   67.233797703491703       0.31346919205283164     
   67.335265259390340      -0.17745156039700888     
   67.436724424846020      -0.72458501486049043     
   67.538174841272337       -1.3235451927327124     
   67.639616149609111       -1.9696128655087741     
   67.741047990323395       -2.6577767215774095     
   67.842470003410767       -3.3827761927170998     
   67.943881828396442       -4.1391454710769642     
   68.045283104336562       -4.9212582268499583     
   68.146673469819191       -5.7233725358955603     
   68.248052562965711       -6.5396755457768165     
   68.349420021431982       -7.3643274450165297     
   68.450775482409526       -8.1915043505176470     
   68.552118582626790       -9.0154397867512461     
   68.653448958350410       -9.8304644919280104     
   68.754766245386378       -10.631044345719433     
   68.856070079081391       -11.411816265414517     
   68.957360094324088       -12.167621959336099     
   69.058635925546355       -12.893539455907510     
   69.159897206724509       -13.584912343802616     
   69.261143571380742       -14.237376663773450     
   69.362374652584336       -14.846885389341100     
   69.463590082952933       -15.409730423953571     
   69.564789494654008       -15.922562031002840     
   69.665972519406054       -16.382405603698924     
   69.767138788480011       -16.786675677690923     
   69.868287932700582       -17.133187093052690     
   69.969419582447614       -17.420163225281986     
   70.070533367657418       -17.646241227389741     
   70.171628917824236       -17.810474256811162     
   70.272705862001516       -17.912330697896671     
   70.373763828803447       -17.951690433739206     
   70.474802446406230       -17.928838263058818     
   70.575821342549574       -17.844454598898565     
   70.676820144538084       -17.699603621249434     
   70.777798479242747       -17.495719083918239     
   70.878755973102329       -17.234587995330021     
   70.979692252124849       -16.918332403017413     
   71.080606941888988       -16.549389512586647     
   71.181499667545665       -16.130490365464730     
   71.282370053819406       -15.664637286330567     
   71.383217725009985       -15.155080295655196     
   71.484042304993679       -14.605292663489662     
   71.584843417225059       -14.018945764103437     
   71.685620684738339       -13.399883375941503     
   71.786373730148895       -12.752095560713679     
   71.887102175654917       -12.079692249435574     
   71.987805643038854       -11.386876662219558     
   72.088483753668953       -10.677918691937531     
   72.189136128501019       -9.9571283885658026     
   72.289762388079708       -9.2288296900011364     
   72.390362152540334       -8.4973345529000408     
   72.490935041610342       -7.7669176464313301     
   72.591480674610992       -7.0417917739726361     
   72.691998670458901       -6.3260841894519197     
   72.792488647667696       -5.6238139693182836     
   72.892950224349690       -4.9388705909625559     
   72.993383018217443       -4.2749938529135711     
   73.093786646585457       -3.6357552522762293     
   73.194160726371820       -3.0245409117525481     
   73.294504874099957       -2.4445361235635490     
   73.394818705900207       -1.8987115522179707     
   73.495101837511498       -1.3898111137686049     
   73.595353884283128      -0.92034152742777720     
   73.695574461176534      -0.49256351700035766     
   73.795763182766763      -0.10848462547453167     
   73.895919663244484       0.23014640358989361     
   73.996043516417515       0.52184372956247282     
   74.096134355712707       0.76538705623852921     
   74.196191794177636       0.95982286270999806     
   74.296215444482357        1.1044642711437722     
   74.396204918921200        1.1988895940697391     
   74.496159829414609        1.2429395989108336     
   74.596079787510831        1.2367135236963682     
   74.695964404387837        1.1805638758626438     
   74.795813290854994        1.0750900467576059     
   74.895626057355045       0.92113077753579964     
   74.995402313965826       0.71975551830412865     
   75.095141670402185       0.47225473077037261     
   75.194843736017745       0.18012919501183414     
   75.294508119806906      -0.15492160754199918     
   75.394134430406567      -0.53101195105786692     
   75.493722276098083      -0.94608306718449997     
   75.593271264809189       -1.3979169872125161     
   75.692781004115815       -1.8841509123686331     
   75.792251101244105       -2.4022919953720399     
   75.891681163072150       -2.9497324147084072     
   75.991070796132206       -3.5237646245844378     
   76.090419606612357       -4.1215966680264158     
   76.189727200358604       -4.7403674477582269     
   76.288993182876823       -5.3771618588281029     
   76.388217159334687       -6.0290256977321439     
   76.487398734563641       -6.6929802744180495     
   76.586537513060961       -7.3660366652111398     
   76.685633098991715       -8.0452095558427406     
   76.784685096190699       -8.7275306337078522     
   76.883693108164593       -9.4100614969916752     
   76.982656738093809       -10.089906054392308     
   77.081575588834738       -10.764222395325078     
   77.180449262921599       -11.430234110418112     
   77.279277362568649       -12.085241046510927     
   77.378059489672140       -12.726629477584193     
   77.476795245812468       -13.351881672972615     
   77.575484232256187       -13.958584842228065     
   77.674126049958176       -14.544439434285040     
   77.772720299563673       -15.107266767332083     
   77.871266581410467       -15.645015965291179     
   77.969764495530939       -16.155770177482772     
   78.068213641654268       -16.637752059936375     
   78.166613619208519       -17.089328500183374     
   78.264964027322790       -17.509014571507951     
   78.363264464829470       -17.895476709372424     
   78.461514530266271       -18.247535107609377     
   78.559713821878532       -18.564165340783081     
   78.657861937621306       -18.844499225334328     
   78.755958475161648       -19.087824939699345     
   78.854003031880765       -19.293586430174720     
   78.951995204876283       -19.461382135144355     
   79.049934590964398       -19.590963065139722     
   79.147820786682232       -19.682230279841505     
   79.245653388289995       -19.735231805527796     
   79.343431991773215       -19.750159037642767     
   79.441156192845128       -19.727342672938118     
   79.538825586948832       -19.667248215493071     
   79.636439769259695       -19.570471096828413     
   79.733998334687456       -19.437731451303570     
   79.831500877878796       -19.269868581854219     
   79.928946993219398       -19.067835150272586     
   80.026336274836439       -18.832691122757261     
   80.123668316600870       -18.565597499073206     
   80.220942712129769       -18.267809851702197     
   80.318159054788666       -17.940671699908162     
   80.415316937693945       -17.585607742793091     
   80.512415953715220       -17.204116975161408     
   80.609455695477635       -16.797765710289188     
   80.706435755364353       -16.368180534262827     
   80.803355725518941       -15.917041218137056     
   80.900215197847743       -15.446073613470462     
   80.997013764022299       -14.957042561045467     
   81.093751015481828       -14.451744839879167     
   81.190426543435592       -13.932002186785835     
   81.287039938865433       -13.399654415698469     
   81.383590792528167       -12.856552665855180     
   81.480078694958038       -12.304552806948392     
   81.576503236469264       -11.745509027817043     
   81.672864007158438       -11.181267633213427     
   81.769160596907128       -10.613661070628865     
   81.865392595384264       -10.044502206328021     
   81.961559592048772       -9.4755788665674494     
   82.057661176151981       -8.9086486567862995     
   82.153696936740218       -8.3454340680973793     
   82.249666462657359       -7.7876178778137826     
   82.345569342547392       -7.2368388470345417     
   82.441405164856917       -6.6946877165686924     
   82.537173517837729       -6.1627034998187424     
   82.632873989549495       -5.6423700696745289     
   82.728506167862179       -5.1351130351823420     
   82.824069640458788       -4.6422969028933636     
   82.919563994837901       -4.1652225173743345     
   83.014988818316297       -3.7051247752581591     
   83.110343698031585       -3.2631706074080098     
   83.205628220944860       -2.8404572241651977     
   83.300841973843291       -2.4380106191152486     
   83.395984543342891       -2.0567843273476489     
   83.491055515891006       -1.6976584346868928     
   83.586054477769139       -1.3614388345051722     
   83.680981015095526       -1.0488567292519664     
   83.775834713827948      -0.76056837330161331     
   83.870615159766274      -0.49715505373052332     
   83.965321938555292      -0.25912330487756347     
   84.059954635687362       -4.6905351784807661E-002
   84.154512836505191       0.13914022344369903     
   84.248996126204489       0.29872759949985561     
   84.343404089836838       0.43164262638165590     
   84.437736312312296       0.53774153832544758     
   84.531992378402308       0.61694948024757945     
   84.626171872742304       0.66925886000501267     
   84.720274379834692       0.69472753987552716     
   84.814299484051446       0.69347688154257014     
   84.908246769637032       0.66568965951578662     
   85.002115820711168       0.61160785835204023     
   85.095906221271619       0.53153036909429152     
   85.189617555197074       0.42581060026299822     
   85.283249406249951       0.29485401827476648     
   85.376801358079206       0.13911563152179893     
   85.470272994223265       -4.0902568503866685E-002
   85.563663898112807      -0.24465419669281874     
   85.656973653073649      -0.47155108318171118     
   85.750201842329659      -0.72096589158708424     
   85.843348049005613      -0.99223473782100347     
   85.936411856130064       -1.2846598019021751     
   86.029392846638331       -1.5975119263029043     
   86.122290603375276       -1.9300331954002665     
   86.215104709098355       -2.2814394915045253     
   86.307834746480495       -2.6509230235815244     
   86.400480298112996       -3.0376548256662006     
   86.493040946508515       -3.4407872217772359     
   86.585516274104023       -3.8594562550896336     
   86.677905863263774       -4.2927840786501967     
   86.770209296282232       -4.7398813051725046     
   86.862426155387070       -5.1998493131760108     
   86.954556022742224       -5.6717825065601248     
   87.046598480450754       -6.1547705243894679     
   87.138553110558007       -6.6479003974090087     
   87.230419495054477       -7.1502586474912171     
   87.322197215878930       -7.6609333260271137     
   87.413885854921418       -8.1790159870648296     
   87.505484994026290       -8.7036035909511575     
   87.596994214995206       -9.2338003342121713     
   87.688413099590306       -9.7687194016606593     
   87.779741229537123       -10.307484636460643     
   87.870978186527807       -10.849232125545877     
   87.962123552224099       -11.393111696015223     
   88.053176908260355       -11.938288321060330     
   88.144137836246898       -12.483943432911618     
   88.235005917772853       -13.029276141666323     
   88.325780734409335       -13.573504359355868     
   88.416461867712641       -14.115865829349469     
   88.507048899227314       -14.655619061832434     
   88.597541410489299       -15.192044176781504     
   88.687938983029056       -15.724443656440558     
   88.778241198374744       -16.252143009842349     
   88.868447638055315       -16.774491352383620     
   88.958557883603817       -17.290861903835122     
   89.048571516560443       -17.800652408462192     
   89.138488118475721       -18.303285481118035     
   89.228307270913774       -18.798208883222475     
   89.318028555455413       -19.284895732927001     
   89.407651553701470       -19.762844652756897     
   89.497175847275926       -20.231579859316440     
   89.586601017829096       -20.690651198143872     
   89.675926647040981       -21.139634127349701     
   89.765152316624352       -21.578129653126339     
   89.854277608328132       -22.005764220009926     
   89.943302103940539       -22.422189558481286     
   90.032225385292406       -22.827082492202052     
   90.121047034260400       -23.220144706948851     
   90.209766632770339       -23.601102483041071     
   90.298383762800412       -23.969706392883992     
   90.386898006384527       -24.325730965070747     
   90.475308945615623       -24.668974316370814     
   90.563616162648842       -24.999257752846393     
   90.651819239704949       -25.316425341325012     
   90.739917759073592       -25.620343452443127     
   90.827911303116721       -25.910900276447936     
   90.915799454271777       -26.188005313290109     
   91.003581795055140       -26.451588838117061     
   91.091257908065359       -26.701601344001705     
   91.178827375986586       -26.938012963381524     
   91.266289781592008       -27.160812870052144     
   91.353644707746994       -27.370008663630699     
   91.440891737412613       -27.565625738479845     
   91.528030453649038       -27.747706639225040     
   91.615060439618844       -27.916310405048730     
   91.701981278590409       -28.071511905007537     
   91.788792553941349       -28.213401166647447     
   91.875493849161913       -28.342082700180534     
   91.962084747858341       -28.457674820465741     
   92.048564833756402       -28.560308968985989     
   92.134933690704671       -28.650129037923634     
   92.221190902678089       -28.727290698344159     
   92.307336053781199       -28.791960734031690     
   92.393368728251886       -28.844316384131460     
   92.479288510464571       -28.884544693141716     
   92.565094984933779       -28.912841873348338     
   92.650787736317611       -28.929412678262974     
   92.736366349421104       -28.934469789186512     
   92.821830409199862       -28.928233215604603     
   92.907179500763363       -28.910929710121625     
   92.992413209378640       -28.882792198478175     
   93.077531120473608       -28.844059225075728     
   93.162532819640575       -28.794974414269173     
   93.247417892639902       -28.735785947599066     
   93.332185925403294       -28.666746056996285     
   93.416836504037477       -28.588110533948257     
   93.501369214827648       -28.500138254512088     
   93.585783644241076       -28.403090720039646     
   93.670079378930438       -28.297231613403941     
   93.754256005737631       -28.182826370553425     
   93.838313111697104       -28.060141767100198     
   93.922250284039535       -27.929445520052134     
   94.006067110195275       -27.791005903546679     
   94.089763177797991       -27.645091380030291     
   94.173338074688246       -27.491970244993496     
   94.256791388916952       -27.331910286258264     
   94.340122708749121       -27.165178457273647     
   94.423331622667249       -26.992040564429832     
   94.506417719375079       -26.812760968327929     
   94.589380587801102       -26.627602298961726     
   94.672219817102146       -26.436825184813468     
   94.754934996667032       -26.240687995831735     
   94.837525716120169       -26.039446600315422     
   94.919991565325063       -25.833354135695160     
   95.002332134388112       -25.622660793207327     
   95.084547013662132       -25.407613616462104     
   95.166635793749933       -25.188456313870152     
   95.248598065508062       -24.965429084893177     
   95.330433420050340       -24.738768460055514     
   95.412141448751612       -24.508707154638781     
   95.493721743251228       -24.275473935766030     
   95.575173895456899       -24.039293504255145     
   95.656497497548187       -23.800386386142353     
   95.737692141980204       -23.558968842605655     
   95.818757421487405       -23.315252788594684     
   95.899692929087038       -23.069445726106483     
   95.980498258082974       -22.821750689695673     
   96.061173002069324       -22.572366204400968     
   96.141716754934123       -22.321486255911953     
   96.222129110863065       -22.069300272842099     
   96.302409664343131       -21.815993120986061     
   96.382558010166278       -21.561745109522942     
   96.462573743433182       -21.306732009171249     
   96.542456459556945       -21.051125082402020     
   96.622205754266744       -20.795091125926437     
   96.701821223611603       -20.538792525810859     
   96.781302463964010       -20.282387325762848     
   96.860649072023790       -20.026029309320752     
   96.939860644821664       -19.769868096984919     
   97.018936779723077       -19.514049259650015     
   97.097877074431878       -19.258714450125321     
   97.176681126994055       -19.004001555025411     
   97.255348535801502       -18.750044870446743     
   97.333878899595732       -18.496975304068179     
   97.412271817471634       -18.244920611036427     
   97.490526888881107       -17.994005667756941     
   97.568643713637101       -17.744352793783246     
   97.646621891916979       -17.496082132581851     
   97.724461024266560       -17.249312106269581     
   97.802160711603761       -17.004159964498598     
   97.879720555222363       -16.760742454823813     
   97.957140156795816       -16.519176652163221     
   98.034419118380995       -16.279580999838974     
   98.111557042421879       -16.042076636721966     
   98.188553531753470       -15.806789118392851     
   98.265408189605452       -15.573850691915640     
   98.342120619605979       -15.343403366253552     
   98.418690425785570       -15.115603155801207     
   98.495117212580752       -14.890626105249629     
   98.571400584837903       -14.668677113653619     
   98.647540147816997       -14.450003339185246     
   98.723535507195535       -14.234915474942989     
   98.799386269072102       -14.023823387104066     
   98.875092039970355       -13.817300029341661     
   98.950652426842780       -13.616206862649587     
   99.026067037074441       -13.421972814242944     
   99.101335478486774       -13.237344391549408     
   99.176457359341455       -13.069209809696583     
   99.251432288344162       -12.958771826077546     
   99.326259874648386       -12.776250855228040     
   99.400939727859210       -12.541571560175017     
   99.475471458037219       -12.309965324594247     
   99.549854675702178       -12.081442482200790     
   99.624088991836871       -11.856010858420662     
   99.698174017891091       -11.633675866993681     
   99.772109365785184       -11.414440605081380     
   99.845894647914079       -11.198305946793685     
   99.919529477150959       -10.985270635067554     
   99.993013466851181       -10.775331371823235     
   100.06634623085608       -10.568482906344281     
   100.13952738349677       -10.364718121827128     
   100.21255653959793       -10.164028120049199     
   100.28543331448174       -9.9664023041233207     
   100.35815732397157       -9.7718284593025331     
   100.43072818439592       -9.5802928318073182     
   100.50314551259217       -9.3917802056678301     
   100.57540892591047       -9.2062739775507367     
   100.64751804221750       -9.0237562295881499     
   100.71947247990035       -8.8442078001052700     
   100.79127185787036       -8.6676083526765542     
   100.86291579556688       -8.4939364425610275     
   100.93440391296124       -8.3231695817966926     
   101.00573583056033       -8.1552843019600036     
   101.07691116941072       -7.9902562150956031     
   101.14792955110237       -7.8280600727108629     
   101.21879059777231       -7.6686698228859891     
   101.28949393210880       -7.5120586655228214     
   101.36003917735482       -7.3581991057684117     
   101.43042595731214       -7.2070630056398075     
   101.50065389634507       -7.0586216338948873     
   101.57072261938428       -6.9128457141755657     
   101.64063175193067       -6.7697054714617506     
   101.71038092005907       -6.6291706768761145     
   101.77996975042231       -6.4912106908651968     
   101.84939787025485       -6.3557945048062070     
   101.91866490737669       -6.2228907810634917     
   101.98777049019718       -6.0924678915341657     
   102.05671424771886       -5.9644939547167368     
   102.12549580954125       -5.8389368713383938     
   102.19411480586481       -5.7157643585687330     
   102.26257086749453       -5.5949439828571688     
   102.33086362584399       -5.4764431914250435     
   102.39899271293905       -5.3602293424426799     
   102.46695776142174       -5.2462697339132216     
   102.53475840455400       -5.1345316313546725     
   102.60239427622160       -5.0249822940961035     
   102.66986501093790       -4.9175890006483378     
   102.73717024384766       -4.8123190726495819     
   102.80430961073093       -4.7091398978089334     
   102.87128274800675       -4.6080189517056986     
   102.93808929273710       -4.5089238185055542     
   103.00472888263060       -4.4118222106268945     
   103.07120115604637       -4.3166819873731814     
   103.13750575199784       -4.2234711725699849     
   103.20364231015655       -4.1321579712274259     
   103.26961047085595       -4.0427107852577970     
   103.33540987509518       -3.9550982282718086     
   103.40104016454298       -3.8692891394869822     
   103.46650098154133       -3.7852525967678785     
   103.53179196910939       -3.7029579288315495     
   103.59691277094721       -3.6223747266375210     
   103.66186303143951       -3.5434728539987712     
   103.72664239565955       -3.4662224574285934     
   103.79125050937286       -3.3905939752598742     
   103.85568701904106       -3.3165581460589113     
   103.91995157182558       -3.2440860163555025     
   103.98404381559149       -3.1731489477221153     
   104.04796339891135       -3.1037186232254159     
   104.11170997106879       -3.0357670532710488     
   104.17528318206243       -2.9692665808719836     
   104.23868268260969       -2.9041898863616002     
   104.30190812415036       -2.8405099915762961     
   104.36495915885061       -2.7782002639822747     
   104.42783543960651       -2.7172344176231369     
   104.49053662004795       -2.6575865203200562     
   104.55306235454235       -2.5992309915109502     
   104.61541229819841       -2.5421426063366384     
   104.67758610686981       -2.4862964966783991     
   104.73958343715897       -2.4316681522530370     
   104.80140394642089       -2.3782334213538046     
   104.86304729276677       -2.3259685112510624     
   104.92451313506770       -2.2748499882720727     
   104.98580113295858       -2.2248547775784586     
   105.04691094684171       -2.1759601626563914     
   105.10784223789042       -2.1281437845378752     
   105.16859466805298       -2.0813836407659765     
   105.22916790005623       -2.0356580841216152     
   105.28956159740922       -1.9909458211241799     
   105.34977542440704       -1.9472259103216434     
   105.40980904613443       -1.9044777603794998     
   105.46966212846947       -1.8626811279863800     
   105.52933433808734       -1.8218161155820820     
   105.58882534246391       -1.7818631689241609     
   105.64813480987954       -1.7428030745015377     
   105.70726240942263       -1.7046169568060525     
   105.76620781099341       -1.6672862754701030     
   105.82497068530743       -1.6307928222828050     
   105.88355070389952       -1.5951187180896593     
   105.94194753912710       -1.5602464095887538     
   106.00016086417409       -1.5261586660253255     
   106.05819035305439       -1.4928385757993623     
   106.11603568061568       -1.4602695429877492     
   106.17369652254293       -1.4284352837916798     
   106.23117255536201       -1.3973198229140962     
   106.28846345644351       -1.3669074898681177     
   106.34556890400607       -1.3371829152568515     
   106.40248857712022       -1.3081310269409179     
   106.45922215571197       -1.2797370462330078     
   106.51576932056629       -1.2519864840036263     
   106.57212975333074       -1.2248651367682390     
   106.62830313651922       -1.1983590827427151     
   106.68428915351528       -1.1724546778734661     
   106.74008748857598       -1.1471385518457644     
   106.79569782683522       -1.1223976040765882     
   106.85111985430751       -1.0982189996934848     
   106.90635325789141       -1.0745901655072434     
   106.96139772537309       -1.0514987859784466     
   107.01625294542990       -1.0289327991826582     
   107.07091860763394       -1.0068803927799841     
   107.12539440245554      -0.98532999998891624     
   107.17968002126683      -0.96427029557020849     
   107.23377515634523      -0.94369019182160352     
   107.28767950087700      -0.92357883458946244     
   107.34139274896074      -0.90392559929634431     
   107.39491459561076      -0.88472008698969695     
   107.44824473676088      -0.86595212041360536     
   107.50138286926759      -0.84761174010450413     
   107.55432869091369      -0.82968920051622341     
   107.60708190041177      -0.81217496617190243     
   107.65964219740765      -0.79505970784930102     
   107.71200928248378      -0.77833429879801541     
   107.76418285716281      -0.76198981099216734     
   107.81616262391091      -0.74601751141927086     
   107.86794828614126      -0.73040885840691572     
   107.91953954821754      -0.71515549798833211     
   107.97093611545726      -0.70024926030948165     
   108.02213769413515      -0.68568215607666982     
   108.07314399148669      -0.67144637304705468     
   108.12395471571136      -0.65753427256305919     
   108.17456957597616      -0.64393838613083587     
   108.22498828241892      -0.63065141204898389     
   108.27521054615165      -0.61766621205246308     
   108.32523607926393      -0.60497580808171680     
   108.37506459482634      -0.59257337899023832     
   108.42469580689368      -0.58045225738299822     
   108.47412943050836      -0.56860592646858321     
   108.52336518170377      -0.55702801696431359     
   108.57240277750758      -0.54571230404995619     
   108.62124193594499      -0.53465270436901702     
   108.66988237604217      -0.52384327307934375     
   108.71832381782937      -0.51327820095049559     
   108.76656598234439      -0.50295181151059098     
   108.81460859163576      -0.49285855824021690     
   108.86245136876603      -0.48299302181498949     
   108.91009403781499      -0.47334990739529442     
   108.95753632388295      -0.46392404196366821     
   109.00477795309409      -0.45471037170934020     
   109.05181865259949      -0.44570395945948560     
   109.09865815058048      -0.43689998215716497     
   109.14529617625182      -0.42829372838503227     
   109.19173245986495      -0.41988059593497484     
   109.23796673271110      -0.41165608942279036     
   109.28399872712451      -0.40361581794769436     
   109.32982817648571      -0.39575549279603978     
   109.37545481522447      -0.38807092518868030     
   109.42087837882315      -0.38055802407188771     
   109.46609860381972      -0.37321279395044848     
   109.51111522781100      -0.36603133276340566     
   109.55592798945567      -0.35900982980104301     
   109.60053662847753      -0.35214456366297403     
   109.64494088566842      -0.34543190025661236     
   109.68914050289150      -0.33886829083561054     
   109.73313522308422      -0.33245027007762901     
   109.77692479026140      -0.32617445420038538     
   109.82050894951834      -0.32003753911630578     
   109.86388744703393      -0.31403629862440846     
   109.90706003007348      -0.30816758263909605     
   109.95002644699196      -0.30242831545546972     
   109.99278644723691      -0.29681549405018437     
   110.03533978135151      -0.29132618641764779     
   110.07768620097761      -0.28595752994062101     
   110.11982545885859      -0.28070672979511935     
   110.16175730884243      -0.27557105738850968     
   110.20348150588465      -0.27054784883088928     
   110.24499780605136      -0.26563450342976835     
   110.28630596652195      -0.26082848226237915     
   110.32740574559239      -0.25612730667480266     
   110.36829690267780      -0.25152855694069026     
   110.40897919831558      -0.24702987086046463     
   110.44945239416825      -0.24262894242316477     
   110.48971625302627      -0.23832352049226274     
   110.52977053881108      -0.23411140752012208     
   110.56961501657774      -0.22999045829066195     
   110.60924945251799      -0.22595857868935451     
   110.64867361396296      -0.22201372450036475     
   110.68788726938602      -0.21815390023012091     
   110.72689018840566      -0.21437715795709922     
   110.76568214178826      -0.21068159620698101     
   110.80426290145081      -0.20706535885310451     
   110.84263224046380      -0.20352663404126906     
   110.88078993305392      -0.20006365313891999     
   110.91873575460686      -0.19667468970795329     
   110.95646948167001      -0.19335805850060542     
   110.99399089195525      -0.19011211447832616     
   111.03129976434158      -0.18693525185284243     
   111.06839587887789      -0.18382590314913219     
   111.10527901678567      -0.18078253828995391     
   111.14194896046169      -0.17780366370129674     
   111.17840549348054      -0.17488782143851261     
   111.21464840059745      -0.17203358833259849     
   111.25067746775090      -0.16923957515627824     
   111.28649248206520      -0.16650442580958816     
   111.32209323185307      -0.16382681652416936     
   111.35747950661839      -0.16120545508647915     
   111.39265109705866      -0.15863908007895666     
   111.42760779506757      -0.15612646013920661     
   111.46234939373777      -0.15366639323642245     
   111.49687568736312      -0.15125770596510610     
   111.53118647144140      -0.14889925285538114     
   111.56528154267691      -0.14658991569966245     
   111.59916069898279      -0.14432860289541313     
   111.63282373948358      -0.14211424880343460     
   111.66627046451794      -0.13994581312162840     
   111.69950067564065      -0.13782228027362375     
   111.73251417562551      -0.13574265881209030     
   111.76531076846763      -0.13370598083641896     
   111.79789025938562      -0.13171130142436407     
   111.83025245482456      -0.12975769807740398     
   111.86239716245780      -0.12784427017948108     
   111.89432419118971      -0.12597013846885988     
   111.92603335115801      -0.12413444452278186     
   111.95752445373600      -0.12233635025455551     
   111.98879731153508      -0.12057503742292881     
   112.01985173840696      -0.11884970715339603     
   112.05068754944593      -0.11715957947110016     
   112.08130456099140      -0.11550389284524958     
   112.11170259062989      -0.11388190374455426     
   112.14188145719754      -0.11229288620355250     
   112.17184098078228      -0.11073613139959883     
   112.20158098272600      -0.10921094724019982     
   112.23110128562696      -0.10771665796045890     
   112.26040171334189      -0.10625260373040388     
   112.28948209098819      -0.10481814027178873     
   112.31834224494611      -0.10341263848578985     
   112.34698200286100      -0.10203548408533833     
   112.37540119364540      -0.10068607724417439     
   112.40359964748126       -9.9363832246780318E-002
   112.43157719582194       -9.8068177151869329E-002
   112.45933367139445       -9.6798553462145345E-002
   112.48686890820147       -9.5554415802945811E-002
   112.51418274152351       -9.4335231608474540E-002
   112.54127500792089       -9.3140480816068447E-002
   112.56814554523585       -9.1969655567842548E-002
   112.59479419259461       -9.0822259919847978E-002
   112.62122079040928       -8.9697809558357711E-002
   112.64742518038003       -8.8595831523261961E-002
   112.67340720549696       -8.7515863938294677E-002
   112.69916671004218       -8.6457455747959225E-002
   112.72470353959162       -8.5420166461008307E-002
   112.75001754101712       -8.4403565900277755E-002
   112.77510856248834       -8.3407233958756724E-002
   112.79997645347460       -8.2430760361780472E-002
   112.82462106474682       -8.1473744435005255E-002
   112.84904224837946       -8.0535794878340755E-002
   112.87323985775235       -7.9616529545322348E-002
   112.89721374755247       -7.8715575228215179E-002
   112.92096377377588       -7.7832567448220882E-002
   112.94448979372959       -7.6967150251151945E-002
   112.96779166603311       -7.6118976008059655E-002
   112.99086925062062       -7.5287705220882656E-002
   113.01372240874242       -7.4473006332985259E-002
   113.03635100296688       -7.3674555544394671E-002
   113.05875489718211       -7.2892036631669668E-002
   113.08093395659765       -7.2125140772290916E-002
   113.10288804774622       -7.1373566373466840E-002
   113.12461703848544       -7.0637018905138460E-002
   113.14612079799950       -6.9915210737344594E-002
   113.16739919680082       -6.9207860981455871E-002
   113.18845210673159       -6.8514695335607792E-002
   113.20927940096557       -6.7835445933836655E-002
   113.22988095400957       -6.7169851199171821E-002
   113.25025664170519       -6.6517655700264744E-002
   113.27040634123018       -6.5878610011803229E-002
   113.29032993110019       -6.5252470578284538E-002
   113.31002729117033       -6.4638999581345530E-002
   113.32949830263648       -6.4037964810408535E-002
   113.34874284803709       -6.3449139536566335E-002
   113.36776081125443       -6.2872302389722967E-002
   113.38655207751626       -6.2307237238796068E-002
   113.40511653339715       -6.1753733075045704E-002
   113.42345406682001       -6.1211583898222080E-002
   113.44156456705755       -6.0680588605803512E-002
   113.45944792473361       -6.0160550884905524E-002
   113.47710403182451       -5.9651279107010319E-002
   113.49453278166064       -5.9152586225456126E-002
   113.51173406892759       -5.8664289675411929E-002
   113.52870778966773       -5.8186211276581010E-002
   113.54545384128124       -5.7718177138279814E-002
   113.56197212252771       -5.7260017567056190E-002
   113.57826253352727       -5.6811566976674749E-002
   113.59432497576192       -5.6372663800410033E-002
   113.61015935207678       -5.5943150405646971E-002
   113.62576556668135       -5.5522873010704674E-002
   113.64114352515072       -5.5111681603846996E-002
   113.65629313442678       -5.4709429864401735E-002
   113.67121430281944       -5.4315975085949916E-002
   113.68590694000771       -5.3931178101564656E-002
   113.70037095704103       -5.3554903211036363E-002
   113.71460626634027       -5.3187018110011100E-002
   113.72861278169883       -5.2827393821023166E-002
   113.74239041828392       -5.2475904626421238E-002
   113.75593909263748       -5.2132428003040208E-002
   113.76925872267725       -5.1796844558688528E-002
   113.78234922769801       -5.1469037970334461E-002
   113.79521052837239       -5.1148894924030346E-002
   113.80784254675204       -5.0836305056402090E-002
   113.82024520626855       -5.0531160897879512E-002
   113.83241843173450       -5.0233357817382418E-002
   113.84436214934433       -4.9942793968635532E-002
   113.85607628667542       -4.9659370237981018E-002
   113.86756077268889       -4.9382990193663844E-002
   113.87881553773060       -4.9113560036554066E-002
   113.88984051353202       -4.8850988552353897E-002
   113.90063563321102       -4.8595187065107112E-002
   113.91120083127302       -4.8346069392112313E-002
   113.92153604361143       -4.8103551800229558E-002
   113.93164120750876       -4.7867552963368337E-002
   113.94151626163729       -4.7637993921372558E-002
   113.95116114606002       -4.7414798040099217E-002
   113.96057580223120       -4.7197890972761614E-002
   113.96976017299731       -4.6987200622444179E-002
   113.97871420259764       -4.6782657105843159E-002
   113.98743783666512       -4.6584192718145921E-002
   113.99593102222690       -4.6391741899034632E-002
   114.00419370770517       -4.6205241199886796E-002
   114.01222584291772       -4.6024629251946683E-002
   114.02002737907856       -4.5849846735714191E-002
   114.02759826879871       -4.5680836351299110E-002
   114.03493846608663       -4.5517542789855321E-002
   114.04204792634890       -4.5359912706054606E-002
   114.04892660639076       -4.5207894691527681E-002
   114.05557446441671       -4.5061439249361325E-002
   114.06199146003092       -4.4920498769489274E-002
   114.06817755423791       -4.4785027505107607E-002
   114.07413270944289       -4.4654981550048919E-002
   114.07985688945234       -4.4530318817029131E-002
   114.08535005947442       -4.4410999016846101E-002
   114.09061218611926       -4.4296983638513386E-002
   114.09564323739964       -4.4188235930254241E-002
   114.10044318273107       -4.4084720881377194E-002
   114.10501199293223       -4.3986405205057845E-002
   114.10934964022536       -4.3893257321942374E-002
   114.11345609823616       -4.3805247344643548E-002
   114.11733134199437       -4.3722347063065631E-002
   114.12097534793332       -4.3644529930540236E-002
   114.12438809389020       -4.3571771050830432E-002
   114.12756955910542       -4.3504047165945775E-002
   114.13051972422181       -4.3441336644741577E-002
   114.13323857128310       -4.3383619472403399E-002
   114.13572608373100       -4.3330877240678696E-002
   114.13798224639994       -4.3283093139028492E-002
   114.14000704550666       -4.3240251946592104E-002
   114.14180046862941       -4.3202340025206599E-002
   114.14336250466162       -4.3169345313730345E-002
   114.14469314370014       -4.3141257324485024E-002
   114.14579237673416       -4.3118067144718976E-002
   114.14666019460229       -4.3099767454201347E-002
   114.14729658334109       -4.3086352619630980E-002
   114.14770148987920       -4.3077819414669864E-002