          15  -686.67981602012310     
          16  -258.67816517507623     
          17  -174.01229064018753     
          18  -72.169416068493092     
          19   3.4565353978709448     
          20   54.278095111092156     
          21   89.742356356023095     
          22   81.787971777446586     
          23   103.08485376767430     
          24   101.83508341962447     
          25   103.11729147034944     
          26   90.918980828073629     
          27   87.428207796009900     
          28   80.855097777216102     
          29   71.871503720640561     
          30   68.540397688641363     
          31   58.086040733856933     
          32   53.174300911414420     
          33   48.734136255198699     
          34   44.748299724510289     
          35   41.073371160452737     
          36   38.036993108304344     
          37   35.121209248986645     
          38   32.353975746728942     
          39   29.827665912191733     
          40   27.643376521287738     
          41   25.858498149323808     
          42   23.983254642346612     
          43   22.323202432821724     
          44   20.769258869083181     
          45   19.420906963412442     
          46   18.161014637676406     
          47   16.976704028501249     
          48   16.083822675978190     
          49   14.959364781179094     
          50   14.161716440814603     
          51   13.251612241401013     
          52   12.616135782362042     
          53   11.976175856529405     
          54   11.304892971195729     
          55   10.770555528016466     
          56   10.184683706456548     
          57   9.6176112256089024     
          58   9.2218327451112927     
          59   8.8447103102490967     
          60   8.4669847829616529     
          61   8.1560465077442306     
          62   7.8033492887074534     
          63   7.4420281409952196     
          64   7.1840351888775800     
          65   6.9128001787302216     
          66   6.6546033252249517     
          67   6.4548645830692113     
          68   6.4085645296044733     
          69   6.0421151974834881     
          70   5.6574374580130709     
          71   5.7084454698599147     
          72   5.5379837161724650     
          73   5.3780758923598988     
          74   5.2282588165982666     
          75   5.0878112197904821     
          76   4.9560498181383377     
          77   4.8323399208634870     
          78   4.7160931954997665     
          79   4.6067641528402552     
          80   4.5038466377564621     
          81   4.4068705259397936     
          82   4.3153986467473633     
          83   4.2290239146461701     
          84   4.1473666434334593     
          85   4.0700720158986838     
          86   3.9968076815837250     
          87   3.9272614548724394     
          88   3.8611390849244667     
          89   3.7981620663956628     
          90   3.7380654566814284     
          91   3.6805956596677039     
          92   3.6255081281940487     
          93   3.5725649258644916     
          94   3.5215320724570507     
          95   3.4721765729329150     
          96   3.4242629941564191     
          97   3.3775493973692217     
          98   3.3317823445510477     
          99   3.2866905445370205     
         100   3.2419764342825532     
         101   3.1973044839857478     
         102   3.1522840165233021     
         103   3.1064422737509498     
         104   3.0591790710918079     
         105   3.0096849422274978     
         106   2.9567857449313877     
         107   2.8986516602839374     
         108  -1.2102920186934443     
         109  -1.1944611555572737     
         110  -1.1746282988214605     
         111  -1.1504499434245432     
         112  -1.1216570503593126     
         113  -1.0881000669091168     
         114  -1.0497880981788561     
         115  -1.0069106459509192     
         116 -0.95983353454654530     
         117 -0.90906848563432219     
         118 -0.85522441511302627     
         119 -0.79895322054015161     
         120 -0.74090179214091212     
         121 -0.68167712150379300     
         122 -0.62182603267199277     
         123 -0.56182745443458060     
         124 -0.50209372984637146     
         125 -0.44297757762592638     
         126 -0.38478214877679107     
         127 -0.32777258695228850     
         128 -0.27218834094466376     
         129 -0.21825614331848203     
         130 -0.16620411997978307     
