          15   1.1640991600298184E-004
          16  -1.4987396731525396E-007
          17  -1.4886274845313588E-007
          18  -1.4441039228492436E-007
          19  -2.7438305683275856E-007
          20  -1.6085137916261628E-007
          21  -1.5685526811031088E-007
          22  -1.5725975375537569E-007
          23  -1.5535406323353984E-007
          24  -1.5482165837289036E-007
          25  -1.5397397353216630E-007
          26  -1.5411691275295583E-007
          27  -1.5349756908968667E-007
          28  -1.5264065308896388E-007
          29  -1.5281652590874370E-007
          30  -1.5133622467938378E-007
          31  -1.5299633230757195E-007
          32  -1.5269713253638489E-007
          33  -1.5237784943729349E-007
          34  -1.5203324380821340E-007
          35  -1.5170023025349319E-007
          36  -1.5123802513198606E-007
          37  -1.5082677610068346E-007
          38  -1.5048881466694268E-007
          39  -1.5018602762996306E-007
          40  -1.4982210361940730E-007
          41  -1.4926957489584105E-007
          42  -1.4897901561499545E-007
          43  -1.4868162320156577E-007
          44  -1.4848823719226540E-007
          45  -1.4823199261402914E-007
          46  -1.4807459934297823E-007
          47  -1.4806508119618233E-007
          48  -1.4760309548653909E-007
          49  -1.4809404653569509E-007
          50  -1.4794635718682605E-007
          51  -1.4854127441729496E-007
          52  -1.4837746405428859E-007
          53  -1.4847038106030066E-007
          54  -1.4912848030068648E-007
          55  -1.4937518122730073E-007
          56  -1.5034686362216552E-007
          57  -1.5175224961485939E-007
          58  -1.5213878180140726E-007
          59  -1.5259315659202116E-007
          60  -1.5341747333901673E-007
          61  -1.5382614642212977E-007
          62  -1.5510786875022869E-007
          63  -1.5709951429031407E-007
          64  -1.5796883086306116E-007
          65  -1.5934784885378913E-007
          66  -1.6096408595410710E-007
          67  -1.6177232681570169E-007
          68  -1.5912142355183284E-007
          69  -1.6411301722133473E-007
          70  -1.7185331342318565E-007
          71  -1.6725933114195598E-007
          72  -1.6836086987566455E-007
          73  -1.7010108973321660E-007
          74  -1.7189051043932347E-007
          75  -1.7370272312484795E-007
          76  -1.7552804531928000E-007
          77  -1.7735894340244825E-007
          78  -1.7918840534320599E-007
          79  -1.8100963035168219E-007
          80  -1.8281594535561228E-007
          81  -1.8460077037471545E-007
          82  -1.8635759266212050E-007
          83  -1.8807993821567980E-007
          84  -1.8976133664779958E-007
          85  -1.9139527756318892E-007
          86  -1.9297515718194700E-007
          87  -1.9449421399254355E-007
          88  -1.9594545205619748E-007
          89  -1.9732155025378826E-007
          90  -1.9861475537273382E-007
          91  -1.9981675643711684E-007
          92  -2.0091853716061678E-007
          93  -2.0191020279663118E-007
          94  -2.0278077711131541E-007
          95  -2.0351796474680882E-007
          96  -2.0410787404121563E-007
          97  -2.0453469581511048E-007
          98  -2.0478033504214800E-007
          99  -2.0482399571130358E-007
         100  -2.0464172551068905E-007
         101  -2.0420593829338917E-007
         102  -2.0348495072086112E-007
         103  -2.0244259812794994E-007
         104  -2.0103803567692361E-007
         105  -1.9922588453064668E-007
         106  -1.9695694207246775E-007
         107  -3.6151553676754428E-007
         108  -3.5935328096483346E-007
         109  -3.5680192150128447E-007
         110  -3.5370997433386870E-007
         111  -3.4993982553621481E-007
         112  -3.4546291994424371E-007
         113  -3.4044384594434588E-007
         114  -3.3519701480261386E-007
         115  -3.3004289863170763E-007
         116  -3.2520710111452489E-007
         117  -3.2080674185677315E-007
         118  -3.1687858319136953E-007
         119  -3.1341063533951534E-007
         120  -3.1036520791626531E-007
         121  -3.0769328046866652E-007
         122  -3.0534268687351830E-007
         123  -3.0326237306030357E-007
         124  -3.0140429268602224E-007
         125  -2.9972392778902383E-007
         126  -2.9818002461487426E-007
         127  -2.9673387859604133E-007
         128  -2.9534834024503898E-007
         129  -2.9398661064761639E-007
         130  -2.9261082795382681E-007
