          15  -295.14928233306614     
          16  -610.82888197055638     
          17  -545.77092017272435     
          18  -452.83080107027388     
          19  -360.18783679085766     
          20  -271.74249598526296     
          21  -200.68182271475396     
          22  -174.58482246996584     
          23  -120.00782237970091     
          24  -90.020943230859444     
          25  -67.802228760167367     
          26  -57.289196190299236     
          27  -46.436331873233641     
          28  -34.823120234700013     
          29  -31.195966419275855     
          30  -23.731071639278056     
          31  -24.703204133673584     
          32  -21.252615310263668     
          33  -18.462794066659789     
          34  -16.085680961112327     
          35  -14.076141624910882     
          36  -12.365522430576567     
          37  -10.900848462820761     
          38  -9.6399238725726306     
          39  -8.5488504354709978     
          40  -7.6000760567303018     
          41  -6.7710050801194166     
          42  -6.0453134453053670     
          43  -5.4072622214381854     
          44  -4.8449926780265482     
          45  -4.3476062825493926     
          46  -3.9072157462185095     
          47  -3.5169038287011292     
          48  -3.1676753121195760     
          49  -2.8611475360337506     
          50  -2.5851614078641525     
          51  -2.3428351470096933     
          52  -2.1229406837217173     
          53  -1.9279086883251482     
          54  -1.7573235119490553     
          55  -1.6031982969681309     
          56  -1.4705716750308637     
          57  -1.3562568098979377     
          58  -1.2489120965617855     
          59  -1.1542021591029814     
          60  -1.0731472534245070     
          61 -0.99896814669703105     
          62 -0.94030733187591775     
          63 -0.89537688333810217     
          64 -0.84898185029398110     
          65 -0.81335640176298274     
          66 -0.78561300510222654     
          67 -0.75634072817289910     
          68 -0.70229193559198511     
          69 -0.71914637789897717     
          70 -0.76364673139174699     
          71 -0.70056765796045384     
          72 -0.69503710623330250     
          73 -0.69640016230658508     
          74 -0.70071090298134986     
          75 -0.70752385023495945     
          76 -0.71652063052920556     
          77 -0.72741894382531214     
          78 -0.73996102507230865     
          79 -0.75391028397238702     
          80 -0.76904945541013658     
          81 -0.78517915939399430     
          82 -0.80211661094141296     
          83 -0.81969439931250176     
          84   2.3751080250035668     
          85   2.3854966813439709     
          86   2.3954824922282767     
          87   2.4050722712968642     
          88   2.4142727314989383     
          89   2.4230902602900635     
          90   2.4315306911969956     
          91   2.4395990625994317     
          92   2.4472993524902833     
          93   2.4546341748148266     
          94   2.4616044184498693     
          95   2.4682088033699663     
          96   2.4744433186945827     
          97   2.4803004931955024     
          98   2.4857684269188001     
          99   2.4908294796273434     
         100   2.4954584603072614     
         101   2.4996200805409172     
         102   2.5032653035418955     
         103   2.5063260044414455     
         104   2.5087069919459015     
         105   2.5102737997226279     
         106   2.5108334611924041     
         107   2.5101029808626234     
         108   2.5076536220933616     
         109   2.5027933420131441     
         110   2.4941757410614276     
         111   2.4761888647274342     
         112   2.4782733907238672     
         113   2.4503874219148951     
         114   2.4179189089640429     
         115   2.3775940982989159     
         116   2.3293018123942790     
         117   2.2738331913682428     
         118   2.2123280963029330     
         119   2.1459999903716742     
         120   2.0760076414039115     
         121   2.0033994994135775     
         122   1.9290916224667027     
         123  -1.1719718841147422     
         124  -1.0785505106286633     
         125 -0.98782292935762284     
         126 -0.89977406503249269     
         127 -0.81437031639891833     
         128 -0.73156741077729159     
         129 -0.65131623709755548     
         130 -0.57356756918634089     
