          15  -687.23628154494338     
          16  -259.21655759227826     
          17  -174.54767542837257     
          18  -72.690805433694919     
          19  -5.5645940835171492E-002
          20   53.705218254736806     
          21   89.180458935171146     
          22   81.224894067192267     
          23   102.52644721361879     
          24   101.27746203394841     
          25   102.56066862836288     
          26   90.361405810371977     
          27   86.870887166821120     
          28   80.297938424837440     
          29   71.313298219973447     
          30   67.982744826703779     
          31   57.525756187140956     
          32   52.613220459754466     
          33   48.172432480425208     
          34   44.185845379916536     
          35   40.510111015067153     
          36   37.473056260248285     
          37   34.556506326755681     
          38   31.788430058025341     
          39   29.261270589209218     
          40   27.076234833985232     
          41   25.290819598194176     
          42   23.414870471047269     
          43   21.754225844254965     
          44   20.199735745073138     
          45   18.851019043341612     
          46   17.590860315588301     
          47   16.406404924598736     
          48   15.513740736962795     
          49   14.389414365762491     
          50   13.592329168259583     
          51   12.682952248891796     
          52   12.048540789975499     
          53   11.409902167603063     
          54   10.740328786138555     
          55   10.207949626700255     
          56   9.6246273788651955     
          57   9.0607350145981389     
          58   8.6680119117379313     
          59   8.2943423514967538     
          60   7.9206698291200777     
          61   7.6137840705150470     
          62   7.2662899707511430     
          63   6.9112783425122304     
          64   6.6587772365617486     
          65   6.3940855203433768     
          66   6.1430635894882126     
          67   5.9497290807365166     
          68   5.9054381696351790     
          69   5.5526166720851382     
          70   5.1858170120042590     
          71   5.2344679529300118     
          72   5.0733416905406159     
          73   4.9230231361431569     
          74   4.7830852130143233     
          75   4.6527763624598855     
          76   4.5313799167543385     
          77   4.4182276839748571     
          78   4.3126985968067499     
          79   4.2142158081030434     
          80   4.1222436957073194     
          81   4.0362850036663120     
          82   3.9558781473903952     
          83   3.8805946713895665     
          84   3.8100368420749100     
          85   3.7438353592975098     
          86   3.6816471728152815     
          87   3.6231533920856109     
          88   3.5680572794467627     
          89   3.5160823172809521     
          90   3.4669703400094254     
          91   3.4204797210716680     
          92   3.3763836040091806     
          93   3.3344681652296932     
          94   3.2945308940872913     
          95   3.2563788735077810     
          96   3.2198270410971861     
          97   3.1846964062392673     
          98   3.1508121905201696     
          99   3.1180018425736002     
         100   3.0860928406206525     
         101  -1.1161791503114715     
         102  -1.1259884768042605     
         103  -1.1344583256528826     
         104  -1.1414370801032643     
         105  -1.1467482346607338     
         106  -1.1501855129041154     
         107  -1.1515078180422826     
         108  -1.1504345749033591     
         109  -1.1466424916354749     
         110  -1.1397654419905006     
         111  -1.1293999928730891     
         112  -1.1151198309227603     
         113  -1.0965023969257881     
         114  -1.0731694861077270     
         115  -1.0448395380375988     
         116  -1.0113830691713934     
         117 -0.97286678662996706     
         118 -0.92957090172375600     
         119 -0.88197112851062931     
         120 -0.83068939834533118     
         121 -0.77642812717703724     
         122 -0.71990579725973325     
         123 -0.66180668400856557     
         124   1.7783658642709992     
         125   1.7031335550328330     
         126   1.6286040690237729     
         127   1.5551351747739641     
         128   1.4830226239148971     
         129   1.4125165393673551     
         130   1.3438366121148473     
