          15  -294.66309224703974     
          16  -610.35995311977263     
          17  -545.30492225704006     
          18  -452.36970423717048     
          19  -359.73515229461981     
          20  -271.29856136909979     
          21  -200.25013791203753     
          22  -174.16995365687936     
          23  -119.61138742126187     
          24  -89.636222292230173     
          25  -67.455286759503082     
          26  -56.966865038743911     
          27  -46.178062750506399     
          28  -34.552988381087999     
          29  -30.955109422156820     
          30  -23.467761948267732     
          31  -24.466787996613839     
          32  -21.091692391890501     
          33  -18.286119575630785     
          34  -15.935394831524915     
          35  -13.951540002710120     
          36  -12.265415500897458     
          37  -10.824127738366020     
          38  -9.5853636286897839     
          39  -8.5150306628220562     
          40  -7.5853321195690411     
          41  -6.7734291718512756     
          42  -6.0636207482269011     
          43  -5.4397849561221232     
          44  -4.8901940308968870     
          45  -4.4037507646717131     
          46  -3.9727917885163526     
          47  -3.5904844158456419     
          48  -3.2472189651363657     
          49  -2.9461327333324849     
          50  -2.6735103431882257     
          51  -2.4338066805900631     
          52  -2.2145647880161796     
          53  -2.0191597692480343     
          54  -1.8474495046383181     
          55  -1.6908505684182844     
          56  -1.5551906455128559     
          57  -1.4371406201262957     
          58  -1.3247664643446724     
          59  -1.2244223410283976     
          60  -1.1373519788366737     
          61  -1.0566032360382134     
          62 -0.99133211052112558     
          63 -0.93974301034166208     
          64 -0.88625864369967400     
          65 -0.84364396552670629     
          66 -0.80901332873742171     
          67 -0.77278570140940417     
          68 -0.71124449110413257     
          69 -0.72264027448791290     
          70 -0.76262242765703370     
          71 -0.69207977482923244     
          72 -0.68123759581941135     
          73 -0.67769226039167529     
          74 -0.67749692244327042     
          75 -0.68021382150239917     
          76 -0.68552438910415492     
          77 -0.69314039441605368     
          78 -0.70279351067546758     
          79 -0.71423287471669528     
          80 -0.72722408278753414     
          81 -0.74154852965438767     
          82 -0.75700282473982261     
          83 -0.77339819819280764     
          84 -0.79055986216296181     
          85 -0.80832631282414313     
          86 -0.82654856875672333     
          87 -0.84508934664044355     
          88 -0.86382217816823093     
          89 -0.88263047307329856     
          90 -0.90140653282086702     
          91 -0.92005051804640747     
          92 -0.93846937034408839     
          93 -0.95657568588387110     
          94 -0.97428653432531354     
          95 -0.99152221197186774     
          96  -1.0082049127533603     
          97   3.0645291114982780     
          98   3.0360220986347066     
          99   2.5904126037840753     
         100   2.5903897905299513     
         101   2.5898314284337278     
         102   2.5886318000319011     
         103   2.5866525901480144     
         104   2.5837121865762125     
         105   2.5795722090384987     
         106   2.5739218452879071     
         107   2.5663623949551178     
         108   2.5563975774243528     
         109   2.5434388451723975     
         110   2.5268357274480531     
         111   2.5059336950142450     
         112   2.4801459459293422     
         113   2.4490140922382722     
         114   2.4122418198511171     
         115   2.3697078300944083     
         116   2.3214740815820338     
         117   2.2677942881005357     
         118   2.2091126555259186     
         119   2.1460404200293848     
         120   2.0793080634011454     
         121   2.0097035063508644     
         122 -0.76843935164055932     
         123 -0.71252353673625979     
         124 -0.65496439894888225     
         125 -0.59638063494603466     
         126 -0.53731058925913511     
         127 -0.47821029573341001     
         128 -0.41945943676449138     
         129 -0.36137113959557104     
         130 -0.30420280344685574     
