          15  -686.97968839342218     
          16  -258.97771894962921     
          17  -174.31094972092762     
          18  -72.464033503195679     
          19   3.4806940985545554     
          20   53.971420513407374     
          21   89.437594875938970     
          22   81.482983342040427     
          23   102.78077505366358     
          24   101.53113160015664     
          25   102.81355880133226     
          26   90.615026679796713     
          27   87.124325328087565     
          28   80.551174999174464     
          29   71.567342965020273     
          30   68.236262372754865     
          31   57.781384318899576     
          32   52.869545335761998     
          33   48.429210066168849     
          34   44.443250343454345     
          35   40.768204917726742     
          36   37.731752655641181     
          37   34.815901156407620     
          38   32.048616625875809     
          39   29.522290741214839     
          40   27.338038262168862     
          41   25.553256920393327     
          42   23.678152360395831     
          43   22.018309929482118     
          44   20.464658368161523     
          45   19.116682246721972     
          46   17.857269823517154     
          47   16.673566430362708     
          48   15.781315687925259     
          49   14.657817001136983     
          50   13.861092735679220     
          51   12.952285431523883     
          52   12.317978177109342     
          53   11.679426994253216     
          54   11.009938194250237     
          55   10.477348886095891     
          56   9.8937748460610528     
          57   9.3294256601158949     
          58   8.9359173671024799     
          59   8.5612916673182440     
          60   8.1864587533301307     
          61   7.8782421844722013     
          62   7.5291009761614340     
          63   7.1720379559262808     
          64   6.9174910413523163     
          65   6.6503649097813922     
          66   6.3965943436847708     
          67   6.2006216652903845     
          68   6.1550284229276775     
          69   5.7970618934784399     
          70   5.4232563232407287     
          71   5.4721428194376891     
          72   5.3069450242385292     
          73   5.1523774999106910     
          74   5.0080032523215765     
          75   4.8730872076054785     
          76   4.7469307491903159     
          77   4.6288841569185459     
          78   4.5183448025337496     
          79   4.4147538813324108     
          80   4.3175930944876262     
          81   4.2263815052833467     
          82   4.1406725969306271     
          83   4.0600515194459295     
          84   3.9841325050032581     
          85   3.9125564302438733     
          86   3.8449885050664538     
          87   3.7811160678164937     
          88   3.7206464672418735     
          89   3.6633050104293932     
          90   3.6088329543524020     
          91   3.5569855156008603     
          92   3.5075298681442209     
          93   3.4602430924010932     
          94   3.4149100289292416     
          95   3.3713209754864666     
          96   3.3292691439968629     
          97   3.2885477577741482     
          98   3.2489466094882897     
          99   3.2102477913027196     
         100   3.1722201015435845     
         101   3.1346112054108386     
         102   3.0971356873741258     
         103   3.0594548912540227     
         104   3.0211386350572629     
         105   2.9815823485807402     
         106  -1.1845978353237476     
         107  -1.1817483864405054     
         108  -1.1761118949283251     
         109  -1.1673235009072589     
         110  -1.1549871282928608     
         111  -1.1386925354173476     
         112  -1.1180442320564421     
         113  -1.0927028986597058     
         114  -1.0624356898813438     
         115  -1.0271660778907279     
         116 -0.98700951135658332     
         117 -0.94228200720395305     
         118 -0.89347649378779503     
         119 -0.84121296920874555     
         120 -0.78617683974293862     
         121 -0.72906087739651715     
         122 -0.67052113052590800     
         123 -0.61115015123480687     
         124 -0.55146569212178020     
         125 -0.49191070473035425     
         126 -0.43286036927172533     
         127 -0.37463285712730476     
         128 -0.31750173445541480     
         129 -0.26170896095731289     
         130 -0.20747823707500024     
