          15   767.93169569404404     
          16   1.0176540190617531     
          17   1.0254954000505487     
          18   1.0591036559120017     
          19 -0.67504777162615603     
          20  0.92709171095268417     
          21  0.96127051553682719     
          22  0.95788878568701541     
          23  0.97381477572918440     
          24  0.97828391159641304     
          25  0.98534124240587095     
          26  0.98432571844533268     
          27  0.98957290571455669     
          28  0.99703376713215530     
          29  0.99593973710586126     
          30   1.0087542855182869     
          31  0.99543750618343740     
          32  0.99873012312920206     
          33   1.0023379497760043     
          34   1.0064566411200433     
          35   1.0108291358777415     
          36   1.0165785749616121     
          37   1.0224150195975024     
          38   1.0282933129300493     
          39   1.0346127120912545     
          40   1.0421693058555497     
          41   1.0519224470768467     
          42   1.0608894814586149     
          43   1.0711271716841049     
          44   1.0820474884901126     
          45   1.0948996961927275     
          46   1.1088109392523311     
          47   1.1237237741943875     
          48   1.1432047702147790     
          49   1.1595099693228506     
          50   1.1816742739828208     
          51   1.2024114439967100     
          52   1.2293359763078711     
          53   1.2572329250415892     
          54   1.2851391271102519     
          55   1.3170214046181143     
          56   1.3482936302920268     
          57   1.3803698729867682     
          58   1.4174208352955817     
          59   1.4552513514147107     
          60   1.4930056273383465     
          61   1.5323403352978933     
          62   1.5700308432414043     
          63   1.6067417116714660     
          64   1.6454806092071337     
          65   1.6828443091119041     
          66   1.7194087219965186     
          67   1.7563198047767321     
          68 -0.71755985590142879     
          69 -0.74188461190718769     
          70 -0.79212344466446727     
          71 -0.73911697035920620     
          72 -0.74012278699225409     
          73 -0.74733023980888047     
          74 -0.75679206106634178     
          75 -0.76808844378714269     
          76 -0.78093447334600763     
          77 -0.79508527623157355     
          78 -0.81032273547865863     
          79 -0.82645087761431679     
          80 -0.84329304273340089     
          81 -0.86068967257261997     
          82 -0.87849642112108428     
          83 -0.89658247954930503     
          84 -0.91482905955147464     
          85 -0.93312799888526299     
          86 -0.95138046139788113     
          87 -0.96949570918745454     
          88 -0.98738992671308712     
          89  -1.0049850787419869     
          90  -1.0222077839462309     
          91  -1.0389881854970793     
          92  -1.0552587986886888     
          93  -1.0709533129627664     
          94  -1.0860053227241695     
          95  -1.1003469568950419     
          96  -1.1139073719375003     
          97  -1.1266110674404510     
          98  -1.1383759759937353     
          99  -1.1491112734849642     
         100  -1.1587148501873525     
         101  -1.1670703831001425     
         102  -1.1740439578291375     
         103  -1.1794802149493595     
         104  -1.1831980536048972     
         105  -1.1849860361858340     
         106   2.9398010745982774     
         107   2.8938439993291274     
         108   2.8390419797278175     
         109  -2.5058267825716927     
         110  -2.4627444002570429     
         111  -2.3938372059176314     
         112  -2.3099837216500188     
         113  -2.2221334459820867     
         114  -2.1329328023205494     
         115  -2.0409105381647903     
         116  -1.9439828834577864     
         117  -1.8420836333428510     
         118   2.2123850962362956     
         119   2.1408752005590825     
         120   2.0661986247435755     
         121   1.9896133701325547     
         122   1.9120679179422384     
         123   1.8342922755203521     
         124   1.7568562722080441     
         125   1.6802095455616863     
         126   1.6047111442742821     
         127   1.5306527786573787     
         128   1.4582779244374238     
         129   1.3877982072586661     
         130   1.3194081850214634     
