          15   1.0103491547989873     
          16  -881.64602616721720     
          17  -739.25313278733086     
          18  -589.96781807712489     
          19  -453.87901259653944     
          20  -342.37342638426105     
          21  -253.05889651077004     
          22  -213.51708740951909     
          23  -149.99753980210389     
          24  -116.14480618101214     
          25  -86.242020646129916     
          26  -72.801945983283247     
          27  -57.351333714419091     
          28  -46.238780707771163     
          29  -41.207798875408109     
          30  -34.571902529281566     
          31  -34.474891831934990     
          32  -28.746382676328928     
          33  -26.272818089895392     
          34  -23.264185498391857     
          35  -20.737516980077032     
          36  -18.601061610348118     
          37  -16.783114944810201     
          38  -15.226917854757922     
          39  -13.887206977717572     
          40  -12.727636493177203     
          41  -11.718842252633221     
          42  -10.837250531698453     
          43  -10.063269080205007     
          44  -9.3809168735960888     
          45  -8.7768865850193638     
          46  -8.2402238338255600     
          47  -7.7617419797978524     
          48  -7.3335265332953297     
          49  -6.9494433670946423     
          50  -6.6035531045057718     
          51  -6.2914439883239082     
          52  -6.0087758556153332     
          53  -5.7522802898801668     
          54  -5.5190481813183530     
          55  -5.3063194725728184     
          56  -5.1120201566778682     
          57  -4.9341594349819733     
          58  -4.7708178644709491     
          59  -4.6206357552204578     
          60  -4.4823553434135235     
          61  -4.3547295828848815     
          62  -4.2368559282238607     
          63  -4.1278173275700016     
          64  -4.0266296811938229     
          65  -3.9326959971027042     
          66  -3.8453758939958576     
          67  -3.7640095499260910     
          68  -3.6879053825930521     
          69  -3.6172926787090862     
          70  -3.5515735471468020     
          71  -3.4893761985998846     
          72  -3.4312408564869172     
          73  -3.3768418441969579     
          74  -3.3257651462171456     
          75  -3.2777555327973187     
          76  -3.2325825546377867     
          77  -3.1900364306417517     
          78  -3.1499257787703621     
          79  -3.1120757174255655     
          80  -3.0763261990278177     
          81  -3.0425305332389354     
          82  -3.0105540729683731     
          83  -2.9802730417321164     
          84  -2.9515734840420258     
          85  -2.9243503228531114     
          86  -2.8985065098706109     
          87  -2.8739522559402078     
          88  -2.8506043296794061     
          89  -2.8283854131278132     
          90  -2.8072235033020672     
          91  -2.7870513479374646     
          92  -2.7678059024626163     
          93  -2.7494277925484050     
          94  -2.7318607621789499     
          95  -2.7150510796039664     
          96  -2.6989468609585736     
          97  -2.6834972499370662     
          98  -2.6686513548033379     
          99  -2.6543567776995589     
         100  -2.6405574480169145     
         101  -2.6271902329317718     
         102  -2.6141793106887086     
         103  -2.6014262357023630     
         104  -2.5887911660103846     
         105  -2.5760545070636773     
         106  -2.5628309079594875     
         107  -2.5483538823321061     
         108  -2.5308681444543231     
         109   2.7649842710422798     
         110   2.6645555337766043     
         111   2.5523773129578111     
         112   2.4042218051253164     
         113   2.2938278368360119     
         114   2.1780761879815578     
         115   2.0643111074389400     
         116   1.9536161588908676     
         117   1.8462564622185997     
         118   1.7422724134121190     
         119   1.6416196649286128     
         120   1.5442171041244248     
         121   1.4499670592675415     
         122   1.3587649578413961     
         123   1.2705043484694085     
         124   1.1850796757759714     
         125   1.1023878963569524     
         126   1.0223294838896455     
         127  0.94480913178254888     
         128  0.86973635850874620     
         129  0.79702619531896224     
         130  0.72660017816154510     
