          15  0.48649885743939203     
          16  0.48266589503785634     
          17  0.47793212669510599     
          18  0.47273955704339127     
          19  0.46658673151035773     
          20  0.45980531757346588     
          21  0.45157640181632203     
          22  0.44269357448197277     
          23  0.43279582104907333     
          24  0.42177546083463080     
          25  0.40931355556812360     
          26  0.39639761881691826     
          27  0.38227560831451990     
          28  0.36600576594424855     
          29  0.35154395352918588     
          30  0.33021073973316223     
          31  0.30787416607911838     
          32  0.28861679321013206     
          33  0.25194965473234299     
          34  0.24115911523753708     
          35  0.17571626085154624     
          36  0.18755884384845292     
          37  0.15695890677154170     
          38  0.12637546219357546     
          39   9.0833646270168017E-002
          40   5.6124245451245412E-002
          41   2.2901297953898683E-002
          42  -1.4629159603346325E-002
          43  -5.3646651060115680E-002
          44  -9.4067736221362677E-002
          45 -0.13580059391797641     
          46 -0.17873910178946270     
          47 -0.22276344832363845     
          48 -0.26774147960640549     
          49 -0.31353051418925515     
          50 -0.35997953981641662     
          51 -0.40693170139117768     
          52 -0.45422697328484546     
          53 -0.50170489765841209     
          54 -0.54920726901190975     
          55 -0.59658065263356730     
          56 -0.64367864124898067     
          57 -0.69036377650872238     
          58 -0.73650908807022741     
          59 -0.78199922901542296     
          60 -0.82673121090482682     
          61 -0.87061476182660502     
          62 -0.91357234610265325     
          63 -0.95553889427710603     
          64 -0.99646129699782982     
          65  -1.0362977168993830     
          66  -1.0750167702049127     
          67  -1.1125966245722601     
          68  -1.1490240535754344     
          69  -1.1842934811478381     
          70  -1.2184060425239460     
          71  -1.2513686817105365     
          72  -1.2831932996930102     
          73  -1.3138959627623110     
          74  -1.3434961761039190     
          75  -1.3720162247100813     
          76  -1.3994805808899726     
          77  -1.4259153761503118     
          78  -1.4513479335152786     
          79  -1.4758063556265866     
          80  -1.4993191634213423     
          81  -1.5219149797030034     
          82  -1.5436222519636349     
          83  -1.5644690084335706     
          84  -1.5844826417103515     
          85  -1.6036897138182928     
          86  -1.6221157767655712     
          87  -1.6397852021641202     
          88  -1.6567210131205172     
          89  -1.6729447107812034     
          90  -1.6884760866186739     
          91  -1.7033330100177893     
          92  -1.7175311777732987     
          93  -1.7310838086092952     
          94  -1.7440012601968291     
          95  -1.7562905381180065     
          96  -1.7679546544242923     
          97  -1.7789917760344984     
          98  -1.7893940764395930     
          99  -1.7991461640232196     
         100  -1.8082228968849421     
