          15  0.14788752932304289     
          16  0.12334851307825717     
          17  0.11392935287400599     
          18   7.6641738568734505E-002
          19   1.4929199838933507     
          20  0.22321033067967314     
          21  0.18950193008211133     
          22  0.19450502209650061     
          23  0.18241241199358138     
          24  0.18276057951200292     
          25  0.18187336743483648     
          26  0.18795715357232209     
          27  0.18972146114687874     
          28  0.19397360800577343     
          29  0.20104005007724576     
          30  0.20358339300209768     
          31  0.21631447937277573     
          32  0.22397814809897010     
          33  0.23159232250191134     
          34  0.24008212067221937     
          35  0.24948454290585437     
          36  0.25829893520929220     
          37  0.26846436515961425     
          38  0.28008560395004911     
          39  0.29270170470232360     
          40  0.30529468651742275     
          41  0.31660455931537296     
          42  0.33124997525464939     
          43  0.34617654570049522     
          44  0.36258504538604264     
          45  0.37868684186274093     
          46  0.39613450093197200     
          47  0.41522254108855150     
          48  0.43004388475952082     
          49  0.45454667908614627     
          50  0.47238136254751995     
          51  0.49774639752090610     
          52  0.51536916696434376     
          53  0.53589146240025787     
          54  0.56149307567270867     
          55  0.58271919900708913     
          56  0.61085237995139186     
          57  0.64224017324873606     
          58  0.66353473764460913     
          59  0.68587606645673860     
          60  0.71129749211303694     
          61  0.73234066707865531     
          62  0.76148080607523672     
          63  0.79607126788499394     
          64  0.81939134229850141     
          65  0.84790777537669793     
          66  0.87770555970682140     
          67  0.89935641152870971     
          68  0.88997205573548277     
          69  0.95408215267150087     
          70   1.0343500068482212     
          71  0.99947760309145894     
          72   1.0282750750891649     
          73   1.0565764159438134     
          74   1.0846707471565720     
          75   1.1125287975764984     
          76   1.1401045031670076     
          77   1.1673505753660074     
          78   1.1942207242807252     
          79   1.2206701548269998     
          80   1.2466556712948134     
          81   1.2721356337572580     
          82   1.2970698247445782     
          83   1.3214192424195810     
          84   1.3451458242598509     
          85   1.3682121003081598     
          86   1.3905807720348649     
          87   1.4122142097938772     
          88   1.4330738588179994     
          89   1.4531195390867337     
          90   1.4723086194062274     
          91   1.4905950386912512     
          92   1.5079281382748198     
          93   1.5242512562603379     
          94   1.5395000174510687     
          95   1.5536002271753326     
          96   1.5664652405783897     
          97   1.5779926221135414     
          98   1.5880598193844100     
          99   1.5965184226151747     
         100   1.6031863100125294     
         101   1.6078364721222300     
         102   1.6101803095969602     
         103   1.6098411405046169     
         104   1.6063092618384354     
         105   1.5988604699687825     
         106   1.5864010137285902     
         107   1.5671769147783297     
         108  -2.5043149465340768     
         109  -2.4524228244059501     
         110  -2.3978553808132199     
         111  -2.3402087103306308     
         112  -2.2791566401236398     
         113  -2.2144955461942732     
         114  -2.1461833353285913     
         115  -2.0743610076442640     
         116  -1.9993484183825874     
         117  -1.9216136999419735     
         118  -1.8417244164137989     
         119  -1.7602932182993574     
         120  -1.6779297297162843     
         121  -1.5952055415339768     
         122  -1.5126338345372068     
         123  -1.4306615508576144     
         124  -1.3496706091895780     
         125  -1.2699847779623656     
         126  -1.1918796493777215     
         127  -1.1155941224324342     
         128  -1.0413426429329682     
         129 -0.96932811418383913     
         130 -0.89975594282258453     
