          15 -0.34388854502311711     
          16 -0.33298487456177045     
          17 -0.32771074133199074     
          18 -0.31927218749948344     
          19 -0.30576192501085347     
          20 -0.29222884034207258     
          21 -0.27258378868415206     
          22 -0.24346314750768064     
          23 -0.21108583564603500     
          24 -0.19111896335697234     
          25 -0.11123974739817569     
          26  -5.5275656913085891E-002
          27  0.12258619092138748     
          28   8.1413549120660109E-002
          29  0.17007339137632688     
          30   9.5125627437200100E-002
          31  0.17683317694737499     
          32  0.45306645198515116     
          33  0.38761478434041319     
          34  0.49171392783762663     
          35  0.59879331008071135     
          36  0.70647572809225523     
          37  0.81240934857901703     
          38  0.91450880784427724     
          39   1.0111001084110278     
          40   1.1009843487860640     
          41   1.1834237356544433     
          42   1.2576353058270098     
          43   1.3234603806656038     
          44   1.3806637876077403     
          45  -2.4843773330027688     
          46  -2.4323784821810346     
          47  -2.3889208170316039     
          48  -2.3521289981763727     
          49  -2.3217034550415199     
          50  -2.2957619745870228     
          51  -2.2742262549681240     
          52  -2.2557252308812954     
          53  -2.2401889654077034     
          54  -2.2273543785354852     
          55  -2.2164263801515935     
          56  -2.2075122360824775     
          57  -2.2002590504280155     
          58  -2.1939217728748672     
          59  -2.1886580271177127     
          60  -2.1844501767261844     
          61  -2.1809420842282377     
          62  -2.1783368336789857     
          63  -2.1765125744392342     
          64  -2.1749301564301389     
          65  -2.1738398241430863     
          66  -2.1731764532538200     
          67  -2.1726640136491393     
          68  -2.1717879893621928     
          69  -2.1723485010374413     
          70  -2.1737964627413580     
          71  -2.1734739855945620     
          72  -2.1737426842812213     
          73  -2.1744604821499398     
          74  -2.1752726627768473     
          75  -2.1761552957924644     
          76  -2.1770919894471619     
          77  -2.1780688877663272     
          78  -2.1790739607966190     
          79  -2.1800966848698677     
          80  -2.1811278073799176     
          81  -2.1821591477917264     
          82  -2.1831834215996695     
          83  -2.1841940809630804     
          84  -2.1851851674555629     
          85  -2.1861511729556322     
          86  -2.1870869046198367     
          87  -2.1879873496612214     
          88  -2.1888475348561363     
          89  -2.1896623748643753     
          90  -2.1904265015883424     
          91  -2.1911340645675903     
          92  -2.1917784885641742     
          93  -2.1923521690715364     
          94  -2.1928460778984045     
          95  -2.1932492378758379     
          96  -2.1935480047805571     
          97  -2.1937250608009000     
          98  -2.1937579677755270     
          99  -2.1936170327125613     
         100  -2.1932620699940686     
         101  -2.1926373390394018     
         102  -2.1916633610318312     
         103  -2.1902231933933911     
         104  -2.1881384582969678     
         105  -2.1851256401984238     
         106  -2.1807130535509343     
         107  -2.1740787533671933     
         108  -2.1637422900847723     
         109  -2.1470969829913558     
         110   2.9380406987476380     
         111   2.8269175809703611     
         112   2.7318142834559573     
         113   2.5700880392281324     
         114   2.4511016846046476     
         115   2.3327085122314104     
         116   2.2167996908751446     
         117   2.1039498889881658     
         118   1.9943649804821475     
         119   1.8880982338331018     
         120   1.7851288480297667     
         121   1.6853974589137326     
         122   1.5888242621389621     
         123   1.4953190220030126     
         124   1.4047869399256598     
         125   1.3171322926677849     
         126   1.2322608475901797     
         127   1.1500816427344160     
         128   1.0705085314521876     
         129  0.99346183962252055     
         130  0.91887055157519060     
