          15   767.01466405297765     
          16  0.10228987704084917     
          17  0.11098264547937750     
          18  0.14868949723122557     
          19  -1.2666348011982991     
          20   4.7406541289629275E-003
          21   4.0943196342139304E-002
          22   3.7323560325458992E-002
          23   5.4382355789792634E-002
          24   5.9163838542834572E-002
          25   6.6744566766705357E-002
          26   6.5579295233082716E-002
          27   7.1184350932511395E-002
          28   7.9074034134473836E-002
          29   7.7753448246552878E-002
          30   9.1365763708742276E-002
          31   7.6831313563519410E-002
          32   8.0106260030163995E-002
          33   8.3655897132779974E-002
          34   8.7692817065114156E-002
          35   9.1922703558611318E-002
          36   9.7600315531928827E-002
          37  0.10328561461560670     
          38  0.10891795287493433     
          39  0.11495377923068451     
          40  0.12232806133520660     
          41  0.13220615396536556     
          42  0.14120862614243598     
          43  0.15177648043140474     
          44  0.16335776036111280     
          45  0.17759074136254155     
          46  0.19368437027908722     
          47  0.21185021976872345     
          48  0.23672601219376960     
          49  0.25952680161351960     
          50  0.29147027525633873     
          51  0.32453846300704770     
          52  0.36806799949402763     
          53  0.41637639040829366     
          54  0.46861098448915428     
          55  0.52893085231131365     
          56  0.59217667755015246     
          57  0.65923303252974086     
          58  -1.0530964880884279     
          59 -0.98999285979658969     
          60 -0.94167232291417236     
          61 -0.90084582296420757     
          62 -0.87453921332044293     
          63 -0.86044605723023782     
          64 -0.84396023933310527     
          65 -0.83598639938231956     
          66 -0.83363522713154703     
          67 -0.82822678835202213     
          68 -0.79873454066391336     
          69 -0.83103150284248606     
          70 -0.88608457401277041     
          71 -0.84522661314908643     
          72 -0.85228704345682416     
          73 -0.86451725668993284     
          74 -0.87799593878969495     
          75 -0.89240103276586835     
          76 -0.90754191040839660     
          77 -0.92326133913668407     
          78 -0.93942175524411686     
          79 -0.95590069362593177     
          80 -0.97258818206238828     
          81 -0.98938484182486208     
          82  -1.0062003538508997     
          83  -1.0229521552264791     
          84  -1.0395642926713267     
          85  -1.0559663851083769     
          86  -1.0720926596204929     
          87  -1.0878810326283403     
          88  -1.1032722113792737     
          89  -1.1182087941759802     
          90  -1.1326343471946443     
          91  -1.1464924361895865     
          92  -1.1597255889764064     
          93  -1.1722741623210085     
          94  -1.1840750829427640     
          95  -1.1950604282468882     
          96  -1.2051558070529005     
          97  -1.2142784962479982     
          98  -1.2223352853873557     
          99  -1.2292199811800817     
         100  -1.2348105306192541     
         101  -1.2389657413920108     
         102  -1.2415216218026830     
         103  -1.2422874444698102     
         104  -1.2410417823595237     
         105  -1.2375289992243343     
         106  -1.2314570312170308     
         107  -1.2224977814166407     
         108   2.8323678022579499     
         109   2.7539829173896111     
         110  -2.3973178623804206     
         111  -2.3500904605874822     
         112  -2.2927293463119973     
         113  -2.2303224662907377     
         114  -2.1654784461867616     
         115  -2.0954297898417922     
         116  -2.0120515136005723     
         117   2.2781659629877278     
         118   2.2024663920416487     
         119   2.1234064839363920     
         120   2.0427836198117770     
         121   1.9616511218623898     
         122   1.8807138433699400     
         123   1.8004840590749420     
         124   1.7213524830790474     
         125   1.6436268535522984     
         126   1.5675567206148215     
         127   1.4933516784921290     
         128   1.4211962487071628     
         129   1.3512631357897353     
         130   1.2837260337510608     
