          15   770.25117282819201     
          16   1.1094805401599370     
          17   1.1032341301401203     
          18   1.0943805651978804     
          19   1.0798897856660805     
          20   1.0646382449803660     
          21   1.0424910953659325     
          22   1.0118407031992256     
          23  0.97453947282723752     
          24  0.94930915120472648     
          25  0.86285204465654142     
          26  0.80168389588867561     
          27  0.61674790481129782     
          28  0.64554709857532122     
          29  0.55097011897725878     
          30  0.61010200823273886     
          31  0.53004008923828072     
          32  0.24272130733447775     
          33  0.29701719516766251     
          34  0.18035338488890570     
          35   5.9615727976880376E-002
          36  -6.2668348965286155E-002
          37 -0.18445051863115111     
          38 -0.30379116275553814     
          39 -0.41905727414932126     
          40 -0.52900321078642110     
          41 -0.63279204833730507     
          42 -0.73053902943958982     
          43 -0.82192051735141758     
          44 -0.90711785799638445     
          45   2.9274787576125934     
          46   2.8419246593046612     
          47   2.7612004703828417     
          48   2.6843796357880709     
          49   2.6071204670548696     
          50   2.5309296466126492     
          51   2.4512713264814892     
          52   2.3710509078717954     
          53   2.2867489216448513     
          54   2.1962890927577368     
          55   2.1034712776507871     
          56   2.0035202497834059     
          57   1.8978934848244371     
          58   3.5818245649521998     
          59   3.4910270580478406     
          60   3.4131450491601441     
          61   3.3473918386554931     
          62   3.2898163059167858     
          63   3.2395748471533348     
          64   3.1972920217142842     
          65   3.1599247460907844     
          66   3.1270391634258305     
          67   3.0985751920993505     
          68   3.0751095969096318     
          69   3.0501069208169787     
          70   3.0271007052473768     
          71   3.0114145845860811     
          72   2.9946278816480012     
          73   2.9793799743080651     
          74   2.9654898749554119     
          75   2.9527945211995701     
          76   2.9411548247086707     
          77   2.9304517757672808     
          78   2.9205830363637433     
          79   2.9114601623041363     
          80   2.9030063444305085     
          81   2.8951545646267269     
          82   2.8878460825893515     
          83   2.8810291870617450     
          84   2.8746581594191785     
          85   2.8686924083318015     
          86   2.8630957427569945     
          87   2.8578357569742687     
          88   2.8528833065309738     
          89   2.8482120576614052     
          90   2.8437980958597300     
          91   2.8396195812635319     
          92   2.8356564401214106     
          93   2.8318900823709203     
          94   2.8283031356107990     
          95   2.8248791851473429     
          96   2.8216025082821252     
          97   2.8184577880325583     
          98   2.8154297863801974     
          99   2.8125029485897577     
         100   2.8096608956861351     
         101   2.8068857374628240     
         102   2.8041570945959893     
         103   2.8014506380568411     
         104   2.7987357983826779     
         105   2.7959719776220919     
         106   2.7931018841458193     
         107   2.7900388487933272     
         108   2.7866399513101325     
         109   2.7826391058386193     
         110   2.7774284001580662     
         111   2.7688456670998298     
         112   2.7356421944416023     
         113   2.7630224444671776     
         114   2.7389923361169619     
         115   2.6978887299431373     
         116   2.6352803873883368     
         117  -1.6316976611003775     
         118  -1.5307509658997516     
         119  -1.4276513531011947     
         120  -1.3254339230117380     
         121  -1.2253089127059540     
         122  -1.1277630261432658     
         123  -1.0329812070333968     
         124 -0.94101162846146691     
         125 -0.85183611549822424     
         126 -0.76540295037287931     
         127 -0.68164335932338527     
         128 -0.60048035804669986     
         129 -0.52183379602671476     
         130 -0.44562344036287749     
