          15   765.93068333321935     
          16 -0.98611075534744497     
          17 -0.97945733972225280     
          18 -0.95016261707788829     
          19  -1.8053307607368183     
          20  -1.0583377343383502     
          21  -1.0320449220586014     
          22  -1.0347062758088699     
          23  -1.0221675944513988     
          24  -1.0186645834302694     
          25  -1.0130871562522414     
          26  -1.0140276391493481     
          27  -1.0099526055825023     
          28  -1.0043144410641467     
          29  -1.0054716138691699     
          30 -0.99573182390047354     
          31  -1.0066546680509003     
          32  -1.0046860532363981     
          33  -1.0025852981576162     
          34  -1.0003179309605210     
          35 -0.99812683497588384     
          36 -0.99508571015841540     
          37 -0.99237985603205692     
          38 -0.99015620498261603     
          39 -0.98816398739410494     
          40 -0.98576951297425230     
          41 -0.98213409498467574     
          42 -0.98022233114042401     
          43 -0.97826560801702211     
          44 -0.97699320543022938     
          45 -0.97530721860326608     
          46 -0.97427163383705961     
          47 -0.97420900823840129     
          48 -0.97116932706323256     
          49 -0.97439958858625941     
          50 -0.97342785174644064     
          51 -0.97734216915603389     
          52 -0.97626436249159720     
          53 -0.97687571922435423     
          54 -0.98120574898639679     
          55 -0.98282894240314789     
          56 -0.98922222388840031     
          57 -0.99846910156592883     
          58  -1.0010123287405392     
          59  -1.0040019331128625     
          60  -1.0094256075813945     
          61  -1.0121145129990450     
          62  -1.0205477332290047     
          63  -1.0336519642245505     
          64  -1.0393717195465972     
          65  -1.0484451063183911     
          66  -1.0590792999436431     
          67  -1.0643972015165908     
          68  -1.0469553184016394     
          69  -1.0797980081094940     
          70  -1.1307260609991923     
          71  -1.1004994951816136     
          72  -1.1077471794339224     
          73  -1.1191971300086720     
          74  -1.1309708024865728     
          75  -1.1428944370722496     
          76  -1.1549043269827348     
          77  -1.1669509040107484     
          78  -1.1789880317961581     
          79  -1.1909709638619281     
          80  -1.2028557940617866     
          81  -1.2145992287574778     
          82  -1.2261584166796882     
          83  -1.2374907614838868     
          84  -1.2485536906078620     
          85  -1.2593043682547578     
          86  -1.2696993441943385     
          87  -1.2796941303853395     
          88  -1.2892426963489569     
          89  -1.2982968720498251     
          90  -1.3068056444504395     
          91  -1.3147143306536540     
          92  -1.3219636071019942     
          93  -1.3284883703207144     
          94  -1.3342164010816109     
          95  -1.3390668008481033     
          96  -1.3429481680415822     
          97  -1.3457564845851009     
          98  -1.3473726924433169     
          99  -1.3476599621820931     
         100  -1.3464606971701296     
         101  -1.3435933915951834     
         102  -1.3388495817629777     
         103  -1.3319913186426595     
         104  -1.3227498595398866     
         105  -1.3108266298578428     
         106  -1.2958978960600089     
         107  -2.3786276257157342     
         108  -2.3644008474362184     
         109  -2.3476139227098511     
         110  -2.3272701471271224     
         111  -2.3024640760980790     
         112  -2.2730078280651460     
         113  -2.2399843287754182     
         114  -2.2054622785952782     
         115  -2.1715502558371833     
         116  -2.1397326424931280     
         117  -2.1107800387208244     
         118  -2.0849343259659348     
         119  -2.0621166162798752     
         120  -2.0420789220058593     
         121  -2.0244987081716381     
         122  -2.0090327425530008     
         123  -1.9953451097875734     
         124  -1.9831196841569521     
         125  -1.9720635552806611     
         126  -1.9619052899560268     
         127  -1.9523902276105136     
         128  -1.9432739394762584     
         129  -1.9343143034170569     
         130  -1.9252622036049989     
