          15  -1.5080710645933373E-007
          16  -3.9259712395832685E-005
          17  -2.6391553111464357E-005
          18  -1.0911797883327717E-005
          19   4.9700459035947019E-007
          20   8.3007763565256555E-006
          21   1.3692256172452436E-005
          22   1.2483164231290008E-005
          23   1.5720551403767581E-005
          24   1.5530722912744785E-005
          25   1.5725710642469203E-005
          26   1.3871655540645357E-005
          27   1.3341130148482858E-005
          28   1.2342185293506814E-005
          29   1.0976708080339802E-005
          30   1.0470553595990067E-005
          31   8.8813329249284824E-006
          32   8.1346936468431165E-006
          33   7.4598172526848215E-006
          34   6.8539315941922203E-006
          35   6.2952840510656209E-006
          36   5.8336923039156480E-006
          37   5.3904064238152576E-006
          38   4.9696730527644135E-006
          39   4.5855371507912785E-006
          40   4.2533780742610408E-006
          41   3.9819368923483850E-006
          42   3.6967046291639088E-006
          43   3.4441659661166800E-006
          44   3.2077221538224436E-006
          45   3.0025205078304637E-006
          46   2.8107311051799315E-006
          47   2.6303898937123614E-006
          48   2.4944032907606162E-006
          49   2.3230385616338509E-006
          50   2.2014482965133702E-006
          51   2.0626134989188707E-006
          52   1.9656477350093863E-006
          53   1.8679315403379645E-006
          54   1.7653397586138561E-006
          55   1.6836312658841742E-006
          56   1.5939334628433549E-006
          57   1.5070040443390393E-006
          58   1.4463030542708865E-006
          59   1.3883995286277998E-006
          60   1.3303216491288429E-006
          61   1.2824733923184743E-006
          62   1.2280843153035547E-006
          63   1.1722443621668081E-006
          64   1.1323447042511068E-006
          65   1.0902994094022782E-006
          66   1.0501911739620488E-006
          67   1.0191400760525214E-006
          68   1.0120873050185983E-006
          69   9.5471235570623360E-007
          70   8.9415642479093497E-007
          71   9.0247013491237700E-007
          72   8.7563880026467309E-007
          73   8.5041276029318273E-007
          74   8.2671490408376216E-007
          75   8.0443691674110974E-007
          76   7.8347656557848603E-007
          77   7.6373892823367073E-007
          78   7.4513598437501278E-007
          79   7.2758605331372888E-007
          80   7.1101324204038570E-007
          81   6.9534692822467963E-007
          82   6.8052127948145383E-007
          83   6.6647480533518224E-007
          84   6.5314993721889950E-007
          85   6.4049263162407281E-007
          86   6.2845199146879718E-007
          87   6.1697990066253362E-007
          88   6.0603066663398708E-007
          89   5.9556066522647522E-007
          90   5.8552798180474261E-007
          91   5.7589204163383824E-007
          92   5.6661322154027255E-007
          93   5.5765243349689187E-007
          94   5.4897066902547914E-007
          95   5.4052849111334430E-007
          96   5.3228545759401240E-007
          97   5.2419945648410192E-007
          98   5.1622592937069779E-007
          99   5.0831695303486541E-007
         100   5.0042014103935528E-007
         101   4.9247731361852222E-007
         102   4.8442286140756239E-007
         103   4.7618168840012423E-007
         104   4.6766655291185171E-007
         105   4.5877453972117976E-007
         106   4.4938239752969955E-007
         107   4.3934104780313769E-007
         108   4.2847229834605901E-007
         109  -1.8690007301969141E-007
         110  -1.8231293723625672E-007
         111  -1.7705858464575597E-007
         112  -1.7113364212370980E-007
         113  -1.6455771693800811E-007
         114  -1.5737383458881254E-007
         115  -1.4964570494834656E-007
         116  -1.4145241627239099E-007
         117  -1.3288184795571991E-007
         118  -1.2402422967516542E-007
         119  -1.1496690664834758E-007
         120  -1.0579079113768442E-007
         121  -9.6568478008136872E-008
         122  -8.7363712832212281E-008
         123  -7.8231815082973070E-008
         124  -6.9220701159864481E-008
         125  -6.0372247794129072E-008
         126  -5.1723838536645494E-008
         127  -4.3310023943853590E-008
         128  -3.5164296343581311E-008
         129  -2.7321037295771741E-008
         130  -1.9817747298445608E-008
