          15  -1.2418353287240067     
          16  -1.2519437013399632     
          17  -1.2518068880353344     
          18  -1.2515566264287963     
          19  -1.2520825457735700     
          20  -1.2535460822105275     
          21  -1.2556624157469003     
          22  -1.2571500727535687     
          23  -1.2613699140273533     
          24  -1.2661583664094307     
          25  -1.2714539482329219     
          26  -1.2762797245624318     
          27  -1.2818446447249912     
          28  -1.2924948662256810     
          29  -1.2977772667842353     
          30  -1.3106668493283573     
          31  -1.3105774848195120     
          32  -1.3193952200658836     
          33  -1.3288974745382778     
          34  -1.3390490991506272     
          35  -1.3499207540140863     
          36  -1.3611810063182896     
          37  -1.3731904227582454     
          38  -1.3859988005459314     
          39  -1.3994802907201298     
          40  -1.4133820879289856     
          41  -1.4274029807634194     
          42  -1.4423713327329346     
          43  -1.4577699836908178     
          44  -1.4736933961825305     
          45  -1.4898052767161334     
          46  -1.5062991651954678     
          47  -1.5231996240104324     
          48  -1.5395610801943054     
          49  -1.5572805733827320     
          50  -1.5742240477230807     
          51  -1.5919686679510590     
          52  -1.6087546961007260     
          53  -1.6256270960816952     
          54  -1.6429444444064214     
          55  -1.6596485062208064     
          56  -1.6767233357860851     
          57  -1.6938959610848954     
          58  -1.7098590470356012     
          59  -1.7254496916575679     
          60  -1.7409720207862800     
          61  -1.7558562239038855     
          62  -1.7708979276076044     
          63  -1.7860098078387092     
          64  -1.8000524855080902     
          65  -1.8138618812013725     
          66  -1.8274002161451037     
          67  -1.8401196072229555     
          68  -1.8508583581588458     
          69  -1.8642801232228641     
          70  -1.8789172792265569     
          71  -1.8883017382491014     
          72  -1.8986372202447748     
          73  -1.9093274397665365     
          74  -1.9196530543213188     
          75  -1.9296064265534183     
          76  -1.9391934662671253     
          77  -1.9484219101406459     
          78  -1.9573000698969449     
          79  -1.9658365083354523     
          80  -1.9740398741600351     
          81  -1.9819187797060462     
          82  -1.9894816957233121     
          83  -1.9967368548411806     
          84  -2.0036921594263579     
          85  -2.0103550905469945     
          86  -2.0167326147533453     
          87  -2.0228310849524243     
          88  -2.0286561309885776     
          89  -2.0342125344157882     
          90  -2.0395040804591691     
          91  -2.0445333779655122     
          92  -2.0493016350973239     
          93  -2.0538083739991304     
          94  -2.0580510612325313     
          95  -2.0620246212352797     
          96  -2.0657207857154738     
          97  -2.0691272105309526     
          98  -2.0722262582792594     
          99  -2.0749932935705466     
         100  -2.0773942561631333     
         101  -2.0793821471890923     
         102  -2.0808918532024414     
         103  -2.0818323944704553     
         104  -2.0820751486649769     
         105  -2.0814358106677449     
         106  -2.0796468941136390     
         107 -0.97531455308090031     
         108 -0.96214942697992356     
         109   3.0259957303087068     
         110   2.9317687546373730     
         111   2.8297447413438590     
         112   2.7210765326821855     
         113   2.6080597734008877     
         114   2.4931687902136561     
         115   2.3783573734331767     
         116   2.2649256167432821     
         117   2.1536623630461733     
         118   2.0450184603063475     
         119   1.9392348122469405     
         120   1.8364242293076793     
         121   1.7366214305875072     
         122   1.6398134277340091     
         123   1.5459582203639350     
         124   1.4549965512137133     
         125   1.3668595152234273     
         126   1.2814736869965240     
         127   1.1987647953633171     
         128   1.1186606297614750     
         129   1.0410937036257775     
         130  0.96600418006949440     
