          15  -2.2510370529866264     
          16  -2.2510370529866264     
          17  -2.2510370529866264     
          18  -2.2510370529866264     
          19  -2.2510370529866264     
          20  -2.2510370529866264     
          21  -2.2510370529866264     
          22  -2.2510370529866264     
          23  -2.2510370529866264     
          24  -2.2510370529866264     
          25  -2.2510370529866264     
          26  -2.2510370529866264     
          27  -2.2510370529866264     
          28  -2.2510370529866264     
          29  -2.2510370529866264     
          30  -2.2510370529866264     
          31  -2.2510370529866264     
          32  -2.2510370529866264     
          33  -2.2510370529866264     
          34  -2.2510370529866264     
          35  -2.2510370529866264     
          36  -2.2510370529866264     
          37  -2.2510370529866264     
          38  -2.2510370529866264     
          39  -2.2510370529866264     
          40  -2.2510370529866264     
          41  -2.2510370529866264     
          42  -2.2510370529866264     
          43  -2.2510370529866264     
          44  -2.2510370529866264     
          45  -2.2510370529866264     
          46  -2.2510370529866264     
          47  -2.2510370529866264     
          48  -2.2510370529866264     
          49  -2.2510370529866264     
          50  -2.2510370529866264     
          51  -2.2510370529866264     
          52  -2.2510370529866264     
          53  -2.2510370529866264     
          54  -2.2510370529866264     
          55  -2.2510370529866264     
          56  -2.2510370529866264     
          57  -2.2510370529866264     
          58  -2.2510370529866264     
          59  -2.2510370529866264     
          60  -2.2510370529866264     
          61  -2.2510370529866264     
          62  -2.2510370529866264     
          63  -2.2510370529866264     
          64  -2.2510370529866264     
          65  -2.2510370529866264     
          66  -2.2510370529866264     
          67  -2.2510370529866264     
          68  -2.2510370529866264     
          69  -2.2510370529866264     
          70  -2.2510370529866264     
          71  -2.2510370529866264     
          72  -2.2510370529866264     
          73  -2.2510370529866264     
          74  -2.2510370529866264     
          75  -2.2510370529866264     
          76  -2.2510370529866264     
          77  -2.2510370529866264     
          78  -2.2510370529866264     
          79  -2.2510370529866264     
          80  -2.2510370529866264     
          81  -2.2510370529866264     
          82  -2.2510370529866264     
          83  -2.2510370529866264     
          84  -2.2510370529866264     
          85  -2.2510370529866264     
          86  -2.2510370529866264     
          87  -2.2510370529866264     
          88  -2.2510370529866264     
          89  -2.2510370529866264     
          90  -2.2510370529866264     
          91  -2.2510370529866264     
          92  -2.2510370529866264     
          93  -2.2510370529866264     
          94  -2.2510370529866264     
          95  -2.2510370529866264     
          96  -2.2510370529866264     
          97  -2.2510370529866264     
          98  -2.2510370529866264     
          99  -2.2510370529866264     
         100  -2.2510370529866264     
         101  -2.2510370529866264     
         102  -2.2510370529866264     
         103  -2.2510370529866264     
         104  -2.2510370529866264     
         105  -2.2510370529866264     
         106  -2.2510370529866264     
         107  -2.2510370529866264     
         108  -2.2510370529866264     
         109  -2.2510370529866264     
         110  -2.2510370529866264     
         111  -2.2510370529866264     
         112  -2.2510370529866264     
         113  -2.2510370529866264     
         114  -2.2510370529866264     
         115  -2.2510370529866264     
         116  -2.2510370529866264     
         117  -2.2510370529866264     
         118  -2.2510370529866264     
         119  -2.2510370529866264     
         120  -2.2510370529866264     
         121  -2.2510370529866264     
         122  -2.2510370529866264     
         123  -2.2510370529866264     
         124  -2.2510370529866264     
         125  -2.2510370529866264     
         126  -2.2510370529866264     
         127  -2.2510370529866264     
         128  -2.2510370529866264     
         129  -2.2510370529866264     
         130  -2.2510370529866264     
