          15 -0.40857799549713447     
          16 -0.41504390412376319     
          17 -0.42145543531105362     
          18 -0.44474762663309630     
          19  -2.0192613548127660     
          20 -0.34966652567567291     
          21 -0.37239549076983358     
          22 -0.36857268815781669     
          23 -0.37599414206192955     
          24 -0.37486080616405931     
          25 -0.37474947455172553     
          26 -0.36961786412934311     
          27 -0.36759916804189280     
          28 -0.36318574437287998     
          29 -0.35716545058987215     
          30 -0.35406946893548158     
          31 -0.34397006734319702     
          32 -0.33710230356098758     
          33 -0.33011145227158317     
          34 -0.32237222392153153     
          35 -0.31377560247972563     
          36 -0.30563791284676967     
          37 -0.29623855707135582     
          38 -0.28546008475354900     
          39 -0.27369361828019106     
          40 -0.26184700078508510     
          41 -0.25107399181426149     
          42 -0.23713419604469041     
          43 -0.22280004286626257     
          44 -0.20693807862400151     
          45 -0.19120107820808874     
          46 -0.17401982115613243     
          47 -0.15507656281396026     
          48 -0.14003805425587440     
          49 -0.11540373633045768     
          50  -9.7005910007499113E-002
          51  -7.0913594988309278E-002
          52  -5.2225825422197954E-002
          53  -3.0382226526084306E-002
          54  -3.0711093844658496E-003
          55   2.0113297690877992E-002
          56   5.0796052360038618E-002
          57   8.5363962237971686E-002
          58  0.10971390427124726     
          59  0.13550810770439556     
          60  0.16498253827146186     
          61  0.19007822984947248     
          62  0.22442148811892620     
          63  0.26532146940200452     
          64  0.29413338998267008     
          65  0.32919311698985315     
          66  0.36616582397008290     
          67  0.39422090919601510     
          68  0.38684569576618860     
          69  0.46458362727315039     
          70  0.56272956083940961     
          71  0.52550008616155552     
          72  0.56363304945731607     
          73  0.60152365972707111     
          74  0.63949714357262877     
          75  0.67749394024590204     
          76  0.71543460178300855     
          77  0.75323833847737753     
          78  0.79082612558770882     
          79  0.82812181008978825     
          80  0.86505272924567100     
          81  0.90155011148377640     
          82  0.93754932538761027     
          83  0.97298999916297779     
          84   1.0078160229013013     
          85   1.0419754437069857     
          86   1.0754202632664216     
          87   1.1081061470070490     
          88   1.1399920533402954     
          89   1.1710397899720231     
          90   1.2012135027342246     
          91   1.2304791000952151     
          92   1.2588036140899521     
          93   1.2861544956255391     
          94   1.3124988390813095     
          95   1.3378025277501986     
          96   1.3620292875191566     
          97   1.3851396309835868     
          98   1.4070896653535319     
          99   1.4278297206517543     
         100   1.4473027163506287     
         101  -2.7056471621749894     
         102  -2.6680921837306024     
         103  -2.6310594588992156     
         104  -2.5943068893566363     
         105  -2.5575727069194492     
         106  -2.5205702441069127     
         107  -2.4829825635478904     
         108  -2.4444575027439917     
         109  -2.4046041604841513     
         110  -2.3629925239822600     
         111  -2.3191587597791767     
         112  -2.2726194206870876     
         113  -2.2228978762109444     
         114  -2.1695647232574617     
         115  -2.1122898997309436     
         116  -2.0508979530074356     
         117  -1.9854120009376184     
         118  -1.9160709030245286     
         119  -1.8433111262698352     
         120  -1.7677173359207032     
         121  -1.6899565472072209     
         122  -1.6107135991249473     
         123  -1.5306407804315993     
         124  0.93078898492779250     
         125  0.87612635469639388     
         126  0.82150656842284242     
         127  0.76731363929381846     
         128  0.71386832192659266     
         129  0.66144456850199784     
         130  0.61028478927204577     
