          15   768.68187258727266     
          16   1.7628420814656640     
          17   1.7682983130087178     
          18   1.7914647767120049     
          19   3.3665458402824675     
          20   1.6982928107055981     
          21   1.7229999212580294     
          22   1.7205763960466134     
          23   1.7319753098103674     
          24   1.7351737409375694     
          25   1.7402069159382543     
          26   1.7395145883639169     
          27   1.7432644492467018     
          28   1.7486283893323324     
          29   1.7479020409004773     
          30   1.7570683144378474     
          31   1.7476800231311478     
          32   1.7500893138212479     
          33   1.7527530597335441     
          34   1.7557703883982110     
          35   1.7589679887497722     
          36   1.7631163731395023     
          37   1.7673076716457976     
          38   1.7715015359185280     
          39   1.7759567113051766     
          40   1.7811952581414263     
          41   1.7878390082932161     
          42   1.7938097596460003     
          43   1.8004817651054974     
          44   1.8073992068295384     
          45   1.8153606282425669     
          46   1.8237049103435132     
          47   1.8323281094918213     
          48   1.8436164246933280     
          49   1.8521445642882584     
          50   1.8641354080732631     
          51   1.8744032947453995     
          52   1.8883375524897217     
          53   1.9021970581751793     
          54   1.9152573490715588     
          55   1.9305110300994244     
          56   1.9445110168698809     
          57   1.9583746608182333     
          58   1.9756772749025262     
          59   1.9932033890533767     
          60   2.0103685483331146     
          61   2.0288326871965308     
          62   2.0457765243374615     
          63   2.0618685523347220     
          64   2.0802928871800503     
          65   2.0977731900168624     
          66   2.1149937353815327     
          67   2.1333572733193185     
          68   2.1557908145408193     
          69   2.1676912827105546     
          70   2.1775777521887831     
          71   2.2017266041963026     
          72   2.2175320680884232     
          73   2.2329603735356018     
          74   2.2479971244879020     
          75   2.2626272419734024     
          76   2.2768394682816506     
          77   2.2906260607487119     
          78   2.3039823569290849     
          79   2.3169063462086457     
          80   2.3293982634390722     
          81   2.3414602092281824     
          82   2.3530957985574177     
          83   2.3643098372894515     
          84 -0.83775930490309980     
          85 -0.85617113890416197     
          86 -0.87480159757007858     
          87 -0.89353312594777612     
          88 -0.91225778669279944     
          89 -0.93087612978610268     
          90 -0.94929605757814228     
          91 -0.96743167804841446     
          92 -0.98520213665397727     
          93  -1.0025304140785714     
          94  -1.0193420734444818     
          95  -1.0355639360298663     
          96  -1.0511226593610257     
          97  -1.0659431851322201     
          98  -1.0799470175406944     
          99  -1.0930502845983592     
         100  -1.1051615268155035     
         101   3.0549101006653623     
         102   3.0242725550204606     
         103   2.9939877496710809     
         104   2.9638411298378990     
         105   2.9335693091499571     
         106   2.9027774467407168     
         107   2.8706143518408980     
         108   2.8339632258322980     
         109   2.7743574530702890     
         110  -2.5249698806774066     
         111  -2.4328742853771566     
         112  -2.3245104304933819     
         113  -2.2154475043525279     
         114  -2.1071440005875424     
         115  -1.9991952531914245     
         116  -1.8913073253359867     
         117  -1.7836867757434225     
         118  -1.6768777649511202     
         119  -1.5714838951407109     
         120  -1.4680044359927833     
         121  -1.3667925518205286     
         122  -1.2680725345048274     
         123   1.8538636180859014     
         124 -0.60274956221574716     
         125 -0.54327383319633615     
         126 -0.48383848103115945     
         127 -0.42482895615310723     
         128 -0.36656813107465125     
         129 -0.30932882677803808     
         130 -0.25334655609788331     
