          15   771.91468813772212     
          16  -1.3860188611985835     
          17  -1.3899833927206582     
          18  -1.3955196349447503     
          19  -1.4043900865000625     
          20  -1.4134757816339363     
          21  -1.4262387118121733     
          22  -1.4431162192564768     
          23  -1.4625281559312702     
          24  -1.4750121290464799     
          25  -1.5144035485681095     
          26  -1.5395623866225596     
          27  -1.6054374689414745     
          28  -1.5959592896939572     
          29  -1.6259745169806430     
          30  -1.6073886403042057     
          31  -1.6321688130291387     
          32  -1.7099408165222996     
          33  -1.6961004645685600     
          34  -1.7249030429033803     
          35  -1.7532045441597166     
          36  -1.7807240838811904     
          37  -1.8073295996455465     
          38  -1.8328873624974873     
          39  -1.8572818800250843     
          40  -1.8804252833820860     
          41  -1.9022637442271659     
          42  -1.9228866366959847     
          43  -1.9422646296804442     
          44  -1.9604427294295665     
          45  -1.9774426248208117     
          46  -1.9933385348424859     
          47  -2.0081946715221961     
          48  -2.0220072737588475     
          49  -2.0349744205688638     
          50  -2.0470164285866832     
          51  -2.0582944602643076     
          52  -2.0687615222483173     
          53  -2.0785359988765495     
          54  -2.0876936187434501     
          55  -2.0962235331773784     
          56  -2.1042241263191381     
          57  -2.1117245463980048     
          58  -2.1186956090188711     
          59  -2.1252161618904815     
          60  -2.1313375993088886     
          61  -2.1370632487083645     
          62  -2.1424585177252853     
          63  -2.1475466083424668     
          64  -2.1522975667988997     
          65  -2.1567698221715279     
          66  -2.1609844460638250     
          67  -2.1649344290846906     
          68  -2.1685852616386216     
          69  -2.1721550747849534     
          70  -2.1756065458174141     
          71  -2.1786618589386557     
          72  -2.1815862550497362     
          73  -2.1843901194148918     
          74  -2.1870428243435880     
          75  -2.1895534217013854     
          76  -2.1919307639200385     
          77  -2.1941830839532956     
          78  -2.1963180068010795     
          79  -2.1983425899964160     
          80  -2.2002633645719225     
          81  -2.2020863728004745     
          82  -2.2038172021786839     
          83  -2.2054610156205579     
          84  -2.2070225779179520     
          85  -2.2085062784637284     
          86  -2.2099161501569968     
          87  -2.2112558842775978     
          88  -2.2125288409479085     
          89  -2.2137380545722247     
          90  -2.2148862332966570     
          91  -2.2159757510843963     
          92  -2.2170086302834728     
          93  -2.2179865115161181     
          94  -2.2189106060930817     
          95  -2.2197816235653818     
          96  -2.2205996628230453     
          97  -2.2213640480829211     
          98  -2.2220730788473029     
          99  -2.2227236408343813     
         100  -2.2233105833452202     
         101  -2.2238256863971269     
         102  -2.2242558687578184     
         103  -2.2245799006089872     
         104  -2.2247619351558434     
         105  -2.2247375838166672     
         106  -2.2243801517426571     
         107  -2.2234041109024441     
         108  -2.2210135868996157     
         109  -2.2140408626162729     
         110   3.0051060176474658     
         111   2.8747331434166199     
         112   2.7201735545995200     
         113   2.5925069642152252     
         114   2.4656188562350732     
         115   2.3423211952998781     
         116   2.2229618673043809     
         117   2.1075392003316642     
         118   1.9959592416309486     
         119   1.8880976546652020     
         120   1.7838203401517765     
         121   1.6829916879229621     
         122   1.5854782516680070     
         123   1.4911504764179666     
         124   1.3998835149739013     
         125   1.3115575916999682     
         126   1.2260581371316008     
         127   1.1432758140684953     
         128   1.0631065110001354     
         129  0.98545136465038419     
         130  0.91021688361170938     
