          15   1.0418671478048451     
          16   1.0396768257180968     
          17   1.0435096384164078     
          18   1.0491587618541294     
          19   1.0574416753681475     
          20   1.0651416945156884     
          21   1.0759137232762273     
          22   1.0913046513436691     
          23   1.1067772056537177     
          24   1.1147950709978265     
          25   1.1491521919627408     
          26   1.1695833126505952     
          27   1.2300575676393355     
          28   1.2104964597142041     
          29   1.2351261254412023     
          30   1.2044832202198534     
          31   1.2284440916964852     
          32   1.2968313621116527     
          33   1.2733307282877038     
          34   1.2913380976078084     
          35   1.3078213544206552     
          36   1.3229436753536490     
          37   1.3359622058104765     
          38   1.3465615974860696     
          39   1.3547132656084209     
          40   1.3606787063153492     
          41   1.3649375532485184     
          42   1.3657656453328264     
          43   1.3640760742301825     
          44   1.3594729744438026     
          45   1.3526660789633511     
          46   1.3430243972444398     
          47   1.3303061059682104     
          48   1.3174597574541111     
          49   1.2977368066747652     
          50   1.2789225081354327     
          51   1.2541545285457674     
          52   1.2314429216682514     
          53   1.2055805286912002     
          54   1.1745786725415035     
          55   1.1443348813935386     
          56   1.1079888622710035     
          57   1.0671341027879118     
          58   1.0317143090582601     
          59  0.99483485591383669     
          60  0.95439019586638496     
          61  0.91619939168578446     
          62  0.87076829643611675     
          63  0.81912757274858206     
          64  0.77579724476298340     
          65  0.72794023299376598     
          66  0.67790431371389570     
          67  0.63461618451485780     
          68  0.62088817638496241     
          69  0.54064845613086410     
          70  0.43680053006188674     
          71  0.44424986966711971     
          72  0.39757884563928958     
          73  0.34717958418346928     
          74  0.29675922696627116     
          75  0.24654594029599822     
          76  0.19666002262773277     
          77  0.14720296520570597     
          78   9.8267248668000004E-002
          79   4.9938160328692735E-002
          80   2.2942744568000160E-003
          81  -4.4592325060811476E-002
          82  -9.0655838874904138E-002
          83 -0.13583649876007536     
          84   3.0327870809019655     
          85   3.0183294603598179     
          86   3.0047171141005573     
          87   2.9918787958730886     
          88   2.9797489867304914     
          89   2.9682671657936512     
          90   2.9573771269168669     
          91   2.9470263266719878     
          92   2.9371652476471874     
          93   2.9277467584515131     
          94   2.9187254477829501     
          95   2.9100569038256472     
          96   2.9016969007725830     
          97   2.8936004404793265     
          98   2.8857205756235018     
          99   2.8780069080451849     
         100   2.8704036047026502     
         101   2.8628466924418121     
         102   2.8552602619308267     
         103   2.8475509950673570     
         104   2.8396000648274020     
         105   2.8312508148814186     
         106   2.8222894317308471     
         107   2.8124133216715834     
         108   2.8011753117228477     
         109   2.7878660045721206     
         110   2.7711226544017742     
         111   2.7453179006222470     
         112   2.7398778922549969     
         113   2.7047470228360058     
         114   2.6653002994033570     
         115   2.6182517407970063     
         116   2.5634786119385522     
         117   2.5017611227869843     
         118   2.4342287921027368     
         119   2.3620852918558279     
         120   2.2864801156792538     
         121   2.2084529246878519     
         122   2.1289114438480476     
         123 -0.97720812627688658     
         124 -0.88867277797942590     
         125 -0.80266830661263122     
         126 -0.71918640328772332     
         127 -0.63819989719161463     
         128 -0.55967062952334434     
         129 -0.48355530463480528     
         130 -0.40981023024515006     
