          15   2.3377127735106571     
          16  -259.39846277052413     
          17  -174.72711447100667     
          18  -72.858627119635273     
          19  0.57786784278784109     
          20   53.488081151235022     
          21   88.975452025356972     
          22   81.018633580989430     
          23   102.32509379962529     
          24   101.07697697496286     
          25   102.36117821150785     
          26   90.160985928975066     
          27   86.670687212197834     
          28   80.098041571179536     
          29   71.112364541082584     
          30   67.782547512895434     
          31   57.322796163658715     
          32   52.409301363525472     
          33   47.967936152671513     
          34   43.980492854604599     
          35   40.303804355247436     
          36   37.265894477223299     
          37   34.348338845061541     
          38   31.579102022108085     
          39   29.050690835537861     
          40   26.864438799354943     
          41   25.077989268529883     
          42   23.200649363644484     
          43   21.538622207957832     
          44   19.982626756945326     
          45   18.632487454730462     
          46   17.370811356232313     
          47   16.184723262715046     
          48   15.290933881171654     
          49   14.164558102150265     
          50   13.366181334896604     
          51   12.454863710498703     
          52   11.819352929579644     
          53   11.179433965797717     
          54   10.508244810538487     
          55   9.9747574604832412     
          56   9.3899014881471743     
          57   8.8244136728770570     
          58   8.4310352520795870     
          59   8.0567846740589530     
          60   7.6825029253242256     
          61   7.3754512443636475     
          62   7.0275395231712867     
          63   6.6721205123710030     
          64   6.4199816440657074     
          65   6.1556840124139036     
          66   5.9052947517884204     
          67   5.7130624917986665     
          68   5.6705791515445645     
          69   5.3186190884161633     
          70   4.9535309203677462     
          71   5.0042063213295300     
          72   4.8453270868800216     
          73   4.6975166839482885     
          74   4.5603505959580373     
          75   4.4330653792545061     
          76   4.3149302094470743     
          77   4.2052609387245905     
          78   4.1034191718611037     
          79   4.0088098156650966     
          80   3.9208785404895026     
          81   3.8391093628938977     
          82   3.7630223641965599     
          83   3.6921715252379550     
          84   3.6261426556169427     
          85   3.5645514008637003     
          86   3.5070413169427557     
          87   3.4532820070229486     
          88   3.4029673196748793     
          89   3.3558136110675063     
          90   3.3115580764145078     
          91   3.2699571582175913     
          92   3.2307850415670338     
          93   3.1938322500339766     
          94   3.1589043609119116     
          95   3.1258208661773152     
          96   3.0944142174861318     
          97  -1.0242572945833286     
          98  -1.0396009116723577     
          99  -1.0541544756951644     
         100  -1.0678319001009975     
         101  -1.0805400730218935     
         102  -1.0921762960022041     
         103  -1.1026253201751937     
         104  -1.1117559126434577     
         105  -1.1194169007668364     
         106  -1.1254326832938559     
         107  -1.1295982853472069     
         108  -1.1316742006260576     
         109  -1.1313815531324176     
         110  -1.1283985730489661     
         111  -1.1223600518980701     
         112  -1.1128622787398244     
         113  -1.0994767302460724     
         114  -1.0817759275668988     
         115  -1.0593734441621170     
         116  -1.0319761177577647     
         117 -0.99944022102529262     
         118 -0.96181717069307915     
         119 -0.91937290202202948     
         120 -0.87257167863920093     
         121 -0.82202772873833985     
         122   1.9380117882777892     
         123   1.8649683506596084     
         124   1.7912307156222735     
         125   1.7173671186659341     
         126   1.6438576028395171     
         127   1.5711027387313172     
         128   1.4994361736981319     
         129   1.4291385804410390     
         130   1.3604517492349588     
