          15   769.26526925322491     
          16   2.3401341872443182     
          17   2.3427178238711601     
          18   2.3536102073502398     
          19   3.1269088271296028     
          20   2.3089807148653145     
          21   2.3210394280608715     
          22   2.3198646168052401     
          23   2.3253824973912192     
          24   2.3269296714696042     
          25   2.3293575023879094     
          26   2.3290331996098725     
          27   2.3308424634938549     
          28   2.3334397251301153     
          29   2.3331031846534649     
          30   2.3375217389821930     
          31   2.3330291795766400     
          32   2.3341954125926634     
          33   2.3354944422969539     
          34   2.3369513613500241     
          35   2.3384869431901265     
          36   2.3404620116780785     
          37   2.3424405520783327     
          38   2.3443988389429284     
          39   2.3464523096458025     
          40   2.3488387222849094     
          41   2.3518410648339811     
          42   2.3544674521990205     
          43   2.3573578311715160     
          44   2.3602824391244375     
          45   2.3636074484239877     
          46   2.3670051414726587     
          47   2.3704126334853868     
          48   2.3749657969089668     
          49   2.3780320390517846     
          50   2.3826243037032757     
          51   2.3861893357881119     
          52   2.3913988621235616     
          53   2.3963919949756920     
          54   2.4007916846345165     
          55   2.4061426760778115     
          56   2.4106467860096070     
          57   2.4148781217269240     
          58   2.4208302072786285     
          59   2.4267842469449636     
          60   2.4324271032128268     
          61   2.4387573588978220     
          62   2.4441148146477572     
          63   2.4488760050404323     
          64   2.4550959248680639     
          65   2.4607249519404655     
          66   2.4662210159754379     
          67   2.4725990091111472     
          68   2.4820541485168008     
          69   2.4840240509247589     
          70   2.4842933292857157     
          71   2.4959335092095074     
          72   2.5012314322349662     
          73   2.5064401250998731     
          74   2.5115513350733298     
          75   2.5165577006660400     
          76   2.5214525685568288     
          77   2.5262298971876973     
          78   2.5308841868078371     
          79   2.5354104084290467     
          80   2.5398039266523065     
          81   2.5440604151168569     
          82   2.5481757638931901     
          83   2.5521459778832312     
          84   2.5559670646616026     
          85   2.5596349097815243     
          86   2.5631451362140294     
          87   2.5664929439134627     
          88   2.5696729237032971     
          89   2.5726788378326191     
          90   2.5755033570810477     
          91   2.5781377405955981     
          92   2.5805714402231223     
          93   2.5827916042389107     
          94   2.5847824467581715     
          95   2.5865244362247166     
          96   2.5879932389914972     
          97   2.5891583293198890     
          98   2.5899811429345188     
          99   3.0087616371454513     
         100   2.9826287691677331     
         101   2.9575186680775363     
         102   2.9333433929635215     
         103   2.9100362656828325     
         104   2.8875582947069312     
         105   2.8659068603068731     
         106   2.8451261573597435     
         107   2.8253172369366486     
         108   2.8066426210960134     
         109   2.7893172423935249     
         110   2.7735773468570915     
         111   2.7596273702349285     
         112   2.7475816585115336     
         113   2.7374294646307824     
         114   2.7290411315562553     
         115   2.7222072048694215     
         116   2.7166862089229418     
         117   2.7122417088380879     
         118   2.7086627995861803     
         119   2.7057712273984675     
         120   2.7034206550095483     
         121   2.7014924094413226     
         122   2.6998902403415750     
         123   2.6985352677015264     
         124   2.6973615222127201     
         125   2.6963120932480305     
         126   2.6953357247237117     
         127   2.6943836089547517     
         128   2.6934060584315347     
         129   2.6923486269089394     
         130   2.6911470596599369     
