          15   1.5280572338312217     
          16   1.5086056765018923     
          17   1.5095075541006497     
          18   1.5102555949575127     
          19   1.5101261716060237     
          20   1.5090763106788678     
          21   1.5075985259926625     
          22   1.5061734644301419     
          23   1.5032121640927643     
          24   1.4995160096270979     
          25   1.4960941926270248     
          26   1.4919144642059221     
          27   1.4883266903665771     
          28   1.4806283133262186     
          29   1.4759831225602373     
          30   1.4677929112301791     
          31   1.4648602287562298     
          32   1.4577542804848194     
          33   1.4500052193167066     
          34   1.4416242271952207     
          35   1.4324229766214185     
          36   1.4230506050327583     
          37   1.4126829302652175     
          38   1.4011218413689157     
          39   1.3885330382573624     
          40   1.3754226434766101     
          41   1.3625134615166590     
          42   1.3474583424112920     
          43   1.3315533395462447     
          44   1.3142716215734638     
          45   1.2965215968410306     
          46   1.2774483549465967     
          47   1.2567255188236977     
          48   1.2379161044373215     
          49   1.2127516093760311     
          50   1.1905735728113593     
          51   1.1631829949653973     
          52   1.1398188173737893     
          53   1.1143294477683141     
          54   1.0844526798522405     
          55   1.0566826099433848     
          56   1.0233698917890111     
          57  0.98625029255955388     
          58  0.95585994127537333     
          59  0.92461467398842023     
          60  0.89018547045421847     
          61  0.85856430234460224     
          62  0.81974351779090904     
          63  0.77476144574502215     
          64  0.73852045135729050     
          65  0.69765266923004254     
          66  0.65450399007870053     
          67  0.61817121127835262     
          68  0.61193562087281494     
          69  0.53715455954192837     
          70  0.43782483379659998     
          71  0.45273775279834105     
          72  0.41137835605318074     
          73  0.36588748609837901     
          74  0.31997320750435060     
          75  0.27385596902855852     
          76  0.22765626405278336     
          77  0.18148151461496451     
          78  0.13543476306484103     
          79   8.9615569584384477E-002
          80   4.4119647079402524E-002
          81  -9.6169532120489497E-004
          82  -4.5542052673313876E-002
          83  -8.9540297640381211E-002
          84 -0.13288080626456328     
          85 -0.17549353380829602     
          86 -0.21731394688444242     
          87 -0.25828282206421910     
          88 -0.29834592293667811     
          89 -0.33745356756971040     
          90 -0.37556009710099569     
          91 -0.41262325397385125     
          92 -0.44860347518718413     
          93 -0.48346310224718431     
          94 -0.51716550499223268     
          95 -0.54967411151618673     
          96 -0.58095133067536031     
          97   3.4778290587821021     
          98   3.4359742473394084     
          99   2.9775900322019169     
         100   2.9653349349253397     
         101   2.9530580403346232     
         102   2.9406267584208323     
         103   2.9278775807739259     
         104   2.9146052594577130     
         105   2.9005492241972899     
         106   2.8853778158263506     
         107   2.8686727357640778     
         108   2.8499192670538389     
         109   2.8285115077313741     
         110   2.8037826407883997     
         111   2.7750627309090579     
         112   2.7417504474604719     
         113   2.7033736931593833     
         114   2.6596232102904311     
         115   2.6103654725924987     
         116   2.5556508811263070     
         117   2.4957222195192776     
         118   2.4310133513257224     
         119   2.3621257215135381     
         120   2.2897805376764877     
         121   2.2147569316251392     
         122 -0.56861953025921452     
         123 -0.51775977889840408     
         124 -0.46508666629964496     
         125 -0.41122601220104310     
         126 -0.35672292751436580     
         127 -0.30203987652610631     
         128 -0.24756265551054413     
         129 -0.19361020713282090     
         130 -0.14044546450566497     
