          15   2.7512675092058769     
          16   2.7512675092058769     
          17   2.7512675092058769     
          18   2.7512675092058769     
          19   2.7512675092058769     
          20   2.7512675092058769     
          21   2.7512675092058769     
          22   2.7512675092058769     
          23   2.7512675092058769     
          24   2.7512675092058769     
          25   2.7512675092058769     
          26   2.7512675092058769     
          27   2.7512675092058769     
          28   2.7512675092058769     
          29   2.7512675092058769     
          30   2.7512675092058769     
          31   2.7512675092058769     
          32   2.7512675092058769     
          33   2.7512675092058769     
          34   2.7512675092058769     
          35   2.7512675092058769     
          36   2.7512675092058769     
          37   2.7512675092058769     
          38   2.7512675092058769     
          39   2.7512675092058769     
          40   2.7512675092058769     
          41   2.7512675092058769     
          42   2.7512675092058769     
          43   2.7512675092058769     
          44   2.7512675092058769     
          45   2.7512675092058769     
          46   2.7512675092058769     
          47   2.7512675092058769     
          48   2.7512675092058769     
          49   2.7512675092058769     
          50   2.7512675092058769     
          51   2.7512675092058769     
          52   2.7512675092058769     
          53   2.7512675092058769     
          54   2.7512675092058769     
          55   2.7512675092058769     
          56   2.7512675092058769     
          57   2.7512675092058769     
          58   2.7512675092058769     
          59   2.7512675092058769     
          60   2.7512675092058769     
          61   2.7512675092058769     
          62   2.7512675092058769     
          63   2.7512675092058769     
          64   2.7512675092058769     
          65   2.7512675092058769     
          66   2.7512675092058769     
          67   2.7512675092058769     
          68   2.7512675092058769     
          69   2.7512675092058769     
          70   2.7512675092058769     
          71   2.7512675092058769     
          72   2.7512675092058769     
          73   2.7512675092058769     
          74   2.7512675092058769     
          75   2.7512675092058769     
          76   2.7512675092058769     
          77   2.7512675092058769     
          78   2.7512675092058769     
          79   2.7512675092058769     
          80   2.7512675092058769     
          81   2.7512675092058769     
          82   2.7512675092058769     
          83   2.7512675092058769     
          84   2.7512675092058769     
          85   2.7512675092058769     
          86   2.7512675092058769     
          87   2.7512675092058769     
          88   2.7512675092058769     
          89   2.7512675092058769     
          90   2.7512675092058769     
          91   2.7512675092058769     
          92   2.7512675092058769     
          93   2.7512675092058769     
          94   2.7512675092058769     
          95   2.7512675092058769     
          96   2.7512675092058769     
          97   2.7512675092058769     
          98   2.7512675092058769     
          99   2.7512675092058769     
         100   2.7512675092058769     
         101   2.7512675092058769     
         102   2.7512675092058769     
         103   2.7512675092058769     
         104   2.7512675092058769     
         105   2.7512675092058769     
         106   2.7512675092058769     
         107   2.7512675092058769     
         108   2.7512675092058769     
         109   2.7512675092058769     
         110   2.7512675092058769     
         111   2.7512675092058769     
         112   2.7512675092058769     
         113   2.7512675092058769     
         114   2.7512675092058769     
         115   2.7512675092058769     
         116   2.7512675092058769     
         117   2.7512675092058769     
         118   2.7512675092058769     
         119   2.7512675092058769     
         120   2.7512675092058769     
         121   2.7512675092058769     
         122   2.7512675092058769     
         123   2.7512675092058769     
         124   2.7512675092058769     
         125   2.7512675092058769     
         126   2.7512675092058769     
         127   2.7512675092058769     
         128   2.7512675092058769     
         129   2.7512675092058769     
         130   2.7512675092058769     
