          15 -0.15198484397594569     
          16 -0.17620526147469254     
          17 -0.18472972786609915     
          18 -0.21797569613385293     
          19   1.5170786845769608     
          20  -8.3464267005111004E-002
          21 -0.11525955000200915     
          22 -0.11048341330966291     
          23 -0.12166630201714207     
          24 -0.12119123995582554     
          25 -0.12185930158233899     
          26 -0.11599699470459827     
          27 -0.11416100677545948     
          28 -0.10994917003586029     
          29 -0.10312070554303895     
          30 -0.10055192288439796     
          31  -8.8341935584577327E-002
          32  -8.0777427553454725E-002
          33  -7.3333866527939717E-002
          34  -6.4967260383723885E-002
          35  -5.5681699820135024E-002
          36  -4.6941517453870804E-002
          37  -3.6843727419412303E-002
          38  -2.5273516903084839E-002
          39  -1.2673466274571625E-002
          40  -4.3572601454212358E-005
          41   1.1363330384890517E-002
          42   2.6147693303869065E-002
          43   4.1284042360892469E-002
          44   5.7984544464383829E-002
          45   7.4462125172272103E-002
          46   9.2389686772718027E-002
          47  0.11208494295001076     
          48  0.12753689670658908     
          49  0.15299889904403496     
          50  0.17175765741213808     
          51  0.19841958764377587     
          52  0.21721156171164360     
          53  0.23914260012406974     
          54  0.26653829872721707     
          55  0.28951255708651291     
          56  0.31994351955589623     
          57  0.35405460775572906     
          58  0.37761935963579629     
          59  0.40245742352588509     
          60  0.43077146248151543     
          61  0.45453634380662694     
          62  0.48723249352921688     
          63  0.52608108281605492     
          64  0.55284719477323796     
          65  0.58547250642786852     
          66  0.61969657816664092     
          67  0.64511349374988292     
          68  0.63643594905868739     
          69  0.70902884866645255     
          70  0.80016887207587950     
          71  0.76317495266923319     
          72  0.79723638315522871     
          73  0.83087802349460549     
          74  0.86441518287988173     
          75  0.89780478539149466     
          76  0.93098543421898583     
          77  0.96389481142106603     
          78  0.99647233131470836     
          79   1.0286598833191556     
          80   1.0604021280259772     
          81   1.0916466131008116     
          82   1.1223437749278418     
          83   1.1524468472193405     
          84   1.1819116858296494     
          85   1.2106965146533488     
          86   1.2387615955175937     
          87   1.2660688227379315     
          88   1.2925812411354065     
          89   1.3182624831204641     
          90   1.3430761170772012     
          91   1.3669848946244074     
          92   1.3899498782249922     
          93   1.4119294227969392     
          94   1.4328779739232600     
          95   1.4527446297288840     
          96   1.4714713904188335     
          97   1.4889909825184680     
          98   1.5052240843216520     
          99   1.5200756693808739     
         100   1.5334299772735602     
         101   1.5451431935473208     
         102   1.5550319804477841     
         103   1.5628537580076896     
         104   1.5682688258038906     
         105   1.5707578763220249     
         106  -2.5549825665265447     
         107  -2.5132231319461131     
         108  -2.4701348227689577     
         109  -2.4252851697559352     
         110  -2.3782142102846202     
         111  -2.3284513023234354     
         112  -2.2755438218207695     
         113  -2.2190983779448623     
         114  -2.1588309270310790     
         115  -2.0946164395840730     
         116  -2.0265243951926255     
         117  -1.9548272215116045     
         118  -1.8799764950885678     
         119  -1.8025529669679514     
         120  -1.7232047773183108     
         121  -1.6425892974267009     
         122  -1.5613289323911221     
         123  -1.4799842476578406     
         124  -1.3990425714649868     
         125  -1.3189179050667934     
         126  -1.2399578698726557     
         127  -1.1624543926074504     
         128  -1.0866560364437192     
         129  -1.0127809318226699     
         130 -0.94103005991780164     
