          15   1.3718101540072941E-002
          16   1.7549157259999677E-002
          17   2.2279898709350043E-002
          18   2.7469850223896773E-002
          19   3.3619430423629214E-002
          20   4.0399124200159002E-002
          21   4.8624580458563826E-002
          22   5.7503607277338727E-002
          23   6.7397725005461859E-002
          24   7.8414674435206472E-002
          25   9.0872774214008523E-002
          26  0.10378182242114509     
          27  0.11789976803613733     
          28  0.13416499068128296     
          29  0.14861754182864109     
          30  0.16996476216629397     
          31  0.19229230794887495     
          32  0.21154455418007900     
          33  0.24823068549121968     
          34  0.25897925868706206     
          35  0.32448733413467884     
          36  0.31246173212819317     
          37  0.34315548668615020     
          38  0.37373861791608315     
          39  0.40928342779341587     
          40  0.44397494100875629     
          41  0.47718262178541787     
          42  0.51471468844866486     
          43  0.55372548388697751     
          44  0.59413902695715626     
          45  0.63586398326419047     
          46  0.67879432012499374     
          47  0.72281024981870767     
          48  0.76777962444308967     
          49  0.81355976201585800     
          50  0.85999964651005545     
          51  0.90694241706964462     
          52  0.95422804077822976     
          53   1.0016960511574582     
          54   1.0491882327347448     
          55   1.0965511394487337     
          56   1.1436383512035941     
          57   1.1903123952622849     
          58   1.2364462851297717     
          59   1.2819246558372566     
          60   1.3266444987885100     
          61   1.3705155195605008     
          62   1.4134601573681826     
          63   1.4554133147737223     
          64   1.4963218511669047     
          65   1.5361438943556156     
          66   1.5748480216642822     
          67   1.6124123573139759     
          68   1.6488236263079608     
          69   1.6840761982297745     
          70   1.7181711474160788     
          71   1.7511153495166627     
          72   1.7829206287119517     
          73   1.8136029647658654     
          74   1.8431817652554996     
          75   1.8716792047324997     
          76   1.8991196303322022     
          77   1.9255290312441586     
          78   1.9509345681980450     
          79   1.9753641582161954     
          80   1.9988461091857082     
          81   2.0214087985128271     
          82   2.0430803898732406     
          83   2.0638885819109984     
          84   2.0838603827080622     
          85   2.1030219035558191     
          86   2.1213981653048544     
          87   2.1390129102760049     
          88   2.1558884114435135     
          89   2.1720452701154089     
          90   2.1875021909617081     
          91   2.2022757209580215     
          92   2.2163799350762656     
          93   2.2298260458950869     
          94   2.2426219063961890     
          95   2.2547713635500162     
          96   2.2662734025702678     
          97   2.2771209952921256     
          98   2.2872995258464672     
          99   2.2967846033183710     
         100   2.3055389715608383     
