          15   771.16729552790389     
          16 -0.26750443236728227     
          17 -0.27420214908706086     
          18 -0.28361663079160565     
          19 -0.29884137709113684     
          20 -0.31461913967399957     
          21 -0.33709589088336250     
          22 -0.36738368383859565     
          23 -0.40302199751508766     
          24 -0.42640162669737369     
          25 -0.50247737531250347     
          26 -0.55289028995062339     
          27 -0.69128588841001615     
          28 -0.67091155673409830     
          29 -0.73633614273118575     
          30 -0.69578927900895682     
          31 -0.75020320695105436     
          32 -0.92765736970388335     
          33 -0.89565699783167363     
          34 -0.96318526947286420     
          35  -1.0305039874475665     
          36  -1.0967154691847807     
          37  -1.1612785238520082     
          38  -1.2236760068377694     
          39  -1.2834688389471349     
          40  -1.3403185872273728     
          41  -1.3940011721409362     
          42  -1.4446905572912510     
          43  -1.4922754130933571     
          44  -1.5368550012233064     
          45  -1.5784733399688049     
          46  -1.6173232273133114     
          47  -1.6535739177658904     
          48  -1.6872025566003350     
          49  -1.7187630611005449     
          50  -1.7480095462751986     
          51  -1.7753977941863839     
          52  -1.8007659625548558     
          53  -1.8244462093782157     
          54  -1.8466435868801441     
          55  -1.8673009790323054     
          56  -1.8866982858355783     
          57  -1.9049012371908562     
          58  -1.9217926291967602     
          59  -1.9375968091390092     
          60  -1.9524521889890782     
          61  -1.9663456401714576     
          62  -1.9794679592305626     
          63  -1.9918732857402790     
          64  -2.0034422694536027     
          65  -2.0143496608746476     
          66  -2.0246453396862423     
          67  -2.0342881798276271     
          68  -2.0431422859586594     
          69  -2.0519370254912741     
          70  -2.0605254033032496     
          71  -2.0679429260632300     
          72  -2.0750983819089432     
          73  -2.0820001824393368     
          74  -2.0885376505360638     
          75  -2.0947314164686559     
          76  -2.1006022905534203     
          77  -2.1061696880170975     
          78  -2.1114516009810074     
          79  -2.1164646833964755     
          80  -2.1212243435305673     
          81  -2.1257448297655723     
          82  -2.1300393072432051     
          83  -2.1341199249830223     
          84  -2.1379978733903378     
          85  -2.1416834319835973     
          86  -2.1451860068808206     
          87  -2.1485141572344642     
          88  -2.1516756092034144     
          89  -2.1546772553664244     
          90  -2.1575251364424006     
          91  -2.1602244006143407     
          92  -2.1627792336532439     
          93  -2.1651927496057763     
          94  -2.1674668267707142     
          95  -2.1696018655441374     
          96  -2.1715964316485348     
          97  -2.1734467264433137     
          98  -2.1751457885265504     
          99  -2.1766822642002990     
         100  -2.1780384608797885     
         101  -2.1791871586149116     
         102  -2.1800861671488616     
         103  -2.1806685592337813     
         104  -2.1808240522051010     
         105  -2.1803607931229232     
         106  -2.1789194847680475     
         107  -2.1757581257662615     
         108  -2.1691444563546591     
         109   3.1162578209485181     
         110   3.0057804729419431     
         111   2.8839359453114541     
         112   2.7264783112097364     
         113   2.6071293008248597     
         114   2.4827535571042407     
         115   2.3606800888696382     
         116   2.2419780587367972     
         117   2.1268989708588388     
         118   2.0154703410870396     
         119   1.9076356311652716     
         120   1.8033021842919048     
         121   1.7023613912951014     
         122   1.6046983118909037     
         123   1.5101966621348821     
         124   1.4187415571837634     
         125   1.3302210973560624     
         126   1.2445273453559216     
         127   1.1615570029050293     
         128   1.0812119917898275     
         129   1.0034001188864985     
         130  0.92803604687774521     
