          15  0.41764986348057609     
          16  0.42806013928344633     
          17  0.43386268380434334     
          18  0.44291784666675993     
          19  0.45721190801028050     
          20  0.47134178207803967     
          21  0.49142620026690309     
          22  0.52018685473779169     
          23  0.55111917647280628     
          24  0.56942719936494146     
          25  0.63922436623246648     
          26  0.68450996120659957     
          27  0.81612216489497358     
          28  0.78383098658025618     
          29  0.84335923881631891     
          30  0.78774591208590228     
          31  0.84313466937230064     
          32   1.0095737777456322     
          33  0.96653585483211379     
          34   1.0215416950707432     
          35   1.0751773841529548     
          36   1.1267903866874720     
          37   1.1754220329390765     
          38   1.2203839558510328     
          39   1.2612353596523347     
          40   1.2978058391519534     
          41   1.3301686660795125     
          42   1.3572191439351748     
          43   1.3793692428335398     
          44   1.3963249133692992     
          45   1.4085059235642494     
          46   1.4155042452597220     
          47   1.4171359706585007     
          48   1.4155053050237427     
          49   1.4057627814422808     
          50   1.3936239141725015     
          51   1.3739200408051626     
          52   1.3530173822536014     
          53   1.3269351206411975     
          54   1.2940389287100258     
          55   1.2595058451393073     
          56   1.2175353786870022     
          57   1.1696217275409466     
          58   1.1251545350322103     
          59   1.0782071816418473     
          60   1.0270634173484237     
          61  0.97749811485323657     
          62  0.92069776100582335     
          63  0.85780317640160997     
          64  0.80301018566752691     
          65  0.74413770710160798     
          66  0.68357814367641867     
          67  0.63004294778947512     
          68   3.1191059974689774     
          69   3.0855927578374676     
          70   3.0539867438603596     
          71   3.0365061821227539     
          72   3.0150501810593697     
          73   2.9956304695165534     
          74   2.9780208561182215     
          75   2.9620136286509515     
          76   2.9474273844985137     
          77   2.9341037741911808     
          78   2.9219043618966007     
          79   2.9107078858285242     
          80   2.9004078954062593     
          81   2.8909107189897565     
          82   2.8821337172576289     
          83   2.8740037813359045     
          84   2.8664560397572543     
          85   2.8594327426212134     
          86   2.8528822955750690     
          87   2.8467584195342810     
          88   2.8410194153376884     
          89   2.8356275146409184     
          90   2.8305483003542666     
          91   2.8257501811624821     
          92   2.8212039050614282     
          93   2.8168820967953421     
          94   2.8127588026418104     
          95   2.8088090234936440     
          96   2.8050082126206597     
          97   2.8013317068760175     
          98   2.7977540483764032     
          99   2.7942481340495524     
         100   2.7907840992963711     
         101   2.7873277893104405     
         102   2.7838385822175922     
         103   2.7802661686285375     
         104   2.7765455965223906     
         105   2.7725893088322056     
         106   2.7682736662699567     
         107   2.7634145278763023     
         108   2.7577183449760629     
         109   2.7506662209920787     
         110   2.7411338538397541     
         111   2.7249395025148964     
         112   2.7368801312602726     
         113   2.7055915198186251     
         114   2.6726080251091071     
         115   2.6285817291504747     
         116   2.5726451154515058     
         117   2.5069485239513765     
         118  -1.5152669591204155     
         119  -1.4153949467492566     
         120  -1.3161527290826782     
         121  -1.2185026962156604     
         122  -1.1229769988183289     
         123  -1.0298544130099716     
         124 -0.93926799585180420     
         125 -0.85126651016351684     
         126 -0.76584944738739635     
         127 -0.68298746491434958     
         128 -0.60263473374659293     
         129 -0.52473675329221559     
         130 -0.44923564704831903     
